FswTime(sec),CurrentYear(year),CurrentMonth(month),CurrentDay(day),CurrentHour(hour),CurrentMinute(min),CurrentSecond(sec),Latitude(rad),Longitude(rad),Altitude(m),RawPrimaryGenericPointData[0](),RawPrimaryGenericPointData[1](),RawPrimaryGenericPointData[2](),RawSecondaryGenericPointData[0](),RawSecondaryGenericPointData[1](),RawSecondaryGenericPointData[2](),Q_B_I[0](1),Q_B_I[1](1),Q_B_I[2](1),Q_B_I[3](1),Q_E_I[0](1),Q_E_I[1](1),Q_E_I[2](1),Q_E_I[3](1),SensedPos_I__GPS[0](m),SensedPos_I__GPS[1](m),SensedPos_I__GPS[2](m),SensedVel_I__GPS[0](m/sec),SensedVel_I__GPS[1](m/sec),SensedVel_I__GPS[2](m/sec),AttitudeError[0](rad),AttitudeError[1](rad),AttitudeError[2](rad),AngVel_B_I[0](rad/sec),AngVel_B_I[1](rad/sec),AngVel_B_I[2](rad/sec),AngVelMag_B_I(rad/sec),LastNewWheelTime__RWA_A(sec),LastNewWheelTime__RWA_B(sec),LastNewWheelTime__RWA_C(sec),SensedWheelSpeed__RWA_A(rad/sec),SensedWheelSpeed__RWA_B(rad/sec),SensedWheelSpeed__RWA_C(rad/sec),WheelCmd__RWA_A(N*m),WheelCmd__RWA_B(N*m),WheelCmd__RWA_C(N*m),DesiredWheelCommand[0](N*m),DesiredWheelCommand[1](N*m),DesiredWheelCommand[2](N*m),WheelSpeedReceived__RWA_A(1),WheelSpeedReceived__RWA_B(1),WheelSpeedReceived__RWA_C(1),WheelTorqueReceived__RWA_A(1),WheelTorqueReceived__RWA_B(1),WheelTorqueReceived__RWA_C(1),TotalTorqueRodCommand[0](A*m^2),TotalTorqueRodCommand[1](A*m^2),TotalTorqueRodCommand[2](A*m^2),Pos_I[0](m),Pos_I[1](m),Pos_I[2](m),Vel_I[0](m/sec),Vel_I[1](m/sec),Vel_I[2](m/sec),ExtrapolatedPos_I[0](m),ExtrapolatedPos_I[1](m),ExtrapolatedPos_I[2](m),ExtrapolatedVel_I[0](m/sec),ExtrapolatedVel_I[1](m/sec),ExtrapolatedVel_I[2](m/sec),SemiMajorAxis(m),Eccentricity(1),Inclination(deg),Raan(deg),ArgPerigee(deg),TrueAnomaly(deg),Mode(),TrackerValid__ST(),GpsTime__GPS(sec),GpsSeconds__GPS(msec),GpsWeek__GPS(),StateOfCharge__BAT(A*hr),PercentSoC__BAT(1),DepthOfDischarge__BAT(1),IncomingCharge__BAT(W),InEclipse(),TotalLoad__BAT(W),IMUAccMag__IMU(m/sec^2),IMUAccUnit__IMU[0](1),IMUAccUnit__IMU[1](1),IMUAccUnit__IMU[2](1),IMURate_B__IMU[0](rad/sec),IMURate_B__IMU[1](rad/sec),IMURate_B__IMU[2](rad/sec),IMURateMag__IMU(rad/sec),IMURateValid__IMU(),LastNewAccTime__IMU(sec),LastNewTrackerTime__ST(sec),TrackerRateMag__ST(rad/sec),TrackerQ_J_ST__ST[0](1),TrackerQ_J_ST__ST[1](1),TrackerQ_J_ST__ST[2](1),TrackerQ_J_ST__ST[3](1),BField_B__TAM[0](T),BField_B__TAM[1](T),BField_B__TAM[2](T),BField_MAG__TAM[0](T),BField_MAG__TAM[1](T),BField_MAG__TAM[2](T),LastNewMagTime__TAM(sec),SunBetaAngle(rad),SunUnit_B[0](1),SunUnit_B[1](1),SunUnit_B[2](1),SunSensorIsGood__MX_SN07_32(),SunSensorIsGood__MXPYPZ_SN07_29(),SunSensorIsGood__MXMYPZ_SN07_29(),SunSensorIsGood__MXMYMZ_SN07_30(),SunSensorIsGood__MXPYMZ_SN07_21(),SunSensorIsGood__PX_SN07_25(),SunSensorIsGood__MXPYPZ_SN07_34(),SunSensorIsGood__PXMYPZ_SN07_33(),SunSensorIsGood__PXMYMZ_SN07_22(),SunSensorIsGood__PXPYMZ_SN07_28(),TrackerDataIsGood__ST(),TrackerRateIsGood__ST(),MagDataIsGood__TAM(),LastNewGpsTime__GPS(sec),AngleToPrimaryTarget(rad),Variant,Run_Batch,date_loaded,date_created,UTC,Longitude(deg),Latitude(deg),TimeDelay,AttackIntensity,Scenario,Run_Batch_Variant,result_label
59,2025,10,0,12,10,14,0.677793,-0.333607,900002,51.1187,-0.876646,91.0,0.0,0.0,0.0,0.704521,0.576161,0.289589,0.296356,0.110141,-0.00124286,0.000141384,-0.993915,-5621860.0,638556.0,4578010.0,4699.77,806.084,5658.96,-0.0041173,-0.000558168,0.000907917,0.00287748,-0.00153515,0.00210216,0.00388016,59,59,59,-10.7306,3.33576,-7.75304,-0.00270858,0.00122164,-0.0018639,0.0027064,-0.00121661,0.00187056,0,0,0,0,0,0,-0.00086649,0.00145197,0.00143951,-5621860.0,638552.0,4578020.0,4700.08,805.886,5659.19,-5621860.0,638556.0,4578010.0,4699.77,806.084,5658.96,7278120.0,1.33023e-05,98.0384,-179.919,141.281,-101.843,8,1,1443355814,303014,2386,520884,0.802496,0.197504,328.25,0,0.0,0,0,0,0,0.00287748,-0.00153515,0.00210216,0.00388016,1,0,59.0,0.00345011,0.411009,-0.301981,-0.641314,-0.573233,2.10942e-05,-1.03903e-05,2.31776e-05,2.10942e-05,1.03903e-05,-2.31776e-05,59,-0.124887,-0.74731,0.00341502,-0.664466,2,0,0,2,2,0,0,0,0,0,1,1,1,59,0.00415497,10_36.0_50,Firesat_Attack_RWA,2025-08-28 20:59:17.074,2025-08-28 20:59:16.944,2071-06-24 12:09:56,-19.11427311602085,38.834678283510605,36.0,50.0,attack_rwa,Firesat_Attack_RWA_10_36.0_50,baseline
60,2025,10,0,12,10,15,0.678793,-0.333914,900000,51.1187,-0.876646,91.0,0.0,0.0,0.0,0.703714,0.577496,0.28881,0.296433,0.110177,-0.00124286,0.00014143,-0.993911,-5617140.0,639328.0,4583680.0,4705.24,805.303,5654.35,-0.00417202,-0.000342614,0.00107548,0.00286889,-0.00153967,0.0021009,0.00387491,60,60,60,-10.7006,3.34495,-7.74699,-0.00230861,0.000737021,-0.00221141,0.00230645,-0.000731848,0.00221816,0,0,0,0,0,0,-0.000868691,0.00149424,0.00146387,-5617150.0,639355.0,4583680.0,4705.89,805.21,5654.43,-5617140.0,639328.0,4583680.0,4705.24,805.303,5654.35,7278070.0,1.73472e-05,98.0383,-179.919,160.121,-120.625,8,1,1443355815,303015,2386,520912,0.802538,0.197462,328.695,0,0.0,0,0,0,0,0.00286889,-0.00153967,0.0021009,0.00387491,1,0,60.0,0.00349125,0.410795,-0.30303,-0.640213,-0.574062,2.11087e-05,-1.04317e-05,2.31745e-05,2.11087e-05,1.04317e-05,-2.31745e-05,60,-0.124889,-0.748187,0.00357315,-0.663478,2,0,0,2,2,0,0,0,0,0,1,1,1,60,0.00418607,10_36.0_50,Firesat_Attack_RWA,2025-08-28 20:59:17.074,2025-08-28 20:59:16.944,2071-06-24 12:09:57,-19.13186292033137,38.89197406302369,36.0,50.0,attack_rwa,Firesat_Attack_RWA_10_36.0_50,baseline
61,2025,10,0,12,10,16,0.679794,-0.33422,899998,51.1187,-0.876646,91.0,0.0,0.0,0.0,0.702557,0.579133,0.288361,0.296423,0.110213,-0.00124285,0.000141475,-0.993907,-5612440.0,640162.0,4589340.0,4711.08,804.612,5649.46,-0.00315526,0.000269647,0.00111999,0.00286486,-0.00155368,0.00209543,0.00387456,61,61,61,-10.6874,3.3752,-7.72538,-0.00417709,-0.000585024,-0.0022516,0.00417495,0.000590343,0.00225847,0,0,0,0,0,0,-0.00087081,0.00153694,0.00148852,-5612440.0,640150.0,4589330.0,4711.73,804.48,5649.71,-5612440.0,640162.0,4589340.0,4711.08,804.612,5649.46,7278130.0,1.65248e-05,98.0378,-179.919,132.707,-93.1519,8,1,1443355816,303016,2386,520939,0.802581,0.197419,329.143,0,0.0,0,0,0,0,0.00286486,-0.00155368,0.00209543,0.00387456,1,0,61.0,0.00410808,0.410104,-0.304377,-0.639182,-0.574992,2.11231e-05,-1.04733e-05,2.31713e-05,2.11231e-05,1.04733e-05,-2.31713e-05,61,-0.124894,-0.748807,0.00292969,-0.662781,2,0,0,2,2,0,0,0,0,0,1,1,1,61,0.00316676,10_36.0_50,Firesat_Attack_RWA,2025-08-28 20:59:17.074,2025-08-28 20:59:16.944,2071-06-24 12:09:58,-19.149395428862373,38.949327138316285,36.0,50.0,attack_rwa,Firesat_Attack_RWA_10_36.0_50,baseline
62,2025,10,0,12,10,17,0.680794,-0.334529,900000,51.1187,-0.876646,91.0,0.0,0.0,0.0,0.7016,0.580856,0.287488,0.296168,0.110249,-0.00124285,0.00014152,-0.993903,-5607740.0,640974.0,4594970.0,4717.12,803.874,5644.54,-0.00236058,-0.000151015,0.00125003,0.0028387,-0.00159158,0.00208933,0.00386738,62,62,62,-10.5924,3.45857,-7.70141,-0.00528002,0.000850884,-0.00257817,0.00527792,-0.00084544,0.00258517,0,0,0,0,0,0,-0.000872803,0.00157924,0.00151311,-5607730.0,640962.0,4594980.0,4717.51,803.867,5644.96,-5607740.0,640974.0,4594970.0,4717.12,803.874,5644.54,7278120.0,1.45362e-05,98.0382,-179.919,138.366,-98.7528,8,1,1443355817,303017,2386,520966,0.802623,0.197377,329.598,0,0.0,0,0,0,0,0.0028387,-0.00159158,0.00208933,0.00386738,1,0,62.0,0.00434238,0.409821,-0.305934,-0.637917,-0.575772,2.11378e-05,-1.05151e-05,2.31675e-05,2.11378e-05,1.05151e-05,-2.31675e-05,62,-0.124891,-0.75012,0.00249879,-0.661297,2,0,0,2,2,0,0,0,0,0,1,1,1,62,0.0023654,10_36.0_50,Firesat_Attack_RWA,2025-08-28 20:59:17.074,2025-08-28 20:59:16.944,2071-06-24 12:09:59,-19.16709982473192,39.00662291782937,36.0,50.0,attack_rwa,Firesat_Attack_RWA_10_36.0_50,baseline
63,2025,10,0,12,10,18,0.681793,-0.334839,900002,51.1187,-0.876646,91.0,0.0,0.0,0.0,0.700605,0.582435,0.28686,0.296028,0.110286,-0.00124284,0.000141566,-0.993899,-5603020.0,641769.0,4600620.0,4722.8,802.991,5640.09,-0.00164451,2.11242e-05,0.00119773,0.00279958,-0.00160365,0.00207953,0.00383846,63,63,63,-10.4492,3.48453,-7.66376,-0.00575991,0.000552723,-0.00229285,0.00575784,-0.000547173,0.00229991,0,0,0,0,0,0,-0.000874732,0.00162163,0.00153794,-5603010.0,641770.0,4600620.0,4723.27,803.24,5640.17,-5603020.0,641769.0,4600620.0,4722.8,802.991,5640.09,7278030.0,2.03587e-05,98.0384,-179.919,177.237,-137.566,8,1,1443355818,303018,2386,520994,0.802665,0.197335,330.06,0,0.0,0,0,0,0,0.00279958,-0.00160365,0.00207953,0.00383846,1,0,63.0,0.00394795,0.409366,-0.307309,-0.636833,-0.576563,2.11529e-05,-1.05575e-05,2.31631e-05,2.11529e-05,1.05575e-05,-2.31631e-05,63,-0.124888,-0.751046,0.00198534,-0.660247,2,0,0,2,2,0,0,0,0,0,1,1,1,63,0.00164465,10_36.0_50,Firesat_Attack_RWA,2025-08-28 20:59:17.074,2025-08-28 20:59:16.944,2071-06-24 12:10:00,-19.184861516380973,39.06386140156294,36.0,50.0,attack_rwa,Firesat_Attack_RWA_10_36.0_50,baseline
64,2025,10,0,12,10,19,0.682793,-0.335148,900003,51.1187,-0.876646,91.0,0.0,0.0,0.0,0.699971,0.583783,0.28595,0.295754,0.110322,-0.00124283,0.000141611,-0.993895,-5598280.0,642578.0,4606250.0,4728.57,802.608,5634.94,-0.00176776,-0.00041862,0.000946327,0.0027545,-0.00162132,0.00207285,0.00380955,64,64,64,-10.284,3.52293,-7.63766,-0.00455343,0.00148304,-0.00177962,0.0045514,-0.00147739,0.00178674,0,0,0,0,0,0,-0.000876434,0.00166413,0.0015629,-5598290.0,642573.0,4606260.0,4729.05,802.576,5635.42,-5598280.0,642578.0,4606250.0,4728.57,802.608,5634.94,7278040.0,1.91134e-05,98.0384,-179.919,177.118,-137.388,8,1,1443355819,303019,2386,521021,0.802708,0.197292,330.526,0,0.0,0,0,0,0,0.0027545,-0.00162132,0.00207285,0.00380955,1,0,64.0,0.00353453,0.409369,-0.30857,-0.635723,-0.577112,2.11682e-05,-1.06009e-05,2.31581e-05,2.11682e-05,1.06009e-05,-2.31581e-05,64,-0.124888,-0.75238,0.00187662,-0.658726,2,0,0,2,2,0,0,0,0,0,1,1,1,64,0.00181665,10_36.0_50,Firesat_Attack_RWA,2025-08-28 20:59:17.074,2025-08-28 20:59:16.944,2071-06-24 12:10:01,-19.202565912250517,39.121157181076015,36.0,50.0,attack_rwa,Firesat_Attack_RWA_10_36.0_50,baseline
65,2025,10,0,12,10,20,0.683793,-0.335457,900001,51.1187,-0.876646,91.0,0.0,0.0,0.0,0.698755,0.585499,0.285293,0.295872,0.110358,-0.00124283,0.000141656,-0.993891,-5593560.0,643369.0,4611890.0,4734.48,801.927,5630.44,-0.00077391,8.2641e-05,0.00150645,0.00272372,-0.00162186,0.00207227,0.00378727,65,65,65,-10.1718,3.52329,-7.63413,-0.00582343,0.00036467,-0.00296715,0.00582141,-0.000358891,0.00297433,0,0,0,0,0,0,-0.000877636,0.0017063,0.0015875,-5593550.0,643376.0,4611890.0,4734.85,801.917,5630.65,-5593560.0,643369.0,4611890.0,4734.48,801.927,5630.44,7278050.0,1.91667e-05,98.0385,-179.919,170.475,-130.687,8,1,1443355820,303020,2386,521049,0.80275,0.19725,330.993,0,0.0,0,0,0,0,0.00272372,-0.00162186,0.00207227,0.00378727,1,0,65.0,0.0044121,0.40875,-0.309907,-0.634488,-0.578192,2.11833e-05,-1.0645e-05,2.31526e-05,2.11833e-05,1.0645e-05,-2.31526e-05,65,-0.124888,-0.753101,0.00164369,-0.657903,2,0,0,2,2,0,0,0,0,0,1,1,1,65,0.00077831,10_36.0_50,Firesat_Attack_RWA,2025-08-28 20:59:17.074,2025-08-28 20:59:16.944,2071-06-24 12:10:02,-19.220270308120057,39.1784529605891,36.0,50.0,attack_rwa,Firesat_Attack_RWA_10_36.0_50,baseline
66,2025,10,0,12,10,21,0.684793,-0.335766,900002,51.1187,-0.876646,91.0,0.0,0.0,0.0,0.698251,0.586685,0.284431,0.295543,0.110394,-0.00124282,0.000141701,-0.993887,-5588820.0,644170.0,4617500.0,4740.42,801.186,5625.39,-0.00121936,-0.000311035,0.000962505,0.002678,-0.00164344,0.00205761,0.00375584,66,66,66,-10.0043,3.57039,-7.57845,-0.00404623,0.00133256,-0.00177815,0.00404426,-0.00132669,0.0017854,0,0,0,0,0,0,-0.000878892,0.00174908,0.0016127,-5588820.0,644174.0,4617520.0,4740.62,801.224,5625.87,-5588820.0,644170.0,4617500.0,4740.42,801.186,5625.39,7278010.0,2.26349e-05,98.0383,-179.919,181.808,-141.962,8,1,1443355821,303021,2386,521077,0.802793,0.197207,331.464,0,0.0,0,0,0,0,0.002678,-0.00164344,0.00205761,0.00375584,1,0,66.0,0.00316929,0.408831,-0.311067,-0.633493,-0.578603,2.11985e-05,-1.06899e-05,2.31467e-05,2.11985e-05,1.06899e-05,-2.31467e-05,66,-0.12489,-0.754415,0.00152656,-0.656396,2,0,0,2,2,0,0,0,0,0,1,1,1,66,0.0012584,10_36.0_50,Firesat_Attack_RWA,2025-08-28 20:59:17.074,2025-08-28 20:59:16.944,2071-06-24 12:10:03,-19.2379747039896,39.23574874010218,36.0,50.0,attack_rwa,Firesat_Attack_RWA_10_36.0_50,baseline
67,2025,10,0,12,10,22,0.685792,-0.336076,899996,51.1187,-0.876646,91.0,0.0,0.0,0.0,0.697434,0.588018,0.283525,0.295695,0.110431,-0.00124282,0.000141747,-0.993883,-5584050.0,644975.0,4623130.0,4745.92,800.739,5620.58,-0.00139255,-9.70393e-05,0.00141919,0.00265344,-0.00164749,0.00205705,0.00373984,67,67,67,-9.91515,3.57855,-7.57503,-0.00305357,0.000604104,-0.00270899,0.00305162,-0.000598111,0.00271631,0,0,0,0,0,0,-0.000879997,0.00179161,0.00163791,-5584070.0,644973.0,4623130.0,4746.4,800.548,5621.05,-5584050.0,644975.0,4623130.0,4745.92,800.739,5620.58,7277940.0,3.28544e-05,98.0383,-179.919,183.494,-143.59,8,1,1443355822,303022,2386,521104,0.802835,0.197165,331.937,0,0.0,0,0,0,0,0.00265344,-0.00164749,0.00205705,0.00373984,1,0,67.0,0.00362751,0.408681,-0.312072,-0.632281,-0.579492,2.12137e-05,-1.07355e-05,2.31404e-05,2.12137e-05,1.07355e-05,-2.31404e-05,67,-0.12489,-0.755336,0.00198456,-0.655335,2,0,0,2,2,0,0,0,0,0,1,1,1,67,0.00139592,10_36.0_50,Firesat_Attack_RWA,2025-08-28 20:59:17.074,2025-08-28 20:59:16.944,2071-06-24 12:10:04,-19.255736395638653,39.29298722383575,36.0,50.0,attack_rwa,Firesat_Attack_RWA_10_36.0_50,baseline
68,2025,10,0,12,10,23,0.686793,-0.336387,899987,51.1187,-0.876646,91.0,0.0,0.0,0.0,0.696435,0.589852,0.282742,0.295143,0.110467,-0.00124281,0.000141792,-0.993879,-5579300.0,645788.0,4628750.0,4751.74,799.873,5616.03,-0.000184294,-0.000716087,0.00114351,0.00264062,-0.00166443,0.00204537,0.00373186,68,68,68,-9.86945,3.61537,-7.53041,-0.0051423,0.00192043,-0.00200467,0.00514039,-0.00191433,0.0020121,0,0,0,0,0,0,-0.000880691,0.0018335,0.00166268,-5579310.0,645776.0,4628750.0,4752.25,799.897,5616.27,-5579300.0,645788.0,4628750.0,4751.74,799.873,5616.03,7278020.0,3.01082e-05,98.0384,-179.919,157.515,-117.552,8,1,1443355823,303023,2386,521132,0.802878,0.197122,332.413,0,0.0,0,0,0,0,0.00264062,-0.00166443,0.00204537,0.00373186,1,0,68.0,0.00459595,0.408311,-0.313892,-0.631068,-0.580093,2.12289e-05,-1.07815e-05,2.31337e-05,2.12289e-05,1.07815e-05,-2.31337e-05,68,-0.124889,-0.756812,0.000985666,-0.653632,2,0,0,2,2,0,0,0,0,0,1,1,1,68,0.000739422,10_36.0_50,Firesat_Attack_RWA,2025-08-28 20:59:17.074,2025-08-28 20:59:16.944,2071-06-24 12:10:05,-19.273555383067222,39.35034029912835,36.0,50.0,attack_rwa,Firesat_Attack_RWA_10_36.0_50,baseline
69,2025,10,0,12,10,24,0.687794,-0.336699,899985,51.1187,-0.876646,91.0,0.0,0.0,0.0,0.695531,0.591349,0.281982,0.295007,0.110503,-0.00124281,0.000141837,-0.993875,-5574560.0,646572.0,4634390.0,4757.24,799.105,5611.22,0.000213632,-0.000660275,0.00117674,0.0026032,-0.00165736,0.00204181,0.00370034,69,69,69,-9.73262,3.59882,-7.51592,-0.00497268,0.00164973,-0.00198692,0.00497078,-0.00164352,0.00199438,0,0,0,0,0,0,-0.000881525,0.00187512,0.00168767,-5574550.0,646579.0,4634370.0,4758.05,799.256,5611.5,-5574560.0,646572.0,4634390.0,4757.24,799.105,5611.22,7278100.0,2.75229e-05,98.0386,-179.919,135.952,-95.9311,8,1,1443355824,303024,2386,521160,0.802921,0.197079,332.889,0,0.0,0,0,0,0,0.0026032,-0.00165736,0.00204181,0.00370034,1,0,69.0,0.00382299,0.408007,-0.315196,-0.629926,-0.58084,2.1244e-05,-1.08279e-05,2.31269e-05,2.1244e-05,1.08279e-05,-2.31269e-05,69,-0.124887,-0.757849,0.000752104,-0.652429,2,0,0,2,2,0,0,0,0,0,1,1,1,69,0.000693976,10_36.0_50,Firesat_Attack_RWA,2025-08-28 20:59:17.074,2025-08-28 20:59:16.944,2071-06-24 12:10:06,-19.291431666275308,39.407693374420944,36.0,50.0,attack_rwa,Firesat_Attack_RWA_10_36.0_50,baseline
70,2025,10,0,12,10,25,0.688794,-0.33701,899995,51.1187,-0.876646,91.0,0.0,0.0,0.0,0.694562,0.592761,0.281151,0.295249,0.110539,-0.0012428,0.000141883,-0.993871,-5569800.0,647370.0,4639980.0,4763.52,798.518,5606.43,0.000313242,-0.000164718,0.0018114,0.00256723,-0.00165618,0.00203821,0.00367259,70,70,70,-9.60121,3.59536,-7.50122,-0.00456894,0.000342667,-0.00345714,0.00456706,-0.000336353,0.00346464,0,0,0,0,0,0,-0.000882059,0.00191732,0.00171292,-5569800.0,647375.0,4639980.0,4763.77,798.56,5606.76,-5569800.0,647370.0,4639980.0,4763.52,798.518,5606.43,7278140.0,1.8571e-05,98.0383,-179.919,127.64,-87.5608,8,1,1443355825,303025,2386,521187,0.802963,0.197037,333.363,0,0.0,0,0,0,0,0.00256723,-0.00165618,0.00203821,0.00367259,1,0,70.0,0.00383775,0.407691,-0.316214,-0.62869,-0.581847,2.12586e-05,-1.08752e-05,2.31199e-05,2.12586e-05,1.08752e-05,-2.31199e-05,70,-0.12489,-0.758602,0.00116993,-0.651553,2,0,0,2,2,0,0,0,0,0,1,1,1,70,0.00035391,10_36.0_50,Firesat_Attack_RWA,2025-08-28 20:59:17.074,2025-08-28 20:59:16.944,2071-06-24 12:10:07,-19.309250653703877,39.46498915393403,36.0,50.0,attack_rwa,Firesat_Attack_RWA_10_36.0_50,baseline
71,2025,10,0,12,10,26,0.689794,-0.337321,899992,51.1187,-0.876646,91.0,0.0,0.0,0.0,0.693856,0.594039,0.280676,0.294793,0.110576,-0.0012428,0.000141928,-0.993867,-5565020.0,648159.0,4645570.0,4768.63,797.772,5601.31,0.000521023,-5.6086e-05,0.000833506,0.00253652,-0.00167904,0.00201757,0.00365016,71,71,71,-9.48927,3.64536,-7.42342,-0.00438345,0.000317879,-0.00125037,0.00438163,-0.00031149,0.00125797,0,0,0,0,0,0,-0.000882315,0.00195929,0.00173807,-5565030.0,648169.0,4645580.0,4769.51,797.866,5601.92,-5565020.0,648159.0,4645560.0,4768.63,797.772,5601.31,7278050.0,2.44021e-05,98.0382,-179.919,156.393,-116.255,8,1,1443355826,303026,2386,521215,0.803006,0.196994,333.84,0,0.0,0,0,0,0,0.00253652,-0.00167904,0.00201757,0.00365016,1,0,71.0,0.00320171,0.407385,-0.317522,-0.627896,-0.582207,2.12734e-05,-1.0923e-05,2.31125e-05,2.12734e-05,1.0923e-05,-2.31125e-05,71,-0.124892,-0.759615,0.000294259,-0.650373,2,0,0,2,2,0,0,0,0,0,1,1,1,71,0.000524033,10_36.0_50,Firesat_Attack_RWA,2025-08-28 20:59:17.074,2025-08-28 20:59:16.944,2071-06-24 12:10:08,-19.327069641132443,39.52228493344711,36.0,50.0,attack_rwa,Firesat_Attack_RWA_10_36.0_50,baseline
72,2025,10,0,12,10,27,0.690793,-0.337633,899987,51.1187,-0.876646,91.0,0.0,0.0,0.0,0.692951,0.595704,0.27978,0.294414,0.110612,-0.00124279,0.000141973,-0.993863,-5560270.0,648989.0,4651190.0,4774.59,797.308,5596.77,0.00121081,-0.000544051,0.000802429,0.00250827,-0.00170251,0.00202298,0.00364451,72,72,72,-9.38645,3.69671,-7.44211,-0.00484929,0.00144824,-0.00117497,0.00484751,-0.00144173,0.00118267,0,0,0,0,0,0,-0.000882393,0.0020016,0.00176351,-5560260.0,648966.0,4651180.0,4775.28,797.189,5597.08,-5560270.0,648989.0,4651190.0,4774.59,797.308,5596.77,7278000.0,3.13326e-05,98.0382,-179.919,161.737,-121.541,8,1,1443355827,303027,2386,521243,0.803049,0.196951,334.323,0,0.0,0,0,0,0,0.00250827,-0.00170251,0.00202298,0.00364451,1,0,72.0,0.004261,0.407157,-0.319103,-0.626643,-0.582851,2.12885e-05,-1.09713e-05,2.31045e-05,2.12885e-05,1.09713e-05,-2.31045e-05,72,-0.124892,-0.761022,-0.00017521,-0.648726,2,0,0,2,2,0,0,0,0,0,1,1,1,72,0.00132742,10_36.0_50,Firesat_Attack_RWA,2025-08-28 20:59:17.074,2025-08-28 20:59:16.944,2071-06-24 12:10:09,-19.344945924340525,39.579523417180674,36.0,50.0,attack_rwa,Firesat_Attack_RWA_10_36.0_50,baseline
73,2025,10,0,12,10,28,0.691794,-0.337946,899995,51.1187,-0.876646,91.0,0.0,0.0,0.0,0.692198,0.596907,0.278703,0.294768,0.110648,-0.00124279,0.000142019,-0.993859,-5555490.0,649762.0,4656780.0,4780.58,796.581,5591.99,0.000553435,-0.000211374,0.00165489,0.00247387,-0.0017051,0.00202886,0.00362542,73,73,73,-9.26087,3.70163,-7.46258,-0.00293594,0.000730995,-0.00325742,0.00293416,-0.000724363,0.00326517,0,0,0,0,0,0,-0.000882457,0.0020435,0.00178906,-5555480.0,649771.0,4656780.0,4781.0,796.577,5592.31,-5555490.0,649762.0,4656780.0,4780.58,796.581,5591.99,7278070.0,2e-05,98.0385,-179.919,153.939,-113.685,8,1,1443355828,303028,2386,521271,0.803092,0.196908,334.809,0,0.0,0,0,0,0,0.00247387,-0.0017051,0.00202886,0.00362542,1,0,73.0,0.0036331,0.407158,-0.319886,-0.625329,-0.583832,2.13034e-05,-1.10206e-05,2.30959e-05,2.13034e-05,1.10206e-05,-2.30959e-05,73,-0.124888,-0.761902,0.00090225,-0.647692,2,0,0,2,2,0,0,0,0,0,1,1,1,73,0.000592426,10_36.0_50,Firesat_Attack_RWA,2025-08-28 20:59:17.074,2025-08-28 20:59:16.944,2071-06-24 12:10:10,-19.36287950332812,39.63687649247327,36.0,50.0,attack_rwa,Firesat_Attack_RWA_10_36.0_50,baseline
74,2025,10,0,12,10,29,0.692793,-0.338258,899995,51.1187,-0.876646,91.0,0.0,0.0,0.0,0.691248,0.598256,0.278283,0.29466,0.110684,-0.00124278,0.000142064,-0.993855,-5550720.0,650557.0,4662340.0,4786.24,795.954,5586.83,0.000980895,0.000512816,0.00129109,0.00246244,-0.00172145,0.00201041,0.00361507,74,74,74,-9.22032,3.73717,-7.39289,-0.00364015,-0.000593422,-0.0023645,0.00363843,0.000600146,0.00237237,0,0,0,0,0,0,-0.000882341,0.0020851,0.00181454,-5550700.0,650563.0,4662370.0,4786.71,795.872,5587.47,-5550720.0,650557.0,4662340.0,4786.24,795.954,5586.83,7278000.0,2.67149e-05,98.0383,-179.919,174.14,-133.827,8,1,1443355829,303029,2386,521299,0.803135,0.196865,335.296,0,0.0,0,0,0,0,0.00246244,-0.00172145,0.00201041,0.00361507,1,0,74.0,0.00341065,0.406621,-0.321052,-0.62444,-0.584517,2.13183e-05,-1.10703e-05,2.30871e-05,2.13183e-05,1.10703e-05,-2.30871e-05,74,-0.124891,-0.762533,0.000350316,-0.646949,2,0,0,2,2,0,0,0,0,0,1,1,1,74,0.00110686,10_36.0_50,Firesat_Attack_RWA,2025-08-28 20:59:17.074,2025-08-28 20:59:16.944,2071-06-24 12:10:11,-19.3807557865362,39.69411497620684,36.0,50.0,attack_rwa,Firesat_Attack_RWA_10_36.0_50,baseline
75,2025,10,0,12,10,30,0.693791,-0.338571,899995,51.1187,-0.876646,91.0,0.0,0.0,0.0,0.690601,0.599657,0.277289,0.294264,0.11072,-0.00124278,0.000142109,-0.993851,-5545930.0,651364.0,4667950.0,4791.89,795.064,5582.15,0.000943359,-8.88935e-05,0.00107133,0.00244318,-0.00176245,0.0020025,0.00361737,75,75,75,-9.15084,3.82751,-7.36224,-0.00293323,0.00115012,-0.00171408,0.00293159,-0.00114329,0.00172209,0,0,0,0,0,0,-0.000881773,0.00212715,0.00184011,-5545920.0,651357.0,4667940.0,4792.4,795.188,5582.59,-5545930.0,651364.0,4667950.0,4791.89,795.064,5582.15,7277850.0,4.3987e-05,98.0383,-179.919,192.428,-152.058,8,1,1443355830,303030,2386,521327,0.803178,0.196822,335.791,0,0.0,0,0,0,0,0.00244318,-0.00176245,0.0020025,0.00361737,1,0,75.0,0.00375559,0.406661,-0.322427,-0.623255,-0.584996,2.13337e-05,-1.11201e-05,2.30777e-05,2.13337e-05,1.11201e-05,-2.30777e-05,75,-0.124891,-0.764027,0.000209818,-0.645185,2,0,0,2,2,0,0,0,0,0,1,1,1,75,0.000947538,10_36.0_50,Firesat_Attack_RWA,2025-08-28 20:59:17.074,2025-08-28 20:59:16.944,2071-06-24 12:10:12,-19.3986893655238,39.7512961641609,36.0,50.0,attack_rwa,Firesat_Attack_RWA_10_36.0_50,baseline
76,2025,10,0,12,10,31,0.694791,-0.338885,900001,51.1187,-0.876646,91.0,0.0,0.0,0.0,0.69004,0.600927,0.276097,0.294111,0.110757,-0.00124277,0.000142155,-0.993847,-5541140.0,652149.0,4673530.0,4797.77,794.34,5577.6,0.000362373,-0.000631369,0.00130469,0.00243178,-0.00177156,0.00200191,0.00361381,76,76,76,-9.11042,3.84695,-7.35873,-0.00150311,0.00221553,-0.00229308,0.0015015,-0.00220857,0.0023012,0,0,0,0,0,0,-0.000881063,0.00216826,0.00186538,-5541130.0,652154.0,4673530.0,4798.09,794.531,5577.78,-5541140.0,652149.0,4673530.0,4797.77,794.34,5577.6,7277850.0,4.20841e-05,98.0384,-179.919,199.812,-159.383,8,1,1443355831,303031,2386,521355,0.803221,0.196779,336.292,0,0.0,0,0,0,0,0.00243178,-0.00177156,0.00200191,0.00361381,1,0,76.0,0.00367337,0.406885,-0.323556,-0.621956,-0.585599,2.13494e-05,-1.11702e-05,2.30677e-05,2.13494e-05,1.11702e-05,-2.30677e-05,76,-0.12489,-0.765486,0.000765198,-0.643452,2,0,0,2,2,0,0,0,0,0,1,1,1,76,0.00072797,10_36.0_50,Firesat_Attack_RWA,2025-08-28 20:59:17.074,2025-08-28 20:59:16.944,2071-06-24 12:10:13,-19.4166802402909,39.80859194367398,36.0,50.0,attack_rwa,Firesat_Attack_RWA_10_36.0_50,baseline
77,2025,10,0,12,10,32,0.695791,-0.339199,900005,51.1187,-0.876646,91.0,0.0,0.0,0.0,0.689317,0.602158,0.275463,0.293883,0.110793,-0.00124277,0.0001422,-0.993843,-5536340.0,652939.0,4679100.0,4803.23,794.079,5572.49,0.000288739,-0.000369565,0.000846515,0.0024374,-0.00176125,0.00199448,0.00360844,77,77,77,-9.13301,3.82326,-7.32988,-0.00150656,0.00124385,-0.00139671,0.00150497,-0.00123677,0.00140492,0,0,0,0,0,0,-0.000880241,0.00220921,0.00189064,-5536330.0,652945.0,4679100.0,4803.8,793.835,5572.96,-5536340.0,652939.0,4679100.0,4803.23,794.079,5572.49,7277850.0,4.18996e-05,98.0383,-179.919,-155.538,-163.975,8,1,1443355832,303032,2386,521383,0.803264,0.196736,336.791,0,0.0,0,0,0,0,0.0024374,-0.00176125,0.00199448,0.00360844,1,0,77.0,0.00315751,0.406657,-0.324695,-0.621022,-0.586119,2.13648e-05,-1.12203e-05,2.30579e-05,2.13648e-05,1.12203e-05,-2.30579e-05,77,-0.124892,-0.766433,0.000463192,-0.642324,2,0,0,2,2,0,0,0,0,0,1,1,1,77,0.000468987,10_36.0_50,Firesat_Attack_RWA,2025-08-28 20:59:17.074,2025-08-28 20:59:16.944,2071-06-24 12:10:14,-19.43467111505801,39.865887723187065,36.0,50.0,attack_rwa,Firesat_Attack_RWA_10_36.0_50,baseline
78,2025,10,0,12,10,33,0.69679,-0.339512,900004,51.1187,-0.876646,91.0,0.0,0.0,0.0,0.688393,0.603621,0.274884,0.29359,0.110829,-0.00124276,0.000142245,-0.993839,-5531520.0,653722.0,4684670.0,4809.08,792.999,5567.78,0.000845539,-0.000124256,0.000482876,0.00244328,-0.00176888,0.00199766,0.0036179,78,78,78,-9.15664,3.83943,-7.34031,-0.00270487,0.000607505,-0.000853053,0.00270329,-0.000600269,0.00086139,0,0,0,0,0,0,-0.000879286,0.00225082,0.00191625,-5531530.0,653734.0,4684670.0,4809.51,793.129,5568.11,-5531520.0,653722.0,4684670.0,4809.08,792.999,5567.78,7277810.0,4.685e-05,98.0381,-179.919,-154.31,-165.144,8,1,1443355833,303033,2386,521411,0.803308,0.196692,337.29,0,0.0,0,0,0,0,0.00244328,-0.00176888,0.00199766,0.0036179,1,0,78.0,0.0036952,0.406232,-0.326061,-0.620018,-0.586718,2.13798e-05,-1.12703e-05,2.30483e-05,2.13798e-05,1.12703e-05,-2.30483e-05,78,-0.124895,-0.767397,-0.000171639,-0.641173,2,0,0,2,2,0,0,0,0,0,1,1,1,78,0.00085462,10_36.0_50,Firesat_Attack_RWA,2025-08-28 20:59:17.074,2025-08-28 20:59:16.944,2071-06-24 12:10:15,-19.452604694045604,39.92312620692064,36.0,50.0,attack_rwa,Firesat_Attack_RWA_10_36.0_50,baseline
79,2025,10,0,12,10,34,0.69779,-0.339826,900000,51.1187,-0.876646,91.0,0.0,0.0,0.0,0.687318,0.60524,0.273738,0.293848,0.110865,-0.00124276,0.000142291,-0.993835,-5526710.0,654520.0,4690240.0,4815.1,792.545,5562.95,0.00116217,9.55487e-06,0.00174366,0.002435,-0.00178824,0.00200729,0.00362716,79,79,79,-9.12781,3.88168,-7.37465,-0.00312794,0.000486197,-0.00369761,0.00312638,-0.000478812,0.00370607,0,0,0,0,0,0,-0.000878157,0.00229206,0.00194175,-5526710.0,654522.0,4690240.0,4815.26,792.417,5563.26,-5526710.0,654520.0,4690240.0,4815.1,792.545,5562.95,7277830.0,4.45794e-05,98.0378,-179.919,199.738,-159.134,8,1,1443355834,303034,2386,521439,0.803351,0.196649,337.791,0,0.0,0,0,0,0,0.002435,-0.00178824,0.00200729,0.00362716,1,0,79.0,0.00454226,0.406008,-0.327239,-0.618462,-0.587858,2.13948e-05,-1.13205e-05,2.30386e-05,2.13948e-05,1.13205e-05,-2.30386e-05,79,-0.124898,-0.768437,0.000596203,-0.639925,2,0,0,2,2,0,0,0,0,0,1,1,1,79,0.00116221,10_36.0_50,Firesat_Attack_RWA,2025-08-28 20:59:17.074,2025-08-28 20:59:16.944,2071-06-24 12:10:16,-19.470595568812715,39.98042198643372,36.0,50.0,attack_rwa,Firesat_Attack_RWA_10_36.0_50,baseline
80,2025,10,0,12,10,35,0.69879,-0.340142,899997,51.1187,-0.876646,91.0,0.0,0.0,0.0,0.686798,0.60646,0.272789,0.293429,0.110902,-0.00124275,0.000142336,-0.993831,-5521870.0,655329.0,4695800.0,4820.37,791.917,5557.94,0.000745252,-0.000458977,0.00129335,0.00242159,-0.00181009,0.00198328,0.00361579,80,80,80,-9.07995,3.92945,-7.28439,-0.00193528,0.00148014,-0.00237934,0.00193381,-0.00147269,0.00238794,0,0,0,0,0,0,-0.000877021,0.00233333,0.00196751,-5521890.0,655315.0,4695800.0,4820.99,791.75,5558.41,-5521870.0,655329.0,4695800.0,4820.37,791.917,5557.94,7277860.0,4.14949e-05,98.0379,-179.919,194.982,-154.32,8,1,1443355835,303035,2386,521467,0.803395,0.196605,338.297,0,0.0,0,0,0,0,0.00242159,-0.00181009,0.00198328,0.00361579,1,0,80.0,0.0033667,0.406126,-0.328479,-0.617387,-0.588214,2.14099e-05,-1.13708e-05,2.30285e-05,2.14099e-05,1.13708e-05,-2.30285e-05,80,-0.124897,-0.76987,0.000519775,-0.6382,2,0,0,2,2,0,0,0,0,0,1,1,1,80,0.000875249,10_36.0_50,Firesat_Attack_RWA,2025-08-28 20:59:17.074,2025-08-28 20:59:16.944,2071-06-24 12:10:17,-19.48870103513885,40.0377177659468,36.0,50.0,attack_rwa,Firesat_Attack_RWA_10_36.0_50,baseline
81,2025,10,0,12,10,36,0.69979,-0.34046,899993,51.1187,-0.876646,91.0,0.0,0.0,0.0,0.68613,0.607743,0.271884,0.293177,0.110938,-0.00124275,0.000142381,-0.993827,-5517070.0,656138.0,4701350.0,4826.14,791.19,5553.08,0.000525059,-0.000606677,0.00114879,0.00242214,-0.0018133,0.00197439,0.0036129,81,81,81,-9.08379,3.93583,-7.25009,-0.00155304,0.00166439,-0.0020939,0.00155162,-0.00165681,0.0021026,0,0,0,0,0,0,-0.000875331,0.00237479,0.00199306,-5517060.0,656116.0,4701350.0,4826.75,791.135,5553.56,-5517070.0,656138.0,4701350.0,4826.14,791.19,5553.08,7277930.0,3.44068e-05,98.0383,-179.919,183.694,-142.974,8,1,1443355836,303036,2386,521496,0.803438,0.196562,338.806,0,0.0,0,0,0,0,0.00242214,-0.0018133,0.00197439,0.0036129,1,0,81.0,0.00344979,0.406099,-0.329674,-0.616263,-0.588744,2.14253e-05,-1.1421e-05,2.30182e-05,2.14253e-05,1.1421e-05,-2.30182e-05,81,-0.124892,-0.771105,0.00055118,-0.636708,2,0,0,2,2,0,0,0,0,0,1,1,1,81,0.000802337,10_36.0_50,Firesat_Attack_RWA,2025-08-28 20:59:17.074,2025-08-28 20:59:16.944,2071-06-24 12:10:18,-19.50692109302401,40.09501354545988,36.0,50.0,attack_rwa,Firesat_Attack_RWA_10_36.0_50,baseline
82,2025,10,0,12,10,37,0.700789,-0.340777,899994,51.1187,-0.876646,91.0,0.0,0.0,0.0,0.685344,0.609169,0.271022,0.292856,0.110974,-0.00124274,0.000142426,-0.993823,-5512230.0,656900.0,4706910.0,4831.8,790.44,5548.45,0.000706719,-0.00078923,0.00101251,0.00242753,-0.00181346,0.00196909,0.00361371,82,82,82,-9.10557,3.93542,-7.22912,-0.00192502,0.00194043,-0.00177599,0.00192362,-0.00193272,0.00178481,0,0,0,0,0,0,-0.000873461,0.0024162,0.00201857,-5512230.0,656914.0,4706900.0,4832.43,790.507,5548.67,-5512230.0,656900.0,4706910.0,4831.8,790.44,5548.45,7277890.0,3.93372e-05,98.0387,-179.919,189.526,-148.748,8,1,1443355837,303037,2386,521524,0.803482,0.196518,339.314,0,0.0,0,0,0,0,0.00242753,-0.00181346,0.00196909,0.00361371,1,0,82.0,0.00374005,0.405949,-0.331026,-0.615105,-0.589299,2.14404e-05,-1.1471e-05,2.30081e-05,2.14404e-05,1.1471e-05,-2.30081e-05,82,-0.124888,-0.772364,0.00033266,-0.63518,2,0,0,2,2,0,0,0,0,0,1,1,1,82,0.0010594,10_36.0_50,Firesat_Attack_RWA,2025-08-28 20:59:17.074,2025-08-28 20:59:16.944,2071-06-24 12:10:19,-19.52508385512965,40.15225202919345,36.0,50.0,attack_rwa,Firesat_Attack_RWA_10_36.0_50,baseline
83,2025,10,0,12,10,38,0.701789,-0.341092,899997,51.1187,-0.876646,91.0,0.0,0.0,0.0,0.684577,0.610551,0.270201,0.29253,0.11101,-0.00124274,0.000142472,-0.993818,-5507410.0,657704.0,4712460.0,4837.58,789.863,5543.4,0.000827531,-0.000899987,0.000788053,0.0024284,-0.00180934,0.00196738,0.00361129,83,83,83,-9.11064,3.92551,-7.22141,-0.00213222,0.00180307,-0.00140054,0.00213084,-0.00179522,0.00140946,0,0,0,0,0,0,-0.000871354,0.00245771,0.00204407,-5507400.0,657699.0,4712450.0,4838.11,789.792,5543.83,-5507410.0,657704.0,4712460.0,4837.58,789.863,5543.4,7277900.0,3.6813e-05,98.0384,-179.919,192.821,-151.984,8,1,1443355838,303038,2386,521552,0.803525,0.196475,339.82,0,0.0,0,0,0,0,0.0024284,-0.00180934,0.00196738,0.00361129,1,0,83.0,0.0036214,0.405791,-0.332345,-0.613993,-0.589824,2.14551e-05,-1.15209e-05,2.29982e-05,2.14551e-05,1.15209e-05,-2.29982e-05,83,-0.124891,-0.773579,8.47026e-05,-0.6337,2,0,0,2,2,0,0,0,0,0,1,1,1,83,0.00122261,10_36.0_50,Firesat_Attack_RWA,2025-08-28 20:59:17.074,2025-08-28 20:59:16.944,2071-06-24 12:10:20,-19.543132025676275,40.20954780870653,36.0,50.0,attack_rwa,Firesat_Attack_RWA_10_36.0_50,baseline
84,2025,10,0,12,10,39,0.702788,-0.341409,900005,51.1187,-0.876646,91.0,0.0,0.0,0.0,0.683681,0.611892,0.269355,0.292602,0.111047,-0.00124273,0.000142517,-0.993814,-5502580.0,658477.0,4718000.0,4843.34,789.014,5538.6,0.00081912,-0.000454554,0.00119892,0.00242673,-0.00180781,0.00197001,0.00361084,84,84,84,-9.10628,3.92136,-7.2298,-0.00211238,0.000694813,-0.0024575,0.00211101,-0.000686824,0.00246651,0,0,0,0,0,0,-0.000869321,0.0024989,0.00206965,-5502570.0,658489.0,4718000.0,4843.74,789.113,5538.97,-5502580.0,658477.0,4718000.0,4843.34,789.014,5538.6,7277870.0,3.93652e-05,98.0384,-179.919,-154.809,-164.296,8,1,1443355839,303039,2386,521580,0.803569,0.196431,340.324,0,0.0,0,0,0,0,0.00242673,-0.00180781,0.00197001,0.00361084,1,0,84.0,0.00364647,0.405543,-0.333403,-0.612786,-0.590653,2.14695e-05,-1.15708e-05,2.29885e-05,2.14695e-05,1.15708e-05,-2.29885e-05,84,-0.124891,-0.774447,0.000409973,-0.632638,2,0,0,2,2,0,0,0,0,0,1,1,1,84,0.000936791,10_36.0_50,Firesat_Attack_RWA,2025-08-28 20:59:17.074,2025-08-28 20:59:16.944,2071-06-24 12:10:21,-19.561294787781925,40.266786292440095,36.0,50.0,attack_rwa,Firesat_Attack_RWA_10_36.0_50,baseline
85,2025,10,0,12,10,40,0.703788,-0.341727,900006,51.1187,-0.876646,91.0,0.0,0.0,0.0,0.683087,0.61303,0.268645,0.292261,0.111083,-0.00124273,0.000142562,-0.99381,-5497700.0,659310.0,4723540.0,4849.04,788.249,5533.46,0.000464698,-0.000357536,0.000597791,0.00242543,-0.00182705,0.00196024,0.00361433,85,85,85,-9.10327,3.96339,-7.19229,-0.0013069,0.000262249,-0.00114744,0.0013056,-0.000254146,0.0011566,0,0,0,0,0,0,-0.000867024,0.00254017,0.00209522,-5497720.0,659277.0,4723530.0,4849.42,788.431,5534.09,-5497700.0,659310.0,4723540.0,4849.04,788.249,5533.46,7277860.0,4.02545e-05,98.0384,-179.919,-153.21,-165.837,8,1,1443355840,303040,2386,521609,0.803612,0.196388,340.83,0,0.0,0,0,0,0,0.00242543,-0.00182705,0.00196024,0.00361433,1,0,85.0,0.00301122,0.405464,-0.334531,-0.611864,-0.591026,2.14838e-05,-1.16208e-05,2.29788e-05,2.14838e-05,1.16208e-05,-2.29788e-05,85,-0.124892,-0.775543,0.000170119,-0.631295,2,0,0,2,2,0,0,0,0,0,1,1,1,85,0.000586324,10_36.0_50,Firesat_Attack_RWA,2025-08-28 20:59:17.074,2025-08-28 20:59:16.944,2071-06-24 12:10:22,-19.579514845667084,40.32408207195318,36.0,50.0,attack_rwa,Firesat_Attack_RWA_10_36.0_50,baseline
86,2025,10,0,12,10,41,0.704788,-0.342046,900001,51.1187,-0.876646,91.0,0.0,0.0,0.0,0.682281,0.614592,0.267525,0.291889,0.111119,-0.00124272,0.000142608,-0.993806,-5492860.0,660049.0,4729070.0,4854.7,787.564,5528.85,0.00072546,-0.000973653,0.000816805,0.00243354,-0.00185303,0.00196569,0.0036359,86,86,86,-9.13519,4.02039,-7.2111,-0.00199446,0.0022232,-0.00185175,0.00199321,-0.00221493,0.0018611,0,0,0,0,0,0,-0.000864415,0.00258163,0.00212082,-5492860.0,660075.0,4729070.0,4855.17,787.817,5529.22,-5492860.0,660049.0,4729070.0,4854.7,787.564,5528.85,7277970.0,2.70012e-05,98.0388,-179.918,191.881,-150.87,8,1,1443355841,303041,2386,521637,0.803656,0.196344,341.341,0,0.0,0,0,0,0,0.00243354,-0.00185303,0.00196569,0.0036359,1,0,86.0,0.00423488,0.405446,-0.336024,-0.610484,-0.591618,2.14983e-05,-1.16706e-05,2.29688e-05,2.14983e-05,1.16706e-05,-2.29688e-05,86,-0.124887,-0.777097,0.000177622,-0.629381,2,0,0,2,2,0,0,0,0,0,1,1,1,86,0.0012142,10_36.0_50,Firesat_Attack_RWA,2025-08-28 20:59:17.074,2025-08-28 20:59:16.944,2071-06-24 12:10:23,-19.59779219933176,40.38137785146626,36.0,50.0,attack_rwa,Firesat_Attack_RWA_10_36.0_50,baseline
87,2025,10,0,12,10,42,0.705788,-0.342363,900003,51.1187,-0.876646,91.0,0.0,0.0,0.0,0.681423,0.615883,0.266891,0.291752,0.111155,-0.00124272,0.000142653,-0.993802,-5488010.0,660857.0,4734600.0,4860.13,786.932,5523.9,0.000836046,-0.000452759,0.000649388,0.0024337,-0.00184495,0.00196293,0.00363041,87,87,87,-9.1376,4.00172,-7.19953,-0.00218917,0.000615092,-0.00158991,0.00218794,-0.000606692,0.00159934,0,0,0,0,0,0,-0.000861626,0.00262278,0.00214628,-5488000.0,660852.0,4734590.0,4860.83,787.061,5524.33,-5488010.0,660857.0,4734600.0,4860.13,786.932,5523.9,7277950.0,2.84164e-05,98.0383,-179.919,196.768,-155.698,8,1,1443355842,303042,2386,521666,0.8037,0.1963,341.853,0,0.0,0,0,0,0,0.0024337,-0.00184495,0.00196293,0.00363041,1,0,87.0,0.00336066,0.405107,-0.33716,-0.609473,-0.592245,2.15126e-05,-1.17204e-05,2.29588e-05,2.15126e-05,1.17204e-05,-2.29588e-05,87,-0.124893,-0.777933,-2.03865e-05,-0.628347,2,0,0,2,2,0,0,0,0,0,1,1,1,87,0.00095077,10_36.0_50,Firesat_Attack_RWA,2025-08-28 20:59:17.074,2025-08-28 20:59:16.944,2071-06-24 12:10:24,-19.615954961437403,40.43867363097935,36.0,50.0,attack_rwa,Firesat_Attack_RWA_10_36.0_50,baseline
88,2025,10,0,12,10,43,0.706787,-0.342681,900006,51.1187,-0.876646,91.0,0.0,0.0,0.0,0.680708,0.617247,0.265795,0.29154,0.111192,-0.00124271,0.000142698,-0.993798,-5483140.0,661637.0,4740130.0,4865.88,786.373,5518.84,0.000639097,-0.000753969,0.000910018,0.00243149,-0.00186573,0.00196311,0.00363963,88,88,88,-9.13119,4.0472,-7.19886,-0.00164367,0.00142374,-0.00218665,0.00164248,-0.0014152,0.00219623,0,0,0,0,0,0,-0.000858504,0.00266348,0.00217139,-5483140.0,661640.0,4740120.0,4866.48,786.387,5519.45,-5483140.0,661637.0,4740130.0,4865.88,786.373,5518.84,7277960.0,2.62646e-05,98.0384,-179.919,-156.77,-162.102,8,1,1443355843,303043,2386,521694,0.803744,0.196256,342.366,0,0.0,0,0,0,0,0.00243149,-0.00186573,0.00196311,0.00363963,1,0,88.0,0.00380302,0.405149,-0.338399,-0.608165,-0.592854,2.15268e-05,-1.17703e-05,2.29488e-05,2.15268e-05,1.17703e-05,-2.29488e-05,88,-0.124892,-0.779293,0.000308272,-0.62666,2,0,0,2,2,0,0,0,0,0,1,1,1,88,0.00098839,10_36.0_50,Firesat_Attack_RWA,2025-08-28 20:59:17.074,2025-08-28 20:59:16.944,2071-06-24 12:10:25,-19.63417501932257,40.49591211471292,36.0,50.0,attack_rwa,Firesat_Attack_RWA_10_36.0_50,baseline
89,2025,10,0,12,10,44,0.707787,-0.343,900010,51.1187,-0.876646,91.0,0.0,0.0,0.0,0.67983,0.618606,0.264989,0.291442,0.111228,-0.00124271,0.000142744,-0.993794,-5478270.0,662426.0,4745640.0,4871.51,785.723,5514.03,0.000743848,-0.000418509,0.00106725,0.00243551,-0.00187217,0.00195604,0.00364181,89,89,89,-9.14789,4.06081,-7.1713,-0.00204,0.000607011,-0.0025912,0.00203886,-0.000598348,0.00260091,0,0,0,0,0,0,-0.000855184,0.00270442,0.00219664,-5478270.0,662425.0,4745640.0,4872.14,785.693,5514.58,-5478270.0,662426.0,4745640.0,4871.51,785.723,5514.03,7278010.0,1.90302e-05,98.0383,-179.919,-152.337,-166.476,8,1,1443355844,303044,2386,521723,0.803788,0.196212,342.882,0,0.0,0,0,0,0,0.00243551,-0.00187217,0.00195604,0.00364181,1,0,89.0,0.00362101,0.404892,-0.339568,-0.607001,-0.593553,2.15411e-05,-1.182e-05,2.29387e-05,2.15411e-05,1.182e-05,-2.29387e-05,89,-0.124894,-0.780259,0.000367223,-0.625457,2,0,0,2,2,0,0,0,0,0,1,1,1,89,0.000853498,10_36.0_50,Firesat_Attack_RWA,2025-08-28 20:59:17.074,2025-08-28 20:59:16.944,2071-06-24 12:10:26,-19.65245237298724,40.553207894226,36.0,50.0,attack_rwa,Firesat_Attack_RWA_10_36.0_50,baseline
90,2025,10,0,12,10,45,0.708786,-0.343319,900009,51.1187,-0.876646,91.0,0.0,0.0,0.0,0.679082,0.619858,0.26416,0.291277,0.111264,-0.0012427,0.000142789,-0.99379,-5473410.0,663201.0,4751150.0,4877.14,785.116,5509.05,0.00056564,-0.000193981,0.00103736,0.0024352,-0.00189354,0.0019443,0.00364637,90,90,90,-9.1486,4.10762,-7.12645,-0.00162395,0.000437871,-0.00239902,0.00162289,-0.000429099,0.00240889,0,0,0,0,0,0,-0.000851735,0.00274577,0.00222216,-5473400.0,663210.0,4751150.0,4877.8,785.003,5509.66,-5473410.0,663201.0,4751150.0,4877.14,785.116,5509.05,7277980.0,2.34408e-05,98.0383,-179.919,-152.209,-166.546,8,1,1443355845,303045,2386,521751,0.803832,0.196168,343.401,0,0.0,0,0,0,0,0.0024352,-0.00189354,0.0019443,0.00364637,1,0,90.0,0.00337171,0.404756,-0.340689,-0.605893,-0.594136,2.15554e-05,-1.18696e-05,2.29285e-05,2.15554e-05,1.18696e-05,-2.29285e-05,90,-0.124894,-0.781299,0.000457334,-0.624156,2,0,0,2,2,0,0,0,0,0,1,1,1,90,0.000597977,10_36.0_50,Firesat_Attack_RWA,2025-08-28 20:59:17.074,2025-08-28 20:59:16.944,2071-06-24 12:10:27,-19.67072972665191,40.61044637795957,36.0,50.0,attack_rwa,Firesat_Attack_RWA_10_36.0_50,baseline
91,2025,10,0,12,10,46,0.709785,-0.343638,900010,51.1187,-0.876646,91.0,0.0,0.0,0.0,0.678152,0.621439,0.263137,0.291001,0.1113,-0.00124269,0.000142834,-0.993786,-5468530.0,663987.0,4756650.0,4882.99,784.196,5504.21,0.00100566,-0.000452938,0.00138259,0.00243971,-0.00191862,0.00193466,0.00365735,91,91,91,-9.16714,4.16268,-7.08941,-0.00265184,0.00121655,-0.00308644,0.00265087,-0.00120766,0.00309648,0,0,0,0,0,0,-0.000848109,0.00278683,0.00224757,-5468520.0,663990.0,4756660.0,4883.43,784.288,5504.73,-5468530.0,663987.0,4756650.0,4882.99,784.196,5504.21,7277920.0,3.08641e-05,98.0381,-179.919,-148.147,-170.551,8,1,1443355846,303046,2386,521780,0.803876,0.196124,343.924,0,0.0,0,0,0,0,0.00243971,-0.00191862,0.00193466,0.00365735,1,0,91.0,0.00423567,0.404581,-0.342142,-0.604522,-0.594817,2.15701e-05,-1.19189e-05,2.2918e-05,2.15701e-05,1.19189e-05,-2.2918e-05,91,-0.124896,-0.782645,0.000455711,-0.622469,2,0,0,2,2,0,0,0,0,0,1,1,1,91,0.00110296,10_36.0_50,Firesat_Attack_RWA,2025-08-28 20:59:17.074,2025-08-28 20:59:16.944,2071-06-24 12:10:28,-19.689007080316586,40.66768486169314,36.0,50.0,attack_rwa,Firesat_Attack_RWA_10_36.0_50,baseline
92,2025,10,0,12,10,47,0.710784,-0.343959,900008,51.1187,-0.876646,91.0,0.0,0.0,0.0,0.677307,0.623032,0.262254,0.29036,0.111336,-0.00124269,0.00014288,-0.993782,-5463640.0,664784.0,4762150.0,4888.65,783.627,5499.4,0.00162961,-0.00101531,0.00102458,0.00243231,-0.00192956,0.00191701,0.00364887,92,92,92,-9.14154,4.18634,-7.02261,-0.00366938,0.00219231,-0.00209771,0.00366849,-0.00218333,0.00210787,0,0,0,0,0,0,-0.000844029,0.00282803,0.00227283,-5463640.0,664774.0,4762150.0,4889.07,783.601,5499.77,-5463630.0,664784.0,4762150.0,4888.65,783.627,5499.4,7277840.0,4.1919e-05,98.0381,-179.919,-148.951,-169.688,8,1,1443355847,303047,2386,521809,0.80392,0.19608,344.452,0,0.0,0,0,0,0,0.00243231,-0.00192956,0.00191701,0.00364887,1,0,92.0,0.00421516,0.404395,-0.343814,-0.603314,-0.595206,2.1585e-05,-1.1968e-05,2.29072e-05,2.1585e-05,1.1968e-05,-2.29072e-05,92,-0.124896,-0.784184,-0.000208736,-0.620529,2,0,0,2,2,0,0,0,0,0,1,1,1,92,0.00192002,10_36.0_50,Firesat_Attack_RWA,2025-08-28 20:59:17.074,2025-08-28 20:59:16.944,2071-06-24 12:10:29,-19.707399025540283,40.7249233454267,36.0,50.0,attack_rwa,Firesat_Attack_RWA_10_36.0_50,baseline
93,2025,10,0,12,10,48,0.711783,-0.34428,900005,51.1187,-0.876646,91.0,0.0,0.0,0.0,0.67651,0.624302,0.261592,0.290087,0.111373,-0.00124268,0.000142925,-0.993778,-5458750.0,665563.0,4767640.0,4894.23,783.097,5494.16,0.00168908,-0.000644292,0.000697477,0.00241267,-0.00192221,0.00191078,0.00362863,93,93,93,-9.07059,4.1693,-6.99819,-0.00336676,0.00111359,-0.00146524,0.0033659,-0.00110453,0.00147545,0,0,0,0,0,0,-0.000840298,0.00286855,0.00229827,-5458750.0,665562.0,4767650.0,4894.72,782.944,5494.83,-5458750.0,665563.0,4767640.0,4894.23,783.097,5494.16,7277840.0,4.31369e-05,98.0384,-179.919,-152.03,-166.551,8,1,1443355848,303048,2386,521837,0.803965,0.196035,344.978,0,0.0,0,0,0,0,0.00241267,-0.00192221,0.00191078,0.00362863,1,0,93.0,0.00332351,0.404121,-0.345011,-0.602314,-0.595711,2.15997e-05,-1.20172e-05,2.28964e-05,2.15997e-05,1.20172e-05,-2.28964e-05,93,-0.124894,-0.785149,-0.000499003,-0.619307,2,0,0,2,2,0,0,0,0,0,1,1,1,93,0.00180779,10_36.0_50,Firesat_Attack_RWA,2025-08-28 20:59:17.074,2025-08-28 20:59:16.944,2071-06-24 12:10:30,-19.72579097076398,40.78216182916028,36.0,50.0,attack_rwa,Firesat_Attack_RWA_10_36.0_50,baseline
94,2025,10,0,12,10,49,0.712782,-0.344601,900005,51.1187,-0.876646,91.0,0.0,0.0,0.0,0.675654,0.62549,0.26076,0.290273,0.111409,-0.00124268,0.00014297,-0.993774,-5453850.0,666338.0,4773150.0,4900.06,782.179,5489.66,0.00137033,0.000156761,0.0011998,0.00239652,-0.00193494,0.00191208,0.00362538,94,94,94,-9.01259,4.19693,-7.00167,-0.00227063,-0.00040777,-0.0025633,0.00226981,0.000416943,0.00257361,0,0,0,0,0,0,-0.000836287,0.00290902,0.00232367,-5453850.0,666344.0,4773140.0,4900.36,782.254,5489.89,-5453850.0,666338.0,4773150.0,4900.06,782.179,5489.66,7277810.0,4.62278e-05,98.0384,-179.919,-151.481,-167.041,8,1,1443355849,303049,2386,521866,0.804009,0.195991,345.504,0,0.0,0,0,0,0,0.00239652,-0.00193494,0.00191208,0.00362538,1,0,94.0,0.00338793,0.403898,-0.345877,-0.601142,-0.596544,2.16143e-05,-1.20668e-05,2.28855e-05,2.16143e-05,1.20668e-05,-2.28855e-05,94,-0.124894,-0.785852,9.55789e-05,-0.618414,2,0,0,2,2,0,0,0,0,0,1,1,1,94,0.00137926,10_36.0_50,Firesat_Attack_RWA,2025-08-28 20:59:17.074,2025-08-28 20:59:16.944,2071-06-24 12:10:31,-19.74418291598768,40.83940031289384,36.0,50.0,attack_rwa,Firesat_Attack_RWA_10_36.0_50,baseline
95,2025,10,0,12,10,50,0.713781,-0.344923,900009,51.1187,-0.876646,91.0,0.0,0.0,0.0,0.67534,0.626703,0.259087,0.289882,0.111445,-0.00124267,0.000143016,-0.99377,-5448950.0,667142.0,4778630.0,4905.49,781.706,5484.52,0.000219764,-0.00118343,0.00167982,0.00239313,-0.00197615,0.00190023,0.00363911,95,95,95,-9.00185,4.28787,-6.9564,7.25458e-05,0.00274844,-0.00345711,-7.32422e-05,-0.00273916,0.00346763,0,0,0,0,0,0,-0.000831829,0.00294998,0.00234918,-5448950.0,667126.0,4778630.0,4905.98,781.562,5484.98,-5448950.0,667142.0,4778630.0,4905.49,781.706,5484.52,7277840.0,4.27128e-05,98.0383,-179.919,-147.484,-170.98,8,1,1443355850,303050,2386,521895,0.804053,0.195947,346.037,0,0.0,0,0,0,0,0.00239313,-0.00197615,0.00190023,0.00363911,1,0,95.0,0.00425316,0.4046,-0.347096,-0.599592,-0.59692,2.16292e-05,-1.21165e-05,2.2874e-05,2.16292e-05,1.21165e-05,-2.2874e-05,95,-0.124894,-0.787881,0.00118745,-0.615826,2,0,0,2,2,0,0,0,0,0,1,1,1,95,0.00120366,10_36.0_50,Firesat_Attack_RWA,2025-08-28 20:59:17.074,2025-08-28 20:59:16.944,2071-06-24 12:10:32,-19.762632156990893,40.89663879662741,36.0,50.0,attack_rwa,Firesat_Attack_RWA_10_36.0_50,baseline
96,2025,10,0,12,10,51,0.714781,-0.345246,900008,51.1187,-0.876646,91.0,0.0,0.0,0.0,0.674257,0.628065,0.258996,0.28954,0.111481,-0.00124267,0.000143061,-0.993766,-5444020.0,667900.0,4784110.0,4911.11,780.89,5479.69,0.00112495,2.30347e-06,0.000776494,0.00241768,-0.00195937,0.00187767,0.00363455,96,96,96,-9.09459,4.2499,-6.87149,-0.00225137,-0.000168223,-0.00133423,0.00225072,0.000177608,0.00134486,0,0,0,0,0,0,-0.000827323,0.0029904,0.00237448,-5444040.0,667912.0,4784110.0,4911.63,780.907,5480.03,-5444020.0,667900.0,4784110.0,4911.11,780.89,5479.69,7277870.0,3.84994e-05,98.0385,-179.919,-149.813,-168.593,8,1,1443355851,303051,2386,521924,0.804098,0.195902,346.571,0,0.0,0,0,0,0,0.00241768,-0.00195937,0.00187767,0.00363455,1,0,96.0,0.0035524,0.403765,-0.348407,-0.598895,-0.597421,2.16442e-05,-1.21656e-05,2.28626e-05,2.16442e-05,1.21656e-05,-2.28626e-05,96,-0.124892,-0.788361,-7.99232e-05,-0.615212,2,0,0,2,2,0,0,0,0,0,1,1,1,96,0.00112495,10_36.0_50,Firesat_Attack_RWA,2025-08-28 20:59:17.074,2025-08-28 20:59:16.944,2071-06-24 12:10:33,-19.78113869377362,40.9539345761405,36.0,50.0,attack_rwa,Firesat_Attack_RWA_10_36.0_50,baseline
97,2025,10,0,12,10,52,0.71578,-0.345567,900001,51.1187,-0.876646,91.0,0.0,0.0,0.0,0.673502,0.629427,0.25763,0.289558,0.111518,-0.00124266,0.000143106,-0.993762,-5439120.0,668681.0,4789570.0,4916.86,780.152,5474.87,0.000694926,-0.000240649,0.00177448,0.00241505,-0.00199602,0.00188011,0.00365396,97,97,97,-9.08668,4.33072,-6.87914,-0.00145806,0.000939011,-0.00363757,0.0014575,-0.000929486,0.0036484,0,0,0,0,0,0,-0.000822509,0.00303125,0.00239985,-5439120.0,668687.0,4789590.0,4917.3,780.176,5475.07,-5439120.0,668681.0,4789570.0,4916.86,780.152,5474.87,7277870.0,3.87442e-05,98.0383,-179.919,-159.342,-159.006,8,1,1443355852,303052,2386,521953,0.804142,0.195858,347.107,0,0.0,0,0,0,0,0.00241505,-0.00199602,0.00188011,0.00365396,1,0,97.0,0.00414239,0.40393,-0.349513,-0.597343,-0.598216,2.16593e-05,-1.22143e-05,2.28513e-05,2.16593e-05,1.22143e-05,-2.28513e-05,97,-0.124895,-0.789722,0.000974837,-0.613464,2,0,0,2,2,0,0,0,0,0,1,1,1,97,0.000735414,10_36.0_50,Firesat_Attack_RWA,2025-08-28 20:59:17.074,2025-08-28 20:59:16.944,2071-06-24 12:10:34,-19.79953063899732,41.01117305987406,36.0,50.0,attack_rwa,Firesat_Attack_RWA_10_36.0_50,baseline
98,2025,10,0,12,10,53,0.716778,-0.34589,899999,51.1187,-0.876646,91.0,0.0,0.0,0.0,0.672765,0.630583,0.257297,0.289051,0.111554,-0.00124266,0.000143151,-0.993758,-5434220.0,669474.0,4795050.0,4922.35,779.305,5469.57,0.000833919,0.000367995,0.000658186,0.0024219,-0.00201335,0.00185573,0.00365553,98,98,98,-9.11385,4.36859,-6.78744,-0.00172638,-0.000207742,-0.000933859,0.00172594,0.000217345,0.00094486,0,0,0,0,0,0,-0.000817638,0.00307197,0.00242531,-5434200.0,669465.0,4795050.0,4922.88,779.475,5470.05,-5434220.0,669474.0,4795050.0,4922.35,779.305,5469.57,7277730.0,5.86356e-05,98.0383,-179.919,-155.422,-162.868,8,1,1443355853,303053,2386,521982,0.804187,0.195813,347.648,0,0.0,0,0,0,0,0.0024219,-0.00201335,0.00185573,0.00365553,1,0,98.0,0.00299715,0.403518,-0.35075,-0.596648,-0.598464,2.16748e-05,-1.22627e-05,2.28395e-05,2.16748e-05,1.22627e-05,-2.28395e-05,98,-0.124895,-0.790566,9.8614e-06,-0.612377,2,0,0,2,2,0,0,0,0,0,1,1,1,98,0.000911505,10_36.0_50,Firesat_Attack_RWA,2025-08-28 20:59:17.074,2025-08-28 20:59:16.944,2071-06-24 12:10:35,-19.81803717578004,41.068354247828125,36.0,50.0,attack_rwa,Firesat_Attack_RWA_10_36.0_50,baseline
99,2025,10,0,12,10,54,0.717777,-0.346214,900001,51.1187,-0.876646,91.0,0.0,0.0,0.0,0.671925,0.632034,0.256279,0.28874,0.11159,-0.00124265,0.000143197,-0.993754,-5429270.0,670251.0,4800510.0,4927.52,778.648,5464.79,0.00100098,0.000197093,0.000883726,0.00242532,-0.00205155,0.00186273,0.0036825,99,99,99,-9.12837,4.45286,-6.812,-0.00214574,0.000571044,-0.00170466,0.00214538,-0.000561277,0.00171588,0,0,0,0,0,0,-0.000812374,0.003113,0.00245077,-5429280.0,670248.0,4800520.0,4928.47,778.81,5465.08,-5429270.0,670251.0,4800510.0,4927.52,778.648,5464.79,7277680.0,6.44022e-05,98.0385,-179.919,-152.514,-165.717,8,1,1443355854,303054,2386,522011,0.804232,0.195768,348.197,0,0.0,0,0,0,0,0.00242532,-0.00205155,0.00186273,0.0036825,1,0,99.0,0.0039721,0.403413,-0.352117,-0.595332,-0.599042,2.16908e-05,-1.23109e-05,2.28274e-05,2.16908e-05,1.23109e-05,-2.28274e-05,99,-0.124893,-0.791892,8.86873e-05,-0.610662,2,0,0,2,2,0,0,0,0,0,1,1,1,99,0.0010202,10_36.0_50,Firesat_Attack_RWA,2025-08-28 20:59:17.074,2025-08-28 20:59:16.944,2071-06-24 12:10:36,-19.836601008342285,41.12559273156169,36.0,50.0,attack_rwa,Firesat_Attack_RWA_10_36.0_50,baseline
100,2025,10,0,12,10,55,0.718776,-0.346538,899997,51.1187,-0.876646,91.0,0.0,0.0,0.0,0.671317,0.633549,0.254982,0.287981,0.111626,-0.00124265,0.000143242,-0.993749,-5424340.0,671020.0,4806000.0,4933.51,777.999,5459.84,0.00102659,-0.00105701,0.000767478,0.00242385,-0.00207534,0.00186089,0.00369391,100,100,100,-9.12471,4.5051,-6.80379,-0.00195669,0.00344588,-0.0014356,0.00195641,-0.00343598,0.00144699,0,0,0,0,0,0,-0.000807035,0.00315366,0.00247624,-5424340.0,671027.0,4805980.0,4934.12,778.118,5460.12,-5424340.0,671020.0,4806000.0,4933.51,777.998,5459.84,7277740.0,5.67518e-05,98.0385,-179.919,-157.53,-160.643,8,1,1443355855,303055,2386,522040,0.804276,0.195724,348.752,0,0.0,0,0,0,0,0.00242385,-0.00207534,0.00186089,0.00369391,1,0,100.0,0.00443832,0.403659,-0.353794,-0.593921,-0.599289,2.17071e-05,-1.23591e-05,2.28148e-05,2.17071e-05,1.23591e-05,-2.28148e-05,100,-0.124893,-0.793881,-1.56328e-05,-0.608073,2,0,0,2,2,0,0,0,0,0,1,1,1,100,0.00147349,10_36.0_50,Firesat_Attack_RWA,2025-08-28 20:59:17.074,2025-08-28 20:59:16.944,2071-06-24 12:10:37,-19.85516484090452,41.18283121529526,36.0,50.0,attack_rwa,Firesat_Attack_RWA_10_36.0_50,baseline
101,2025,10,0,12,10,56,0.719776,-0.346861,900003,51.1187,-0.876646,91.0,0.0,0.0,0.0,0.670368,0.634811,0.25433,0.287989,0.111663,-0.00124264,0.000143287,-0.993745,-5419420.0,671789.0,4811450.0,4938.96,777.52,5454.76,0.0011171,-0.000147346,0.00093626,0.00242411,-0.00204697,0.00186169,0.00367863,101,101,101,-9.12749,4.44142,-6.80538,-0.00226888,0.000870945,-0.00204991,0.00226858,-0.000860912,0.00206133,0,0,0,0,0,0,-0.000801255,0.00319425,0.0025014,-5419410.0,671800.0,4811450.0,4939.72,777.39,5455.21,-5419420.0,671789.0,4811450.0,4938.96,777.52,5454.76,7277830.0,4.39295e-05,98.0382,-179.919,-153.971,-164.144,8,1,1443355856,303056,2386,522069,0.804321,0.195679,349.304,0,0.0,0,0,0,0,0.00242411,-0.00204697,0.00186169,0.00367863,1,0,101.0,0.00341636,0.403256,-0.354823,-0.592842,-0.600019,2.1723e-05,-1.24074e-05,2.28024e-05,2.1723e-05,1.24074e-05,-2.28024e-05,101,-0.124897,-0.794556,6.5513e-05,-0.607191,2,0,0,2,2,0,0,0,0,0,1,1,1,101,0.00112677,10_36.0_50,Firesat_Attack_RWA,2025-08-28 20:59:17.074,2025-08-28 20:59:16.944,2071-06-24 12:10:38,-19.873671377687245,41.24012699480834,36.0,50.0,attack_rwa,Firesat_Attack_RWA_10_36.0_50,baseline
102,2025,10,0,12,10,57,0.720775,-0.347185,900004,51.1187,-0.876646,91.0,0.0,0.0,0.0,0.669466,0.636289,0.253313,0.287722,0.111699,-0.00124264,0.000143333,-0.993741,-5414450.0,672575.0,4816900.0,4944.73,776.759,5449.69,0.00137354,-0.000211362,0.00129028,0.00242103,-0.00206599,0.00185546,0.00368408,102,102,102,-9.11787,4.48307,-6.78087,-0.00275046,0.000933809,-0.00281575,0.00275024,-0.000923665,0.00282732,0,0,0,0,0,0,-0.000795618,0.00323466,0.00252676,-5414470.0,672572.0,4816900.0,4945.3,776.664,5450.23,-5414450.0,672575.0,4816900.0,4944.73,776.759,5449.69,7277810.0,4.74237e-05,98.038,-179.919,-151.574,-166.483,8,1,1443355857,303057,2386,522098,0.804366,0.195634,349.854,0,0.0,0,0,0,0,0.00242103,-0.00206599,0.00185546,0.00368408,1,0,102.0,0.00405106,0.4031,-0.356187,-0.591492,-0.600648,2.17385e-05,-1.24556e-05,2.27902e-05,2.17385e-05,1.24556e-05,-2.27902e-05,102,-0.124899,-0.795826,0.000194921,-0.605526,2,0,0,2,2,0,0,0,0,0,1,1,1,102,0.00138971,10_36.0_50,Firesat_Attack_RWA,2025-08-28 20:59:17.074,2025-08-28 20:59:16.944,2071-06-24 12:10:39,-19.89223521024949,41.29736547854191,36.0,50.0,attack_rwa,Firesat_Attack_RWA_10_36.0_50,baseline
103,2025,10,0,12,10,58,0.721775,-0.34751,899998,51.1187,-0.876646,91.0,0.0,0.0,0.0,0.668939,0.637726,0.252016,0.286904,0.111735,-0.00124263,0.000143378,-0.993737,-5409510.0,673362.0,4822340.0,4950.35,775.954,5444.54,0.00121802,-0.00150022,0.00103598,0.00241234,-0.00208355,0.00184011,0.00368057,103,103,103,-9.08748,4.52147,-6.72264,-0.00224245,0.00368874,-0.00213809,0.00224234,-0.00367852,0.00214981,0,0,0,0,0,0,-0.000789769,0.00327551,0.00255237,-5409510.0,673351.0,4822350.0,4950.95,775.986,5445.23,-5409510.0,673362.0,4822340.0,4950.35,775.954,5444.54,7277830.0,4.46818e-05,98.0381,-179.919,199.963,-157.961,8,1,1443355858,303058,2386,522127,0.804411,0.195589,350.408,0,0.0,0,0,0,0,0.00241234,-0.00208355,0.00184011,0.00368057,1,0,103.0,0.00433374,0.403412,-0.357834,-0.590127,-0.600803,2.17543e-05,-1.25038e-05,2.27777e-05,2.17543e-05,1.25038e-05,-2.27777e-05,103,-0.124898,-0.797842,9.10439e-05,-0.602867,2,0,0,2,2,0,0,0,0,0,1,1,1,103,0.00193242,10_36.0_50,Firesat_Attack_RWA,2025-08-28 20:59:17.074,2025-08-28 20:59:16.944,2071-06-24 12:10:40,-19.91085633859124,41.354661258055,36.0,50.0,attack_rwa,Firesat_Attack_RWA_10_36.0_50,baseline
104,2025,10,0,12,10,59,0.722773,-0.347837,899995,51.1187,-0.876646,91.0,0.0,0.0,0.0,0.668185,0.638848,0.251265,0.286824,0.111771,-0.00124263,0.000143423,-0.993733,-5404550.0,674132.0,4827780.0,4955.69,775.373,5439.91,0.000867788,-0.000812259,0.00105362,0.00240961,-0.00205099,0.0018326,0.00365666,104,104,104,-9.07919,4.44847,-6.6934,-0.00148225,0.00135854,-0.00217837,0.00148213,-0.00134822,0.00219009,0,0,0,0,0,0,-0.00078367,0.00331629,0.00257785,-5404560.0,674131.0,4827790.0,4956.54,775.32,5440.22,-5404550.0,674132.0,4827780.0,4955.69,775.373,5439.91,7277810.0,4.81824e-05,98.0384,-179.919,198.838,-156.778,8,1,1443355859,303059,2386,522156,0.804456,0.195544,350.957,0,0.0,0,0,0,0,0.00240961,-0.00205099,0.0018326,0.00365666,1,0,104.0,0.00309698,0.403225,-0.358799,-0.589079,-0.601381,2.17697e-05,-1.25519e-05,2.27655e-05,2.17697e-05,1.25519e-05,-2.27655e-05,104,-0.124895,-0.798667,0.000318737,-0.601773,2,0,0,2,2,0,0,0,0,0,1,1,1,104,0.00118862,10_36.0_50,Firesat_Attack_RWA,2025-08-28 20:59:17.074,2025-08-28 20:59:16.944,2071-06-24 12:10:41,-19.929592058492016,41.41184244600905,36.0,50.0,attack_rwa,Firesat_Attack_RWA_10_36.0_50,baseline
105,2025,10,0,12,11,0,0.723772,-0.348163,899991,51.1187,-0.876646,91.0,0.0,0.0,0.0,0.667606,0.639933,0.25061,0.286326,0.111808,-0.00124262,0.000143469,-0.993729,-5399600.0,674905.0,4833220.0,4961.46,774.689,5434.77,0.000507822,-0.000586364,0.000277137,0.00241595,-0.0020609,0.00182463,0.00366243,105,105,105,-9.1045,4.4699,-6.66248,-0.000835846,0.000981639,-0.00057772,0.000835796,-0.000971192,0.000589587,0,0,0,0,0,0,-0.00077754,0.0033566,0.00260313,-5399590.0,674906.0,4833220.0,4962.15,774.624,5435.21,-5399600.0,674905.0,4833220.0,4961.46,774.689,5434.77,7277810.0,4.9417e-05,98.0384,-179.919,194.751,-152.632,8,1,1443355860,303060,2386,522186,0.804501,0.195499,351.503,0,0.0,0,0,0,0,0.00241595,-0.0020609,0.00182463,0.00366243,1,0,105.0,0.00295865,0.403127,-0.359973,-0.588211,-0.601595,2.17846e-05,-1.25999e-05,2.27538e-05,2.17846e-05,1.25999e-05,-2.27538e-05,105,-0.124895,-0.799775,-8.33655e-05,-0.6003,2,0,0,2,2,0,0,0,0,0,1,1,1,105,0.000775697,10_36.0_50,Firesat_Attack_RWA,2025-08-28 20:59:17.074,2025-08-28 20:59:16.944,2071-06-24 12:10:42,-19.94827048261328,41.46908092974262,36.0,50.0,attack_rwa,Firesat_Attack_RWA_10_36.0_50,baseline
106,2025,10,0,12,11,1,0.724771,-0.348489,899995,51.1187,-0.876646,91.0,0.0,0.0,0.0,0.666571,0.641529,0.249642,0.28601,0.111844,-0.00124262,0.000143514,-0.993725,-5394640.0,675687.0,4838650.0,4967.12,773.629,5429.63,0.0011428,-0.000600037,0.000668596,0.0024299,-0.00207865,0.0018354,0.00368699,106,106,106,-9.15799,4.50875,-6.70101,-0.00237918,0.00108111,-0.00173771,0.00237917,-0.00107046,0.00174977,0,0,0,0,0,0,-0.000771506,0.0033969,0.00262867,-5394630.0,675681.0,4838650.0,4967.7,773.928,5430.21,-5394640.0,675687.0,4838650.0,4967.12,773.629,5429.63,7277770.0,5.3085e-05,98.0384,-179.919,-159.639,-158.185,8,1,1443355861,303061,2386,522215,0.804546,0.195454,352.05,0,0.0,0,0,0,0,0.0024299,-0.00207865,0.0018354,0.00368699,1,0,106.0,0.00431556,0.402835,-0.361462,-0.586824,-0.602252,2.17996e-05,-1.26476e-05,2.2742e-05,2.17996e-05,1.26476e-05,-2.2742e-05,106,-0.124895,-0.80103,-0.000148939,-0.598625,2,0,0,2,2,0,0,0,0,0,1,1,1,106,0.00129075,10_36.0_50,Firesat_Attack_RWA,2025-08-28 20:59:17.074,2025-08-28 20:59:16.944,2071-06-24 12:10:43,-19.966948906734544,41.5263194134762,36.0,50.0,attack_rwa,Firesat_Attack_RWA_10_36.0_50,baseline
107,2025,10,0,12,11,2,0.725769,-0.348817,899998,51.1187,-0.876646,91.0,0.0,0.0,0.0,0.665906,0.642619,0.248698,0.285936,0.11188,-0.00124261,0.000143559,-0.993721,-5389680.0,676481.0,4844070.0,4972.55,773.371,5424.64,0.000520998,-0.000151895,0.000895679,0.00242565,-0.0020946,0.00183253,0.00369179,107,107,107,-9.14404,4.5436,-6.689,-0.00111061,0.000225255,-0.00234591,0.00111068,-0.000214495,0.00235812,0,0,0,0,0,0,-0.000765124,0.00343711,0.00265403,-5389670.0,676460.0,4844080.0,4973.24,773.269,5425.2,-5389680.0,676481.0,4844070.0,4972.55,773.371,5424.64,7277740.0,5.73516e-05,98.0387,-179.919,-155.162,-162.603,8,1,1443355862,303062,2386,522244,0.804592,0.195408,352.601,0,0.0,0,0,0,0,0.00242565,-0.0020946,0.00183253,0.00369179,1,0,107.0,0.00317914,0.402831,-0.362396,-0.585669,-0.602816,2.18145e-05,-1.26953e-05,2.273e-05,2.18145e-05,1.26953e-05,-2.273e-05,107,-0.124892,-0.802013,0.000407078,-0.597307,2,0,0,2,2,0,0,0,0,0,1,1,1,107,0.000542689,10_36.0_50,Firesat_Attack_RWA,2025-08-28 20:59:17.074,2025-08-28 20:59:16.944,2071-06-24 12:10:44,-19.985741922414835,41.583500601430245,36.0,50.0,attack_rwa,Firesat_Attack_RWA_10_36.0_50,baseline
108,2025,10,0,12,11,3,0.726767,-0.349146,899999,51.1187,-0.876646,91.0,0.0,0.0,0.0,0.665046,0.644192,0.247644,0.285312,0.111916,-0.00124261,0.000143605,-0.993717,-5384700.0,677240.0,4849490.0,4978.5,772.358,5419.86,0.0010073,-0.000724057,0.000890025,0.0024364,-0.00212625,0.00182241,0.00371189,108,108,108,-9.18566,4.61335,-6.6501,-0.00228692,0.00185482,-0.00227133,0.00228712,-0.00184394,0.00228377,0,0,0,0,0,0,-0.000758317,0.00347761,0.00267935,-5384700.0,677242.0,4849500.0,4978.77,772.629,5420.15,-5384700.0,677240.0,4849490.0,4978.5,772.358,5419.86,7277650.0,6.84432e-05,98.0391,-179.918,-151.925,-165.782,8,1,1443355863,303063,2386,522274,0.804637,0.195363,353.157,0,0.0,0,0,0,0,0.0024364,-0.00212625,0.00182241,0.00371189,1,0,108.0,0.00434234,0.402731,-0.364043,-0.584313,-0.603207,2.18298e-05,-1.27429e-05,2.27178e-05,2.18298e-05,1.27429e-05,-2.27178e-05,108,-0.124887,-0.803609,0.000115245,-0.595158,2,0,0,2,2,0,0,0,0,0,1,1,1,108,0.00124053,10_36.0_50,Firesat_Attack_RWA,2025-08-28 20:59:17.074,2025-08-28 20:59:16.944,2071-06-24 12:10:45,-20.004592233874643,41.6406817893843,36.0,50.0,attack_rwa,Firesat_Attack_RWA_10_36.0_50,baseline
109,2025,10,0,12,11,4,0.727765,-0.349473,899997,51.1187,-0.876646,91.0,0.0,0.0,0.0,0.66414,0.645594,0.246641,0.285122,0.111952,-0.0012426,0.00014365,-0.993713,-5379710.0,677990.0,4854920.0,4983.67,771.815,5414.97,0.00113752,-0.000538143,0.00134598,0.00243337,-0.00212857,0.001813,0.00370663,109,109,109,-9.17622,4.61793,-6.61386,-0.00240762,0.00132145,-0.00309598,0.00240788,-0.00131046,0.00310853,0,0,0,0,0,0,-0.000751658,0.00351758,0.00270467,-5379720.0,678010.0,4854910.0,4984.34,771.902,5415.12,-5379710.0,677990.0,4854920.0,4983.67,771.815,5414.97,7277620.0,7.25297e-05,98.0389,-179.918,-153.083,-164.566,8,1,1443355864,303064,2386,522303,0.804682,0.195318,353.715,0,0.0,0,0,0,0,0.00243337,-0.00212857,0.001813,0.00370663,1,0,109.0,0.00391315,0.402564,-0.3653,-0.582972,-0.603856,2.18452e-05,-1.27902e-05,2.27053e-05,2.18452e-05,1.27902e-05,-2.27053e-05,109,-0.124889,-0.804755,0.000407484,-0.593607,2,0,0,2,2,0,0,0,0,0,1,1,1,109,0.00125839,10_36.0_50,Firesat_Attack_RWA,2025-08-28 20:59:17.074,2025-08-28 20:59:16.944,2071-06-24 12:10:46,-20.023327953775414,41.69786297733835,36.0,50.0,attack_rwa,Firesat_Attack_RWA_10_36.0_50,baseline
110,2025,10,0,12,11,5,0.728765,-0.349799,899995,51.1187,-0.876646,91.0,0.0,0.0,0.0,0.663644,0.646763,0.245418,0.284683,0.111989,-0.0012426,0.000143695,-0.993709,-5374740.0,678763.0,4860330.0,4989.15,771.287,5409.82,0.00042617,-0.00102588,0.00141192,0.00242862,-0.00214081,0.00179366,0.00370114,110,110,110,-9.16043,4.64454,-6.54082,-0.000864645,0.00234466,-0.00297325,0.000865014,-0.00233362,0.00298593,0,0,0,0,0,0,-0.00074477,0.00355787,0.00273012,-5374730.0,678772.0,4860330.0,4989.92,771.13,5410.11,-5374740.0,678763.0,4860330.0,4989.14,771.287,5409.82,7277650.0,6.95121e-05,98.0385,-179.919,-154.621,-162.97,8,1,1443355865,303065,2386,522333,0.804728,0.195272,354.274,0,0.0,0,0,0,0,0.00242862,-0.00214081,0.00179366,0.00370114,1,0,110.0,0.00363459,0.402859,-0.36651,-0.581685,-0.604167,2.18607e-05,-1.28372e-05,2.26929e-05,2.18607e-05,1.28372e-05,-2.26929e-05,110,-0.124895,-0.806303,0.000885747,-0.591502,2,0,0,2,2,0,0,0,0,0,1,1,1,110,0.00111088,10_36.0_50,Firesat_Attack_RWA,2025-08-28 20:59:17.074,2025-08-28 20:59:16.944,2071-06-24 12:10:47,-20.042006377896683,41.75515875685144,36.0,50.0,attack_rwa,Firesat_Attack_RWA_10_36.0_50,baseline
111,2025,10,0,12,11,6,0.729764,-0.350127,900000,51.1187,-0.876646,91.0,0.0,0.0,0.0,0.662569,0.648341,0.244672,0.28424,0.112025,-0.00124259,0.00014374,-0.993705,-5369730.0,679536.0,4865760.0,4995.01,770.145,5404.61,0.00127451,-0.000820855,0.00139496,0.00244207,-0.00213469,0.00177556,0.00369773,111,111,111,-9.21202,4.63038,-6.47237,-0.00274711,0.00143766,-0.0026549,0.00274755,-0.00142652,0.0026677,0,0,0,0,0,0,-0.000737677,0.00359762,0.00275515,-5369740.0,679538.0,4865740.0,4995.45,770.399,5405.11,-5369730.0,679536.0,4865760.0,4995.01,770.145,5404.61,7277660.0,6.70536e-05,98.0382,-179.919,-151.332,-166.2,8,1,1443355866,303066,2386,522362,0.804773,0.195227,354.831,0,0.0,0,0,0,0,0.00244207,-0.00213469,0.00177556,0.00369773,1,0,111.0,0.00419319,0.402407,-0.368056,-0.580458,-0.604709,2.18762e-05,-1.28838e-05,2.26806e-05,2.18762e-05,1.28838e-05,-2.26806e-05,111,-0.124898,-0.807444,0.000373706,-0.589944,2,0,0,2,2,0,0,0,0,0,1,1,1,111,0.00151597,10_36.0_50,Firesat_Attack_RWA,2025-08-28 20:59:17.074,2025-08-28 20:59:16.944,2071-06-24 12:10:48,-20.06079939357697,41.81239724058501,36.0,50.0,attack_rwa,Firesat_Attack_RWA_10_36.0_50,baseline
112,2025,10,0,12,11,7,0.730763,-0.350456,900004,51.1187,-0.876646,91.0,0.0,0.0,0.0,0.661744,0.649561,0.244055,0.283906,0.112061,-0.00124259,0.000143786,-0.993701,-5364750.0,680320.0,4871150.0,5000.32,769.883,5399.37,0.00134514,-0.000209016,0.0010435,0.0024332,-0.00214478,0.00176099,0.00369075,112,112,112,-9.18094,4.65224,-6.41702,-0.00280801,0.000209073,-0.0018918,0.00280854,-0.000197863,0.00190472,0,0,0,0,0,0,-0.000730337,0.00363752,0.00278013,-5364740.0,680309.0,4871150.0,5001.0,769.701,5400.13,-5364750.0,680320.0,4871150.0,5000.32,769.883,5399.37,7277750.0,5.48465e-05,98.0382,-179.919,-149.357,-168.117,8,1,1443355867,303067,2386,522392,0.804819,0.195181,355.388,0,0.0,0,0,0,0,0.0024332,-0.00214478,0.00176099,0.00369075,1,0,112.0,0.00326349,0.402085,-0.369247,-0.579479,-0.605135,2.18916e-05,-1.293e-05,2.26685e-05,2.18916e-05,1.293e-05,-2.26685e-05,112,-0.124898,-0.808352,5.14542e-05,-0.5887,2,0,0,2,2,0,0,0,0,0,1,1,1,112,0.00136128,10_36.0_50,Firesat_Attack_RWA,2025-08-28 20:59:17.074,2025-08-28 20:59:16.944,2071-06-24 12:10:49,-20.07964970503678,41.86963572431858,36.0,50.0,attack_rwa,Firesat_Attack_RWA_10_36.0_50,baseline
113,2025,10,0,12,11,8,0.731761,-0.350786,900009,51.1187,-0.876646,91.0,0.0,0.0,0.0,0.661194,0.65066,0.243115,0.283477,0.112097,-0.00124258,0.000143831,-0.993696,-5359750.0,681076.0,4876560.0,5005.72,769.364,5394.64,0.00076323,-0.000204496,0.000776636,0.00242366,-0.00217779,0.00175561,0.00370123,113,113,113,-9.14741,4.72505,-6.39564,-0.00138281,0.000705087,-0.00136935,0.00138347,-0.000693783,0.00138246,0,0,0,0,0,0,-0.000722802,0.00367764,0.0028053,-5359740.0,681082.0,4876550.0,5006.51,769.022,5395.1,-5359750.0,681076.0,4876560.0,5005.72,769.364,5394.64,7277730.0,5.79686e-05,98.0384,-179.919,-143.969,-173.446,8,1,1443355868,303068,2386,522421,0.804864,0.195136,355.949,0,0.0,0,0,0,0,0.00242366,-0.00217779,0.00175561,0.00370123,1,0,113.0,0.00321051,0.402173,-0.370394,-0.578394,-0.605414,2.19074e-05,-1.29762e-05,2.26559e-05,2.19074e-05,1.29762e-05,-2.26559e-05,113,-0.124897,-0.80962,0.000180689,-0.586954,2,0,0,2,2,0,0,0,0,0,1,1,1,113,0.000790151,10_36.0_50,Firesat_Attack_RWA,2025-08-28 20:59:17.074,2025-08-28 20:59:16.944,2071-06-24 12:10:50,-20.098557312276096,41.92681691227264,36.0,50.0,attack_rwa,Firesat_Attack_RWA_10_36.0_50,baseline
114,2025,10,0,12,11,9,0.73276,-0.351116,900013,51.1187,-0.876646,91.0,0.0,0.0,0.0,0.660253,0.652179,0.241823,0.283284,0.112134,-0.00124257,0.000143876,-0.993692,-5354720.0,681861.0,4881940.0,5011.24,768.411,5389.46,0.000929898,-0.000391593,0.00171661,0.00243085,-0.00220228,0.0017563,0.00372071,114,114,114,-9.17583,4.77893,-6.39678,-0.00192566,0.00117208,-0.00347512,0.00192641,-0.00116063,0.00348844,0,0,0,0,0,0,-0.000715123,0.00371775,0.00283057,-5354730.0,681850.0,4881940.0,5012.04,768.312,5390.08,-5354720.0,681861.0,4881950.0,5011.24,768.411,5389.46,7277760.0,5.40538e-05,98.0383,-179.919,-140.99,-176.368,8,1,1443355869,303069,2386,522451,0.80491,0.19509,356.516,0,0.0,0,0,0,0,0.00243085,-0.00220228,0.0017563,0.00372071,1,0,114.0,0.00442628,0.402144,-0.371748,-0.576796,-0.606127,2.19235e-05,-1.30224e-05,2.26428e-05,2.19235e-05,1.30224e-05,-2.26428e-05,114,-0.124897,-0.811003,0.000847805,-0.585042,2,0,0,2,2,0,0,0,0,0,1,1,1,114,0.00100899,10_36.0_50,Firesat_Attack_RWA,2025-08-28 20:59:17.074,2025-08-28 20:59:16.944,2071-06-24 12:10:51,-20.117464919515413,41.9840553960062,36.0,50.0,attack_rwa,Firesat_Attack_RWA_10_36.0_50,baseline
115,2025,10,0,12,11,10,0.733759,-0.351447,900008,51.1187,-0.876646,91.0,0.0,0.0,0.0,0.659499,0.65344,0.241109,0.282743,0.11217,-0.00124257,0.000143922,-0.993688,-5349700.0,682611.0,4887320.0,5016.73,767.317,5384.74,0.00101333,-0.000199788,0.00122113,0.00243191,-0.00221766,0.00173217,0.00371922,115,115,115,-9.18152,4.81255,-6.30599,-0.00218727,0.000988563,-0.00219828,0.00218816,-0.000977056,0.00221176,0,0,0,0,0,0,-0.000707266,0.00375766,0.00285572,-5349710.0,682621.0,4887330.0,5017.61,767.629,5385.02,-5349700.0,682611.0,4887320.0,5016.73,767.317,5384.74,7277790.0,4.87477e-05,98.0385,-179.919,-146.039,-171.26,8,1,1443355870,303070,2386,522481,0.804956,0.195044,357.087,0,0.0,0,0,0,0,0.00243191,-0.00221766,0.00173217,0.00371922,1,0,115.0,0.00344355,0.401935,-0.373092,-0.575778,-0.606407,2.19399e-05,-1.30683e-05,2.26295e-05,2.19399e-05,1.30683e-05,-2.26295e-05,115,-0.124896,-0.81217,0.000400411,-0.58342,2,0,0,2,2,0,0,0,0,0,1,1,1,115,0.00103284,10_36.0_50,Firesat_Attack_RWA,2025-08-28 20:59:17.074,2025-08-28 20:59:16.944,2071-06-24 12:10:52,-20.136429822534243,42.041293879739776,36.0,50.0,attack_rwa,Firesat_Attack_RWA_10_36.0_50,baseline
116,2025,10,0,12,11,11,0.734757,-0.351778,900001,51.1187,-0.876646,91.0,0.0,0.0,0.0,0.658676,0.654781,0.240243,0.282298,0.112206,-0.00124256,0.000143967,-0.993684,-5344700.0,683395.0,4892690.0,5022.62,767.083,5379.21,0.00115938,-8.76537e-05,0.00113772,0.00243002,-0.00223696,0.00172298,0.00372527,116,116,116,-9.17629,4.85491,-6.27052,-0.00247332,0.000930305,-0.00203185,0.00247432,-0.000918703,0.0020455,0,0,0,0,0,0,-0.000699352,0.00379755,0.00288096,-5344690.0,683385.0,4892710.0,5023.16,766.901,5379.92,-5344700.0,683395.0,4892690.0,5022.62,767.083,5379.21,7277730.0,5.70818e-05,98.0384,-179.919,-151.185,-166.056,8,1,1443355871,303071,2386,522511,0.805002,0.194998,357.66,0,0.0,0,0,0,0,0.00243002,-0.00223696,0.00172298,0.00372527,1,0,116.0,0.00370076,0.401758,-0.374446,-0.574596,-0.606812,2.19567e-05,-1.31138e-05,2.2616e-05,2.19567e-05,1.31138e-05,-2.2616e-05,116,-0.124897,-0.813385,0.000250898,-0.581726,2,0,0,2,2,0,0,0,0,0,1,1,1,116,0.00116269,10_36.0_50,Firesat_Attack_RWA,2025-08-28 20:59:17.074,2025-08-28 20:59:16.944,2071-06-24 12:10:53,-20.155394725553077,42.09847506769383,36.0,50.0,attack_rwa,Firesat_Attack_RWA_10_36.0_50,baseline
117,2025,10,0,12,11,12,0.735755,-0.35211,900001,51.1187,-0.876646,91.0,0.0,0.0,0.0,0.657809,0.656287,0.239195,0.281708,0.112242,-0.00124256,0.000144012,-0.99368,-5339670.0,684152.0,4898080.0,5027.78,766.24,5374.26,0.00154811,-0.000464564,0.00121178,0.00242479,-0.00225758,0.00171587,0.00373102,117,117,117,-9.1587,4.9002,-6.24273,-0.00300303,0.00187832,-0.00210218,0.00300415,-0.00186663,0.002116,0,0,0,0,0,0,-0.000690818,0.00383799,0.00290614,-5339670.0,684155.0,4898080.0,5028.65,766.218,5374.82,-5339670.0,684152.0,4898080.0,5027.78,766.24,5374.26,7277640.0,7.02708e-05,98.0386,-179.919,-149.794,-167.389,8,1,1443355872,303072,2386,522540,0.805048,0.194952,358.236,0,0.0,0,0,0,0,0.00242479,-0.00225758,0.00171587,0.00373102,1,0,117.0,0.00422611,0.401649,-0.376018,-0.573241,-0.607193,2.19737e-05,-1.31593e-05,2.26022e-05,2.19737e-05,1.31593e-05,-2.26022e-05,117,-0.124895,-0.814887,8.96918e-05,-0.57962,2,0,0,2,2,0,0,0,0,0,1,1,1,117,0.00161631,10_36.0_50,Firesat_Attack_RWA,2025-08-28 20:59:17.074,2025-08-28 20:59:16.944,2071-06-24 12:10:54,-20.174416924351416,42.15565625564789,36.0,50.0,attack_rwa,Firesat_Attack_RWA_10_36.0_50,baseline
118,2025,10,0,12,11,13,0.736753,-0.352441,900001,51.1187,-0.876646,91.0,0.0,0.0,0.0,0.657138,0.657712,0.237775,0.281156,0.112279,-0.00124255,0.000144058,-0.993676,-5334630.0,684907.0,4903450.0,5033.29,765.703,5369.33,0.00134072,-0.00131885,0.00168256,0.00241294,-0.00226102,0.00170763,0.00372163,118,118,118,-9.1166,4.90731,-6.21074,-0.00237906,0.00343442,-0.00306938,0.00238025,-0.00342265,0.00308329,0,0,0,0,0,0,-0.000682327,0.0038781,0.00293139,-5334640.0,684918.0,4903450.0,5034.17,765.488,5369.76,-5334630.0,684907.0,4903450.0,5033.29,765.703,5369.33,7277650.0,6.89218e-05,98.0384,-179.919,-149.9,-167.224,8,1,1443355873,303073,2386,522570,0.805094,0.194906,358.814,0,0.0,0,0,0,0,0.00241294,-0.00226102,0.00170763,0.00372163,1,0,118.0,0.00438269,0.401914,-0.377502,-0.571693,-0.607557,2.19907e-05,-1.32048e-05,2.25881e-05,2.19907e-05,1.32048e-05,-2.25881e-05,118,-0.124897,-0.816664,0.000598973,-0.577113,2,0,0,2,2,0,0,0,0,0,1,1,1,118,0.00188066,10_36.0_50,Firesat_Attack_RWA,2025-08-28 20:59:17.074,2025-08-28 20:59:16.944,2071-06-24 12:10:55,-20.19338182737025,42.21283744360194,36.0,50.0,attack_rwa,Firesat_Attack_RWA_10_36.0_50,baseline
119,2025,10,0,12,11,14,0.737752,-0.352773,899999,51.1187,-0.876646,91.0,0.0,0.0,0.0,0.656417,0.658752,0.237056,0.281009,0.112315,-0.00124255,0.000144103,-0.993672,-5329600.0,685678.0,4908810.0,5039.04,764.682,5364.24,0.000895906,-0.000465579,0.00161915,0.00240852,-0.00223609,0.00168791,0.0036946,119,119,119,-9.10197,4.85137,-6.13627,-0.00141518,0.000957834,-0.00271179,0.0014164,-0.000946012,0.00272571,0,0,0,0,0,0,-0.000673779,0.00391765,0.00295636,-5329600.0,685678.0,4908820.0,5039.69,764.746,5364.67,-5329600.0,685678.0,4908810.0,5039.04,764.682,5364.24,7277630.0,7.20105e-05,98.0382,-179.919,-151.047,-166.02,8,1,1443355874,303074,2386,522600,0.80514,0.19486,359.387,0,0.0,0,0,0,0,0.00240852,-0.00223609,0.00168791,0.0036946,1,0,119.0,0.00292554,0.401736,-0.378438,-0.570691,-0.608034,2.20074e-05,-1.32502e-05,2.25744e-05,2.20074e-05,1.32502e-05,-2.25744e-05,119,-0.1249,-0.817459,0.00080717,-0.575987,2,0,0,2,2,0,0,0,0,0,1,1,1,119,0.00100966,10_36.0_50,Firesat_Attack_RWA,2025-08-28 20:59:17.074,2025-08-28 20:59:16.944,2071-06-24 12:10:56,-20.212404026168592,42.27007592733551,36.0,50.0,attack_rwa,Firesat_Attack_RWA_10_36.0_50,baseline
120,2025,10,0,12,11,15,0.73875,-0.353105,899998,51.1187,-0.876646,91.0,0.0,0.0,0.0,0.655559,0.660192,0.236199,0.280355,0.112351,-0.00124254,0.000144148,-0.993668,-5324560.0,686450.0,4914170.0,5044.47,764.262,5359.17,0.00132248,-0.000609933,0.00134598,0.0024156,-0.00225655,0.00167227,0.00370454,120,120,120,-9.12992,4.89629,-6.07691,-0.00245386,0.00136247,-0.0020331,0.00245522,-0.00135056,0.00204721,0,0,0,0,0,0,-0.000665317,0.00395692,0.00298132,-5324560.0,686444.0,4914180.0,5045.18,764.043,5359.57,-5324560.0,686450.0,4914170.0,5044.47,764.262,5359.17,7277570.0,7.9909e-05,98.0383,-179.919,-150.355,-166.653,8,1,1443355875,303075,2386,522630,0.805186,0.194814,359.958,0,0.0,0,0,0,0,0.0024156,-0.00225655,0.00167227,0.00370454,1,0,120.0,0.00398697,0.401524,-0.379993,-0.569496,-0.608324,2.2024e-05,-1.32952e-05,2.25608e-05,2.2024e-05,1.32952e-05,-2.25608e-05,120,-0.124899,-0.818832,0.000342415,-0.574033,2,0,0,2,2,0,0,0,0,0,1,1,1,120,0.00145636,10_36.0_50,Firesat_Attack_RWA,2025-08-28 20:59:17.074,2025-08-28 20:59:16.944,2071-06-24 12:10:57,-20.23142622496693,42.32725711528957,36.0,50.0,attack_rwa,Firesat_Attack_RWA_10_36.0_50,baseline
121,2025,10,0,12,11,16,0.739747,-0.353439,899997,51.1187,-0.876646,91.0,0.0,0.0,0.0,0.655006,0.661248,0.235261,0.279948,0.112387,-0.00124254,0.000144193,-0.993664,-5319530.0,687218.0,4919530.0,5049.95,763.238,5354.24,0.000678679,-0.000450975,0.00115905,0.00241058,-0.0022698,0.00166467,0.00370594,121,121,121,-9.11309,4.92522,-6.04731,-0.000978257,0.00117803,-0.00161314,0.000979711,-0.00116603,0.00162739,0,0,0,0,0,0,-0.000656634,0.00399623,0.00300626,-5319510.0,687211.0,4919530.0,5050.66,763.36,5354.46,-5319530.0,687218.0,4919530.0,5049.95,763.238,5354.24,7277510.0,8.74087e-05,98.0385,-179.919,-149.801,-167.149,8,1,1443355876,303076,2386,522660,0.805232,0.194768,360.531,0,0.0,0,0,0,0,0.00241058,-0.0022698,0.00166467,0.00370594,1,0,121.0,0.00314025,0.401609,-0.381091,-0.568411,-0.608596,2.20408e-05,-1.334e-05,2.25471e-05,2.20408e-05,1.334e-05,-2.25471e-05,121,-0.124897,-0.820034,0.000561771,-0.572314,2,0,0,2,2,0,0,0,0,0,1,1,1,121,0.000814852,10_36.0_50,Firesat_Attack_RWA,2025-08-28 20:59:17.074,2025-08-28 20:59:16.944,2071-06-24 12:10:58,-20.250563015324303,42.384381007464114,36.0,50.0,attack_rwa,Firesat_Attack_RWA_10_36.0_50,baseline
122,2025,10,0,12,11,17,0.740745,-0.353774,900004,51.1187,-0.876646,91.0,0.0,0.0,0.0,0.654275,0.662557,0.23423,0.279427,0.112423,-0.00124253,0.000144239,-0.99366,-5314470.0,687984.0,4924880.0,5055.62,762.6,5348.65,0.000600674,-0.000612843,0.00117358,0.00242269,-0.00228692,0.00166187,0.00372307,122,122,122,-9.15971,4.96278,-6.03551,-0.00109613,0.00155619,-0.00176838,0.00109768,-0.00154404,0.00178284,0,0,0,0,0,0,-0.000647443,0.00403579,0.00303101,-5314470.0,687978.0,4924880.0,5056.1,762.674,5349.38,-5314470.0,687984.0,4924880.0,5055.62,762.6,5348.65,7277460.0,9.4735e-05,98.0386,-179.919,-145.36,-171.531,8,1,1443355877,303077,2386,522690,0.805279,0.194721,361.107,0,0.0,0,0,0,0,0.00242269,-0.00228692,0.00166187,0.00372307,1,0,122.0,0.00378528,0.401602,-0.382462,-0.567147,-0.60892,2.20577e-05,-1.33846e-05,2.25332e-05,2.20577e-05,1.33846e-05,-2.25332e-05,122,-0.124895,-0.821421,0.000621068,-0.570322,2,0,0,2,2,0,0,0,0,0,1,1,1,122,0.000858129,10_36.0_50,Firesat_Attack_RWA,2025-08-28 20:59:17.074,2025-08-28 20:59:16.944,2071-06-24 12:10:59,-20.269757101461185,42.441562195418165,36.0,50.0,attack_rwa,Firesat_Attack_RWA_10_36.0_50,baseline
123,2025,10,0,12,11,18,0.741743,-0.354108,900004,51.1187,-0.876646,91.0,0.0,0.0,0.0,0.653376,0.663983,0.233481,0.278769,0.11246,-0.00124253,0.000144284,-0.993656,-5309400.0,688731.0,4930220.0,5061.02,761.775,5343.93,0.00112254,-0.000560933,0.000790827,0.00243358,-0.00229709,0.00165721,0.00373434,123,123,123,-9.20181,4.98488,-6.0168,-0.00240968,0.00145043,-0.00110511,0.00241131,-0.00143815,0.00111974,0,0,0,0,0,0,-0.000638204,0.00407525,0.00305577,-5309410.0,688741.0,4930230.0,5061.58,761.969,5344.27,-5309400.0,688731.0,4930220.0,5061.02,761.775,5343.93,7277440.0,9.78571e-05,98.0387,-179.918,-144.959,-171.875,8,1,1443355878,303078,2386,522720,0.805325,0.194675,361.684,0,0.0,0,0,0,0,0.00243358,-0.00229709,0.00165721,0.00373434,1,0,123.0,0.00391707,0.401295,-0.384008,-0.566018,-0.609199,2.20747e-05,-1.34288e-05,2.25194e-05,2.20747e-05,1.34288e-05,-2.25194e-05,123,-0.124894,-0.822689,1.20663e-05,-0.568492,2,0,0,2,2,0,0,0,0,0,1,1,1,123,0.00125488,10_36.0_50,Firesat_Attack_RWA,2025-08-28 20:59:17.074,2025-08-28 20:59:16.944,2071-06-24 12:11:00,-20.288893891818557,42.49874338337222,36.0,50.0,attack_rwa,Firesat_Attack_RWA_10_36.0_50,baseline
124,2025,10,0,12,11,19,0.742741,-0.354442,900002,51.1187,-0.876646,91.0,0.0,0.0,0.0,0.652624,0.665307,0.232461,0.278227,0.112496,-0.00124252,0.000144329,-0.993651,-5304360.0,689500.0,4935560.0,5066.62,761.346,5338.61,0.00110987,-0.000711752,0.000799892,0.00242905,-0.0023094,0.00166036,0.00374038,124,124,124,-9.18672,5.01176,-6.02704,-0.0022701,0.00180983,-0.00134925,0.00227181,-0.00179741,0.00136402,0,0,0,0,0,0,-0.000628642,0.00411459,0.00308031,-5304350.0,689498.0,4935570.0,5067.07,761.227,5339.15,-5304360.0,689500.0,4935560.0,5066.62,761.346,5338.61,7277400.0,0.000102555,98.0385,-179.919,-146.088,-170.687,8,1,1443355879,303079,2386,522751,0.805372,0.194628,362.262,0,0.0,0,0,0,0,0.00242905,-0.0023094,0.00166036,0.00374038,1,0,124.0,0.0038225,0.401264,-0.385403,-0.564751,-0.609515,2.20917e-05,-1.3473e-05,2.25055e-05,2.20917e-05,1.3473e-05,-2.25055e-05,124,-0.124897,-0.824074,2.99627e-05,-0.566483,2,0,0,2,2,0,0,0,0,0,1,1,1,124,0.00131848,10_36.0_50,Firesat_Attack_RWA,2025-08-28 20:59:17.074,2025-08-28 20:59:16.944,2071-06-24 12:11:01,-20.308030682175925,42.55592457132628,36.0,50.0,attack_rwa,Firesat_Attack_RWA_10_36.0_50,baseline
125,2025,10,0,12,11,20,0.743739,-0.354777,900005,51.1187,-0.876646,91.0,0.0,0.0,0.0,0.651859,0.66666,0.231251,0.277789,0.112532,-0.00124252,0.000144375,-0.993647,-5299270.0,690260.0,4940910.0,5071.81,760.669,5333.61,0.000998611,-0.000969914,0.00122487,0.00242595,-0.00231549,0.00166056,0.00374222,125,125,125,-9.17699,5.0248,-6.02635,-0.00191615,0.0021106,-0.00233089,0.00191793,-0.00209806,0.00234577,0,0,0,0,0,0,-0.000618944,0.00415383,0.00310485,-5299280.0,690260.0,4940900.0,5072.52,760.517,5334.05,-5299270.0,690260.0,4940910.0,5071.81,760.669,5333.61,7277370.0,0.00010758,98.0385,-179.919,-144.259,-172.458,8,1,1443355880,303080,2386,522781,0.805418,0.194582,362.841,0,0.0,0,0,0,0,0.00242595,-0.00231549,0.00166056,0.00374222,1,0,125.0,0.0040356,0.401331,-0.386763,-0.563321,-0.609932,2.21085e-05,-1.35174e-05,2.24915e-05,2.21085e-05,1.35174e-05,-2.24915e-05,125,-0.124897,-0.82552,0.000446835,-0.564373,2,0,0,2,2,0,0,0,0,0,1,1,1,125,0.00139211,10_36.0_50,Firesat_Attack_RWA,2025-08-28 20:59:17.074,2025-08-28 20:59:16.944,2071-06-24 12:11:02,-20.327224768312806,42.61310575928034,36.0,50.0,attack_rwa,Firesat_Attack_RWA_10_36.0_50,baseline
126,2025,10,0,12,11,21,0.744738,-0.355113,900005,51.1187,-0.876646,91.0,0.0,0.0,0.0,0.651279,0.667735,0.230356,0.277311,0.112568,-0.00124251,0.00014442,-0.993643,-5294200.0,691024.0,4946230.0,5077.38,759.884,5328.89,0.000470856,-0.000788123,0.000956386,0.00242688,-0.00231581,0.00164893,0.00373787,126,126,126,-9.18214,5.02501,-5.98179,-0.000974777,0.00153565,-0.00178718,0.000976636,-0.00152303,0.00180218,0,0,0,0,0,0,-0.000609275,0.00419303,0.00312955,-5294200.0,691021.0,4946240.0,5078.02,759.807,5328.95,-5294200.0,691024.0,4946230.0,5077.38,759.884,5328.89,7277410.0,0.000101098,98.0385,-179.919,-144.441,-172.217,8,1,1443355881,303081,2386,522811,0.805465,0.194535,363.418,0,0.0,0,0,0,0,0.00242688,-0.00231581,0.00164893,0.00373787,1,0,126.0,0.00317703,0.40137,-0.387918,-0.562255,-0.610157,2.21252e-05,-1.35616e-05,2.24776e-05,2.21252e-05,1.35616e-05,-2.24776e-05,126,-0.124897,-0.826722,0.000525391,-0.562611,2,0,0,2,2,0,0,0,0,0,1,1,1,126,0.000918065,10_36.0_50,Firesat_Attack_RWA,2025-08-28 20:59:17.074,2025-08-28 20:59:16.944,2071-06-24 12:11:03,-20.346476150229204,42.6703442430139,36.0,50.0,attack_rwa,Firesat_Attack_RWA_10_36.0_50,baseline
127,2025,10,0,12,11,22,0.745735,-0.35545,900005,51.1187,-0.876646,91.0,0.0,0.0,0.0,0.650226,0.669215,0.229647,0.276801,0.112605,-0.00124251,0.000144465,-0.993639,-5289140.0,691785.0,4951560.0,5083.16,759.046,5323.51,0.00122175,-0.00040262,0.000854536,0.00243918,-0.00232689,0.00164368,0.00375043,127,127,127,-9.22945,5.04915,-5.96089,-0.00273769,0.000837038,-0.00164784,0.00273964,-0.000824271,0.00166302,0,0,0,0,0,0,-0.000599385,0.00423228,0.00315414,-5289120.0,691782.0,4951560.0,5083.47,759.107,5323.82,-5289140.0,691785.0,4951560.0,5083.16,759.046,5323.51,7277370.0,0.00010711,98.0387,-179.919,-144.115,-172.485,8,1,1443355882,303082,2386,522841,0.805511,0.194489,363.995,0,0.0,0,0,0,0,0.00243918,-0.00232689,0.00164368,0.00375043,1,0,127.0,0.00403008,0.400914,-0.389423,-0.56107,-0.610588,2.21419e-05,-1.36055e-05,2.24638e-05,2.21419e-05,1.36055e-05,-2.24638e-05,127,-0.124895,-0.827811,2.1685e-05,-0.561007,2,0,0,2,2,0,0,0,0,0,1,1,1,127,0.00128638,10_36.0_50,Firesat_Attack_RWA,2025-08-28 20:59:17.074,2025-08-28 20:59:16.944,2071-06-24 12:11:04,-20.36578482792511,42.727468135188445,36.0,50.0,attack_rwa,Firesat_Attack_RWA_10_36.0_50,baseline
128,2025,10,0,12,11,23,0.746733,-0.355786,900006,51.1187,-0.876646,91.0,0.0,0.0,0.0,0.649638,0.670274,0.228741,0.276372,0.112641,-0.0012425,0.000144511,-0.993635,-5284030.0,692533.0,4956880.0,5088.57,758.232,5318.25,0.000655794,-0.000137357,0.000678673,0.00243073,-0.00235133,0.00164005,0.00375859,128,128,128,-9.19985,5.10299,-5.94598,-0.00140431,0.000473977,-0.00137734,0.00140639,-0.000461119,0.00139269,0,0,0,0,0,0,-0.000589577,0.00427105,0.00317871,-5284040.0,692541.0,4956880.0,5088.91,758.391,5318.69,-5284030.0,692533.0,4956880.0,5088.57,758.232,5318.25,7277320.0,0.000113909,98.0387,-179.919,-143.284,-173.258,8,1,1443355883,303083,2386,522872,0.805558,0.194442,364.574,0,0.0,0,0,0,0,0.00243073,-0.00235133,0.00164005,0.00375859,1,0,128.0,0.00314438,0.400952,-0.390536,-0.559991,-0.610844,2.21587e-05,-1.36494e-05,2.24498e-05,2.21587e-05,1.36494e-05,-2.24498e-05,128,-0.124895,-0.82897,0.000195755,-0.559292,2,0,0,2,2,0,0,0,0,0,1,1,1,128,0.000670025,10_36.0_50,Firesat_Attack_RWA,2025-08-28 20:59:17.074,2025-08-28 20:59:16.944,2071-06-24 12:11:05,-20.385036209841505,42.7846493231425,36.0,50.0,attack_rwa,Firesat_Attack_RWA_10_36.0_50,baseline
129,2025,10,0,12,11,24,0.747732,-0.356123,900004,51.1187,-0.876646,91.0,0.0,0.0,0.0,0.648813,0.67173,0.227471,0.275822,0.112677,-0.0012425,0.000144556,-0.993631,-5278960.0,693294.0,4962210.0,5093.92,757.426,5312.99,0.000779702,-0.000602712,0.00115351,0.00243776,-0.00238228,0.00163949,0.00378231,129,129,129,-9.22762,5.17131,-5.94243,-0.00170847,0.00191829,-0.00242779,0.00171068,-0.00190528,0.00244339,0,0,0,0,0,0,-0.000579178,0.00431051,0.00320335,-5278940.0,693295.0,4962200.0,5094.4,757.649,5313.57,-5278960.0,693294.0,4962210.0,5093.92,757.426,5312.99,7277370.0,0.00010633,98.0385,-179.919,-144.642,-171.842,8,1,1443355884,303084,2386,522902,0.805605,0.194395,365.159,0,0.0,0,0,0,0,0.00243776,-0.00238228,0.00163949,0.00378231,1,0,129.0,0.00434373,0.401004,-0.392044,-0.558477,-0.611229,2.21759e-05,-1.36931e-05,2.24353e-05,2.21759e-05,1.36931e-05,-2.24353e-05,129,-0.124898,-0.83054,0.000523388,-0.556958,2,0,0,2,2,0,0,0,0,0,1,1,1,129,0.000985493,10_36.0_50,Firesat_Attack_RWA,2025-08-28 20:59:17.074,2025-08-28 20:59:16.944,2071-06-24 12:11:06,-20.404344887537416,42.84188780687607,36.0,50.0,attack_rwa,Firesat_Attack_RWA_10_36.0_50,baseline
130,2025,10,0,12,11,25,0.74873,-0.35646,900010,51.1187,-0.876646,91.0,0.0,0.0,0.0,0.648152,0.672873,0.22683,0.275117,0.112713,-0.00124249,0.000144601,-0.993627,-5273860.0,694029.0,4967510.0,5099.09,756.511,5307.88,0.000691087,-0.000355126,0.00035751,0.00244108,-0.00238736,0.00162628,0.00378195,130,130,130,-9.24164,5.18214,-5.89202,-0.00174273,0.00135124,-0.000826967,0.00174505,-0.00133815,0.000842701,0,0,0,0,0,0,-0.000568459,0.00434989,0.00322777,-5273850.0,694049.0,4967510.0,5099.83,756.907,5308.47,-5273860.0,694029.0,4967510.0,5099.09,756.511,5307.88,7277380.0,0.000105775,98.0383,-179.919,-141.485,-174.94,8,1,1443355885,303085,2386,522933,0.805652,0.194348,365.745,0,0.0,0,0,0,0,0.00244108,-0.00238736,0.00162628,0.00378195,1,0,130.0,0.00325653,0.40083,-0.393385,-0.557573,-0.611306,2.21933e-05,-1.37367e-05,2.24207e-05,2.21933e-05,1.37367e-05,-2.24207e-05,130,-0.1249,-0.831713,-8.64865e-05,-0.555206,2,0,0,2,2,0,0,0,0,0,1,1,1,130,0.000776991,10_36.0_50,Firesat_Attack_RWA,2025-08-28 20:59:17.074,2025-08-28 20:59:16.944,2071-06-24 12:11:07,-20.423653565233323,42.89906899483013,36.0,50.0,attack_rwa,Firesat_Attack_RWA_10_36.0_50,baseline
131,2025,10,0,12,11,26,0.749728,-0.356796,900006,51.1187,-0.876646,91.0,0.0,0.0,0.0,0.647426,0.67416,0.22549,0.274776,0.112749,-0.00124249,0.000144647,-0.993623,-5268740.0,694805.0,4972810.0,5104.48,756.3,5302.74,0.000330967,-0.000561877,0.00108726,0.00244428,-0.00240303,0.00163201,0.00379638,131,131,131,-9.25522,5.21652,-5.91177,-0.00114335,0.00165105,-0.00261674,0.00114576,-0.00163779,0.00263265,0,0,0,0,0,0,-0.000557882,0.00438871,0.00325214,-5268750.0,694798.0,4972820.0,5105.28,756.137,5303.31,-5268740.0,694805.0,4972810.0,5104.48,756.3,5302.74,7277330.0,0.000112507,98.038,-179.919,-143.092,-173.275,8,1,1443355886,303086,2386,522963,0.805699,0.194301,366.333,0,0.0,0,0,0,0,0.00244428,-0.00240303,0.00163201,0.00379638,1,0,131.0,0.00404749,0.401005,-0.394635,-0.556059,-0.611766,2.22107e-05,-1.37801e-05,2.24061e-05,2.22107e-05,1.37801e-05,-2.24061e-05,131,-0.124905,-0.833139,0.000722545,-0.553063,2,0,0,2,2,0,0,0,0,0,1,1,1,131,0.000652108,10_36.0_50,Firesat_Attack_RWA,2025-08-28 20:59:17.074,2025-08-28 20:59:16.944,2071-06-24 12:11:08,-20.44290494714972,42.95625018278418,36.0,50.0,attack_rwa,Firesat_Attack_RWA_10_36.0_50,baseline
132,2025,10,0,12,11,27,0.750726,-0.357136,900003,51.1187,-0.876646,91.0,0.0,0.0,0.0,0.64659,0.675523,0.224672,0.274067,0.112786,-0.00124248,0.000144692,-0.993619,-5263650.0,695572.0,4978120.0,5110.04,755.214,5297.72,0.000670391,-0.000564329,0.000739774,0.00245466,-0.00241269,0.00161672,0.00380266,132,132,132,-9.29537,5.23753,-5.85367,-0.00189461,0.00170119,-0.0016783,0.00189714,-0.00168784,0.00169438,0,0,0,0,0,0,-0.0005471,0.00442784,0.00327661,-5263640.0,695559.0,4978110.0,5110.74,755.453,5298.15,-5263650.0,695572.0,4978120.0,5110.04,755.214,5297.72,7277330.0,0.000111951,98.0382,-179.919,-144.476,-171.833,8,1,1443355887,303087,2386,522994,0.805746,0.194254,366.921,0,0.0,0,0,0,0,0.00245466,-0.00241269,0.00161672,0.00380266,1,0,132.0,0.0038614,0.400789,-0.396158,-0.554909,-0.611966,2.22281e-05,-1.38232e-05,2.23914e-05,2.22281e-05,1.38232e-05,-2.23914e-05,132,-0.124902,-0.834457,0.000247602,-0.551073,2,0,0,2,2,0,0,0,0,0,1,1,1,132,0.000876294,10_36.0_50,Firesat_Attack_RWA,2025-08-28 20:59:17.074,2025-08-28 20:59:16.944,2071-06-24 12:11:09,-20.46238551218417,43.01343137073824,36.0,50.0,attack_rwa,Firesat_Attack_RWA_10_36.0_50,baseline
133,2025,10,0,12,11,28,0.751724,-0.357476,900008,51.1187,-0.876646,91.0,0.0,0.0,0.0,0.645946,0.676801,0.223629,0.273285,0.112822,-0.00124247,0.000144737,-0.993614,-5258520.0,696326.0,4983400.0,5115.56,754.744,5292.88,0.000548032,-0.000985471,0.000466779,0.00245584,-0.00242184,0.00161201,0.00380723,133,133,133,-9.30145,5.25742,-5.83471,-0.00184605,0.00241383,-0.00132126,0.00184868,-0.00240037,0.00133749,0,0,0,0,0,0,-0.000536009,0.00446695,0.00330087,-5258530.0,696320.0,4983410.0,5116.16,754.777,5293.02,-5258520.0,696326.0,4983400.0,5115.56,754.744,5292.88,7277360.0,0.000108871,98.0385,-179.919,-142.173,-174.077,8,1,1443355888,303088,2386,523024,0.805793,0.194207,367.509,0,0.0,0,0,0,0,0.00245584,-0.00242184,0.00161201,0.00380723,1,0,133.0,0.00387129,0.40086,-0.397653,-0.553685,-0.612059,2.22456e-05,-1.3866e-05,2.23767e-05,2.22456e-05,1.3866e-05,-2.23767e-05,133,-0.124899,-0.836005,8.91608e-05,-0.548722,2,0,0,2,2,0,0,0,0,0,1,1,1,133,0.0011276,10_36.0_50,Firesat_Attack_RWA,2025-08-28 20:59:17.074,2025-08-28 20:59:16.944,2071-06-24 12:11:10,-20.481866077218616,43.0706125586923,36.0,50.0,attack_rwa,Firesat_Attack_RWA_10_36.0_50,baseline
134,2025,10,0,12,11,29,0.752721,-0.357816,900003,51.1187,-0.876646,91.0,0.0,0.0,0.0,0.644801,0.678412,0.222653,0.27279,0.112858,-0.00124247,0.000144782,-0.99361,-5253420.0,697065.0,4988700.0,5121.02,753.783,5287.12,0.00144531,-0.000879704,0.000904218,0.0024579,-0.00241777,0.00161177,0.00380587,134,134,134,-9.31078,5.24794,-5.83234,-0.00359301,0.0020844,-0.00230693,0.00359568,-0.0020708,0.00232325,0,0,0,0,0,0,-0.000524702,0.00450612,0.00332507,-5253410.0,697075.0,4988700.0,5121.62,754.063,5287.84,-5253420.0,697065.0,4988700.0,5121.02,753.783,5287.12,7277350.0,0.000109846,98.0385,-179.919,-144.579,-171.613,8,1,1443355889,303089,2386,523055,0.80584,0.19416,368.096,0,0.0,0,0,0,0,0.0024579,-0.00241777,0.00161177,0.00380587,1,0,134.0,0.00451743,0.400482,-0.399257,-0.55223,-0.612577,2.22629e-05,-1.39088e-05,2.23622e-05,2.22629e-05,1.39088e-05,-2.23622e-05,134,-0.124898,-0.837265,-3.39733e-05,-0.546798,2,0,0,2,2,0,0,0,0,0,1,1,1,134,0.00169198,10_36.0_50,Firesat_Attack_RWA,2025-08-28 20:59:17.074,2025-08-28 20:59:16.944,2071-06-24 12:11:11,-20.501346642253065,43.127736450866834,36.0,50.0,attack_rwa,Firesat_Attack_RWA_10_36.0_50,baseline
135,2025,10,0,12,11,30,0.753719,-0.358155,900005,51.1187,-0.876646,91.0,0.0,0.0,0.0,0.644156,0.679533,0.221676,0.272319,0.112894,-0.00124246,0.000144828,-0.993606,-5248280.0,697823.0,4993980.0,5126.4,753.499,5282.23,0.00102186,-0.000691033,0.00089358,0.00243904,-0.00242059,0.00159968,0.0037904,135,135,135,-9.24262,5.25379,-5.78603,-0.0024577,0.00140888,-0.00227721,0.00246046,-0.00139526,0.0022936,0,0,0,0,0,0,-0.000513216,0.00454522,0.00334921,-5248290.0,697824.0,4993980.0,5127.02,753.31,5282.68,-5248280.0,697823.0,4993980.0,5126.4,753.499,5282.23,7277310.0,0.00011569,98.0383,-179.919,-143.467,-172.668,8,1,1443355890,303090,2386,523086,0.805888,0.194112,368.681,0,0.0,0,0,0,0,0.00243904,-0.00242059,0.00159968,0.0037904,1,0,135.0,0.00337747,0.400513,-0.400445,-0.551059,-0.612835,2.228e-05,-1.39516e-05,2.23478e-05,2.228e-05,1.39516e-05,-2.23478e-05,135,-0.124901,-0.838478,0.000191933,-0.544935,2,0,0,2,2,0,0,0,0,0,1,1,1,135,0.00123359,10_36.0_50,Firesat_Attack_RWA,2025-08-28 20:59:17.074,2025-08-28 20:59:16.944,2071-06-24 12:11:12,-20.520769911508,43.1849176388209,36.0,50.0,attack_rwa,Firesat_Attack_RWA_10_36.0_50,baseline
136,2025,10,0,12,11,31,0.754716,-0.358496,900000,51.1187,-0.876646,91.0,0.0,0.0,0.0,0.643264,0.680817,0.220889,0.271861,0.112931,-0.00124246,0.000144873,-0.993602,-5243150.0,698593.0,4999250.0,5131.91,752.685,5277.08,0.0012448,-0.000204766,0.00085557,0.00243364,-0.00243557,0.00158788,0.00379156,136,136,136,-9.22429,5.28665,-5.74085,-0.00282728,0.000466109,-0.00215273,0.00283018,-0.000452425,0.00216928,0,0,0,0,0,0,-0.000501803,0.00458379,0.00337329,-5243150.0,698579.0,4999260.0,5132.46,752.599,5277.47,-5243150.0,698593.0,4999250.0,5131.91,752.685,5277.08,7277260.0,0.000121465,98.0384,-179.919,-145.481,-170.595,8,1,1443355891,303091,2386,523116,0.805935,0.194065,369.265,0,0.0,0,0,0,0,0.00243364,-0.00243557,0.00158788,0.00379156,1,0,136.0,0.00361886,0.400234,-0.40176,-0.549902,-0.613196,2.22972e-05,-1.39944e-05,2.23331e-05,2.22972e-05,1.39944e-05,-2.23331e-05,136,-0.124899,-0.839534,4.18182e-05,-0.543307,2,0,0,2,2,0,0,0,0,0,1,1,1,136,0.00126153,10_36.0_50,Firesat_Attack_RWA,2025-08-28 20:59:17.074,2025-08-28 20:59:16.944,2071-06-24 12:11:13,-20.54030777232196,43.24204153099544,36.0,50.0,attack_rwa,Firesat_Attack_RWA_10_36.0_50,baseline
137,2025,10,0,12,11,32,0.755714,-0.358839,899999,51.1187,-0.876646,91.0,0.0,0.0,0.0,0.642634,0.681963,0.220032,0.271171,0.112967,-0.00124245,0.000144918,-0.993598,-5238020.0,699338.0,5004550.0,5137.5,751.589,5272.0,0.000995247,-0.000151002,0.000417321,0.00242403,-0.00246787,0.00157752,0.00380196,137,137,137,-9.1904,5.35803,-5.70096,-0.00187907,0.000846698,-0.00107486,0.00188215,-0.000832957,0.00109162,0,0,0,0,0,0,-0.000489876,0.00462285,0.0033974,-5238020.0,699337.0,5004530.0,5137.88,751.919,5272.29,-5238020.0,699338.0,5004560.0,5137.5,751.588,5272.0,7277260.0,0.0001219,98.0387,-179.918,-145.678,-170.34,8,1,1443355892,303092,2386,523147,0.805983,0.194017,369.854,0,0.0,0,0,0,0,0.00242403,-0.00246787,0.00157752,0.00380196,1,0,137.0,0.00341567,0.40021,-0.403094,-0.54884,-0.613288,2.23148e-05,-1.40371e-05,2.2318e-05,2.23148e-05,1.40371e-05,-2.2318e-05,137,-0.124896,-0.840828,-0.000187915,-0.541302,2,0,0,2,2,0,0,0,0,0,1,1,1,137,0.00100664,10_36.0_50,Firesat_Attack_RWA,2025-08-28 20:59:17.074,2025-08-28 20:59:16.944,2071-06-24 12:11:14,-20.559960224694947,43.29922271894949,36.0,50.0,attack_rwa,Firesat_Attack_RWA_10_36.0_50,baseline
138,2025,10,0,12,11,33,0.756713,-0.35918,900005,51.1187,-0.876646,91.0,0.0,0.0,0.0,0.641855,0.683438,0.218484,0.270554,0.113003,-0.00124245,0.000144964,-0.993594,-5232880.0,700072.0,5009810.0,5142.53,751.338,5266.77,0.000963351,-0.000991767,0.00124904,0.00242496,-0.00249364,0.00157941,0.00382011,138,138,138,-9.19551,5.41489,-5.70645,-0.00203129,0.00292623,-0.00308061,0.00203451,-0.00291235,0.00309759,0,0,0,0,0,0,-0.000477988,0.00466126,0.00342139,-5232880.0,700087.0,5009810.0,5143.3,751.181,5267.18,-5232880.0,700072.0,5009810.0,5142.53,751.338,5266.77,7277370.0,0.000107565,98.0386,-179.919,-143.682,-172.277,8,1,1443355893,303093,2386,523178,0.80603,0.19397,370.447,0,0.0,0,0,0,0,0.00242496,-0.00249364,0.00157941,0.00382011,1,0,138.0,0.00471735,0.400459,-0.404656,-0.547124,-0.613629,2.23328e-05,-1.40799e-05,2.23023e-05,2.23328e-05,1.40799e-05,-2.23023e-05,138,-0.124898,-0.842603,0.000532913,-0.538534,2,0,0,2,2,0,0,0,0,0,1,1,1,138,0.00138262,10_36.0_50,Firesat_Attack_RWA,2025-08-28 20:59:17.074,2025-08-28 20:59:16.944,2071-06-24 12:11:15,-20.57949808550891,43.35646120268306,36.0,50.0,attack_rwa,Firesat_Attack_RWA_10_36.0_50,baseline
139,2025,10,0,12,11,34,0.757711,-0.359521,900002,51.1187,-0.876646,91.0,0.0,0.0,0.0,0.640851,0.684843,0.217926,0.269832,0.113039,-0.00124244,0.000145009,-0.99359,-5227730.0,700843.0,5015070.0,5148.27,750.807,5261.49,0.00173503,-0.000558079,0.000695552,0.0024246,-0.00248177,0.00155788,0.00380327,139,139,139,-9.19585,5.3881,-5.62517,-0.00364553,0.00147411,-0.00174672,0.00364883,-0.0014602,0.00176375,0,0,0,0,0,0,-0.000465558,0.0047,0.00344516,-5227730.0,700833.0,5015070.0,5148.71,750.424,5261.98,-5227730.0,700843.0,5015070.0,5148.27,750.807,5261.49,7277340.0,0.000111608,98.0384,-179.919,-144.669,-171.232,8,1,1443355894,303094,2386,523209,0.806078,0.193922,371.039,0,0.0,0,0,0,0,0.0024246,-0.00248177,0.00155788,0.00380327,1,0,139.0,0.00390617,0.399957,-0.406221,-0.546091,-0.613843,2.23507e-05,-1.41224e-05,2.22866e-05,2.23507e-05,1.41224e-05,-2.22866e-05,139,-0.124901,-0.843692,-0.000345091,-0.536827,2,0,0,2,2,0,0,0,0,0,1,1,1,139,0.00182257,10_36.0_50,Firesat_Attack_RWA,2025-08-28 20:59:17.074,2025-08-28 20:59:16.944,2071-06-24 12:11:16,-20.599035946322868,43.41364239063712,36.0,50.0,attack_rwa,Firesat_Attack_RWA_10_36.0_50,baseline
140,2025,10,0,12,11,35,0.758708,-0.359865,900001,51.1187,-0.876646,91.0,0.0,0.0,0.0,0.640408,0.685761,0.216672,0.269558,0.113076,-0.00124244,0.000145054,-0.993586,-5222570.0,701598.0,5020340.0,5153.45,749.867,5256.18,0.0005447,-0.000370473,0.00116314,0.00240529,-0.00249602,0.00155192,0.00379789,140,140,140,-9.12597,5.41937,-5.60158,-0.000726086,0.0011224,-0.00264892,0.000729505,-0.00110844,0.00266607,0,0,0,0,0,0,-0.000453547,0.00473822,0.00346917,-5222580.0,701589.0,5020330.0,5154.11,749.739,5256.78,-5222570.0,701598.0,5020340.0,5153.45,749.867,5256.18,7277330.0,0.000113018,98.0386,-179.919,-145.133,-170.71,8,1,1443355895,303095,2386,523240,0.806125,0.193875,371.63,0,0.0,0,0,0,0,0.00240529,-0.00249602,0.00155192,0.00379789,1,0,140.0,0.00327761,0.400313,-0.407131,-0.544811,-0.614146,2.23687e-05,-1.41649e-05,2.2271e-05,2.23687e-05,1.41649e-05,-2.2271e-05,140,-0.124897,-0.844916,0.000691196,-0.534899,2,0,0,2,2,0,0,0,0,0,1,1,1,140,0.000658748,10_36.0_50,Firesat_Attack_RWA,2025-08-28 20:59:17.074,2025-08-28 20:59:16.944,2071-06-24 12:11:17,-20.61874569447537,43.47076628281167,36.0,50.0,attack_rwa,Firesat_Attack_RWA_10_36.0_50,baseline
141,2025,10,0,12,11,36,0.759706,-0.360209,900005,51.1187,-0.876646,91.0,0.0,0.0,0.0,0.639686,0.687164,0.215618,0.268546,0.113112,-0.00124243,0.0001451,-0.993581,-5217430.0,702371.0,5025590.0,5158.65,748.964,5251.05,0.000783421,-0.00106743,0.000780514,0.00241993,-0.0025169,0.0015351,0.00381411,141,141,141,-9.18186,5.46539,-5.53775,-0.0016277,0.00275732,-0.00177987,0.00163129,-0.00274327,0.00179725,0,0,0,0,0,0,-0.000440963,0.00477661,0.00349288,-5217420.0,702346.0,5025590.0,5159.51,749.068,5251.62,-5217430.0,702371.0,5025590.0,5158.65,748.964,5251.05,7277390.0,0.0001042,98.039,-179.918,-143.599,-172.186,8,1,1443355896,303096,2386,523271,0.806173,0.193827,372.222,0,0.0,0,0,0,0,0.00241993,-0.0025169,0.0015351,0.00381411,1,0,141.0,0.00430139,0.400327,-0.40886,-0.543533,-0.614121,2.23869e-05,-1.42072e-05,2.2255e-05,2.23869e-05,1.42072e-05,-2.2255e-05,141,-0.124893,-0.846614,0.000243275,-0.532208,2,0,0,2,2,0,0,0,0,0,1,1,1,141,0.00132407,10_36.0_50,Firesat_Attack_RWA,2025-08-28 20:59:17.074,2025-08-28 20:59:16.944,2071-06-24 12:11:18,-20.63845544262787,43.52794747076572,36.0,50.0,attack_rwa,Firesat_Attack_RWA_10_36.0_50,baseline
142,2025,10,0,12,11,37,0.760703,-0.360555,900009,51.1187,-0.876646,91.0,0.0,0.0,0.0,0.638984,0.68829,0.214832,0.26796,0.113148,-0.00124243,0.000145145,-0.993577,-5212260.0,703098.0,5030840.0,5164.4,748.266,5246.22,0.000602665,-0.000686269,0.000454944,0.00242444,-0.00250812,0.0015285,0.00380853,142,142,142,-9.20026,5.44546,-5.5118,-0.00136545,0.00164417,-0.00116948,0.0013691,-0.00163001,0.00118694,0,0,0,0,0,0,-0.000428413,0.00481535,0.00351688,-5212260.0,703105.0,5030840.0,5164.87,748.409,5246.42,-5212260.0,703098.0,5030840.0,5164.4,748.266,5246.22,7277360.0,0.000108419,98.0394,-179.918,-141.467,-174.259,8,1,1443355897,303097,2386,523302,0.806221,0.193779,372.813,0,0.0,0,0,0,0,0.00242444,-0.00250812,0.0015285,0.00380853,1,0,142.0,0.00329901,0.400203,-0.410119,-0.542487,-0.614287,2.24051e-05,-1.4249e-05,2.22392e-05,2.24051e-05,1.4249e-05,-2.22392e-05,142,-0.124887,-0.847736,6.575e-05,-0.530418,2,0,0,2,2,0,0,0,0,0,1,1,1,142,0.000913329,10_36.0_50,Firesat_Attack_RWA,2025-08-28 20:59:17.074,2025-08-28 20:59:16.944,2071-06-24 12:11:19,-20.6582797823394,43.58507136294026,36.0,50.0,attack_rwa,Firesat_Attack_RWA_10_36.0_50,baseline
143,2025,10,0,12,11,38,0.761701,-0.360898,900009,51.1187,-0.876646,91.0,0.0,0.0,0.0,0.638216,0.689643,0.213426,0.267435,0.113184,-0.00124242,0.00014519,-0.993573,-5207100.0,703844.0,5036090.0,5169.45,747.447,5240.59,0.000445068,-0.00109796,0.00120333,0.00243194,-0.00251996,0.00152911,0.00382135,143,143,143,-9.22967,5.47139,-5.51253,-0.00113932,0.00252437,-0.00281326,0.00114306,-0.00251005,0.00283089,0,0,0,0,0,0,-0.000415674,0.00485393,0.00354066,-5207100.0,703849.0,5036080.0,5170.26,747.657,5241.22,-5207100.0,703844.0,5036090.0,5169.45,747.447,5240.59,7277370.0,0.000106518,98.0392,-179.918,-141.497,-174.171,8,1,1443355898,303098,2386,523333,0.806269,0.193731,373.403,0,0.0,0,0,0,0,0.00243194,-0.00251996,0.00152911,0.00382135,1,0,143.0,0.00432407,0.40038,-0.411528,-0.540894,-0.614633,2.24231e-05,-1.42906e-05,2.22237e-05,2.24231e-05,1.42906e-05,-2.22237e-05,143,-0.12489,-0.849278,0.000786432,-0.527946,2,0,0,2,2,0,0,0,0,0,1,1,1,143,0.00118474,10_36.0_50,Firesat_Attack_RWA,2025-08-28 20:59:17.074,2025-08-28 20:59:16.944,2071-06-24 12:11:20,-20.677932234712383,43.64225255089432,36.0,50.0,attack_rwa,Firesat_Attack_RWA_10_36.0_50,baseline
144,2025,10,0,12,11,39,0.762699,-0.361242,900013,51.1187,-0.876646,91.0,0.0,0.0,0.0,0.637104,0.691193,0.212469,0.266849,0.11322,-0.00124242,0.000145235,-0.993569,-5201930.0,704580.0,5041330.0,5174.89,747.012,5235.8,0.00127882,-0.0009682,0.00153034,0.00244187,-0.00251612,0.00151011,0.0038176,144,144,144,-9.26816,5.46247,-5.44063,-0.00308833,0.00198234,-0.00328945,0.00309218,-0.00196795,0.0033072,0,0,0,0,0,0,-0.000403122,0.00489253,0.00356469,-5201930.0,704592.0,5041330.0,5175.62,746.9,5236.04,-5201930.0,704580.0,5041330.0,5174.89,747.012,5235.79,7277400.0,0.000103183,98.039,-179.918,-139.137,-176.473,8,1,1443355899,303099,2386,523364,0.806317,0.193683,373.991,0,0.0,0,0,0,0,0.00244187,-0.00251612,0.00151011,0.0038176,1,0,144.0,0.00442631,0.400018,-0.413134,-0.539472,-0.615042,2.24411e-05,-1.43319e-05,2.22083e-05,2.24411e-05,1.43319e-05,-2.22083e-05,144,-0.124893,-0.850533,0.000628126,-0.525922,2,1,1,2,2,0,0,0,0,0,1,1,1,144,0.00160399,10_36.0_50,Firesat_Attack_RWA,2025-08-28 20:59:17.074,2025-08-28 20:59:16.944,2071-06-24 12:11:21,-20.697641982864884,43.69943373884838,36.0,50.0,attack_rwa,Firesat_Attack_RWA_10_36.0_50,baseline
145,2025,10,0,12,11,40,0.763696,-0.361586,900016,51.1187,-0.876646,91.0,0.0,0.0,0.0,0.636494,0.692236,0.211656,0.266247,0.113257,-0.00124241,0.000145281,-0.993565,-5196760.0,705336.0,5046570.0,5180.44,746.102,5230.23,0.000859996,-0.000610368,0.00116163,0.00242892,-0.00252239,0.00148531,0.00380371,145,145,145,-9.22181,5.476,-5.34723,-0.00198354,0.00112854,-0.00221068,0.00198754,-0.00111418,0.00222853,0,0,0,0,0,0,-0.000390386,0.00493071,0.00358829,-5196750.0,705334.0,5046560.0,5180.98,746.137,5230.84,-5196760.0,705336.0,5046570.0,5180.44,746.102,5230.23,7277400.0,0.000103397,98.0388,-179.918,-137.799,-177.752,8,1,1443355900,303100,2386,523395,0.806365,0.193635,374.577,0,0.0,0,0,0,0,0.00242892,-0.00252239,0.00148531,0.00380371,1,0,145.0,0.00315193,0.399984,-0.414333,-0.538456,-0.615147,2.24591e-05,-1.43727e-05,2.2193e-05,2.24591e-05,1.43727e-05,-2.2193e-05,145,-0.124896,-0.851669,0.000538206,-0.524079,2,1,1,2,2,0,0,0,0,0,1,1,1,145,0.00105458,10_36.0_50,Firesat_Attack_RWA,2025-08-28 20:59:17.074,2025-08-28 20:59:16.944,2071-06-24 12:11:22,-20.717351731017384,43.75655763102292,36.0,50.0,attack_rwa,Firesat_Attack_RWA_10_36.0_50,baseline
146,2025,10,0,12,11,41,0.764694,-0.361932,900018,51.1187,-0.876646,91.0,0.0,0.0,0.0,0.635641,0.693513,0.210365,0.265982,0.113293,-0.00124241,0.000145326,-0.993561,-5191560.0,706078.0,5051780.0,5185.7,745.318,5224.98,0.000681403,-0.000401636,0.00212303,0.00242875,-0.00254437,0.00147309,0.00381348,146,146,146,-9.22284,5.52446,-5.30042,-0.00179324,0.000871461,-0.00415818,0.00179741,-0.000857033,0.00417622,0,0,0,0,0,0,-0.000377606,0.00496915,0.00361217,-5191570.0,706080.0,5051790.0,5186.34,745.412,5225.63,-5191560.0,706078.0,5051780.0,5185.7,745.318,5224.98,7277400.0,0.000104037,98.0388,-179.918,-136.873,-178.62,8,1,1443355901,303101,2386,523427,0.806413,0.193587,375.164,0,0.0,0,0,0,0,0.00242875,-0.00254437,0.00147309,0.00381348,1,0,146.0,0.00404751,0.400026,-0.415532,-0.53691,-0.615663,2.24774e-05,-1.44132e-05,2.21775e-05,2.24774e-05,1.44132e-05,-2.21775e-05,146,-0.124896,-0.852885,0.0014546,-0.522097,2,0,1,2,2,0,0,0,0,0,1,1,1,146,0.000790962,10_36.0_50,Firesat_Attack_RWA,2025-08-28 20:59:17.074,2025-08-28 20:59:16.944,2071-06-24 12:11:23,-20.73717607072891,43.81373881897697,36.0,50.0,attack_rwa,Firesat_Attack_RWA_10_36.0_50,baseline
147,2025,10,0,12,11,42,0.765691,-0.362279,900008,51.1187,-0.876646,91.0,0.0,0.0,0.0,0.634926,0.694878,0.20975,0.264609,0.113329,-0.0012424,0.000145371,-0.993557,-5186350.0,706827.0,5057000.0,5191.24,744.465,5219.94,0.00125321,-0.000963144,0.000712475,0.00243128,-0.00257105,0.00143808,0.00381962,147,147,147,-9.23385,5.58338,-5.16922,-0.00296227,0.00222161,-0.000760482,0.00296669,-0.00220722,0.000778761,0,0,0,0,0,0,-0.000364716,0.00500686,0.00363556,-5186370.0,706825.0,5057010.0,5191.76,744.679,5220.36,-5186350.0,706827.0,5057000.0,5191.24,744.465,5219.94,7277400.0,0.000103168,98.0388,-179.918,-141.995,-173.44,8,1,1443355902,303102,2386,523458,0.806461,0.193539,375.754,0,0.0,0,0,0,0,0.00243128,-0.00257105,0.00143808,0.00381962,1,0,147.0,0.00430815,0.399794,-0.417438,-0.535996,-0.615321,2.24964e-05,-1.44531e-05,2.21616e-05,2.24964e-05,1.44531e-05,-2.21616e-05,147,-0.124896,-0.854506,-4.28458e-05,-0.519441,2,0,1,2,2,0,0,0,0,0,1,1,1,147,0.00158056,10_36.0_50,Firesat_Attack_RWA,2025-08-28 20:59:17.074,2025-08-28 20:59:16.944,2071-06-24 12:11:24,-20.757057706219957,43.87086271115152,36.0,50.0,attack_rwa,Firesat_Attack_RWA_10_36.0_50,baseline
148,2025,10,0,12,11,43,0.766689,-0.362626,899999,51.1187,-0.876646,91.0,0.0,0.0,0.0,0.634181,0.696112,0.208638,0.264032,0.113365,-0.0012424,0.000145417,-0.993553,-5181180.0,707577.0,5062210.0,5196.29,744.049,5214.65,0.00110037,-0.000954308,0.000972744,0.00241991,-0.0025727,0.00144287,0.00381532,148,148,148,-9.19335,5.5867,-5.18542,-0.00249387,0.00220914,-0.00160603,0.00249835,-0.00219464,0.00162439,0,0,0,0,0,0,-0.000351226,0.00504482,0.00365863,-5181170.0,707571.0,5062220.0,5197.19,743.961,5215.11,-5181180.0,707577.0,5062210.0,5196.29,744.049,5214.65,7277430.0,9.84229e-05,98.0389,-179.918,-146.878,-168.498,8,1,1443355903,303103,2386,523489,0.806509,0.193491,376.345,0,0.0,0,0,0,0,0.00241991,-0.0025727,0.00144287,0.00381532,1,0,148.0,0.00381716,0.399821,-0.418778,-0.534658,-0.615556,2.25156e-05,-1.44929e-05,2.21455e-05,2.25156e-05,1.44929e-05,-2.21455e-05,148,-0.124895,-0.855829,0.000262635,-0.517259,2,1,1,2,2,0,0,0,0,0,1,1,1,148,0.00145655,10_36.0_50,Firesat_Attack_RWA,2025-08-28 20:59:17.074,2025-08-28 20:59:16.944,2071-06-24 12:11:25,-20.77693934171099,43.92804389910557,36.0,50.0,attack_rwa,Firesat_Attack_RWA_10_36.0_50,baseline
149,2025,10,0,12,11,44,0.767685,-0.362974,899999,51.1187,-0.876646,91.0,0.0,0.0,0.0,0.633556,0.697106,0.207878,0.263509,0.113402,-0.00124239,0.000145462,-0.993548,-5175990.0,708325.0,5067420.0,5201.53,743.077,5209.24,0.000642945,-0.000346074,0.000658652,0.00241406,-0.00257533,0.00143801,0.00381154,149,149,149,-9.17327,5.59217,-5.16585,-0.00144656,0.000835669,-0.00104723,0.00145113,-0.000821081,0.00106569,0,0,0,0,0,0,-0.0003379,0.00508295,0.00368218,-5175970.0,708318.0,5067430.0,5202.5,743.252,5209.83,-5175990.0,708325.0,5067420.0,5201.53,743.077,5209.24,7277320.0,0.000113935,98.0391,-179.918,-145.836,-169.482,8,1,1443355904,303104,2386,523521,0.806558,0.193442,376.934,0,0.0,0,0,0,0,0.00241406,-0.00257533,0.00143801,0.00381154,1,0,149.0,0.00298798,0.399745,-0.419893,-0.533676,-0.615697,2.25346e-05,-1.45328e-05,2.21293e-05,2.25346e-05,1.45328e-05,-2.21293e-05,149,-0.124892,-0.85684,0.000232714,-0.515582,2,1,1,2,2,0,0,0,0,0,1,1,1,149,0.000730169,10_36.0_50,Firesat_Attack_RWA,2025-08-28 20:59:17.074,2025-08-28 20:59:16.944,2071-06-24 12:11:26,-20.796878272981544,43.9851104955006,36.0,50.0,attack_rwa,Firesat_Attack_RWA_10_36.0_50,baseline
150,2025,10,0,12,11,45,0.768682,-0.363322,900001,51.1187,-0.876646,91.0,0.0,0.0,0.0,0.632707,0.698597,0.2067,0.262524,0.113438,-0.00124238,0.000145507,-0.993544,-5170770.0,709055.0,5072640.0,5206.55,742.62,5204.02,0.00110001,-0.00106693,0.000674311,0.00242052,-0.00260334,0.00143951,0.00383517,150,150,150,-9.19885,5.65404,-5.16987,-0.00242842,0.00263662,-0.00124657,0.00243315,-0.00262188,0.00126528,0,0,0,0,0,0,-0.000324445,0.00512099,0.00370571,-5170770.0,709063.0,5072630.0,5207.81,742.532,5204.56,-5170770.0,709055.0,5072640.0,5206.55,742.62,5204.02,7277250.0,0.000124032,98.0392,-179.918,-144.384,-170.876,8,1,1443355905,303105,2386,523552,0.806606,0.193394,377.525,0,0.0,0,0,0,0,0.00242052,-0.00260334,0.00143951,0.00383517,1,0,150.0,0.00460505,0.399724,-0.42168,-0.532225,-0.615746,2.25537e-05,-1.45728e-05,2.2113e-05,2.25537e-05,1.45728e-05,-2.2113e-05,150,-0.124891,-0.858535,1.41981e-05,-0.512755,2,1,1,2,2,0,0,0,0,0,1,1,1,150,0.00153244,10_36.0_50,Firesat_Attack_RWA,2025-08-28 20:59:17.074,2025-08-28 20:59:16.944,2071-06-24 12:11:27,-20.816817204252093,44.04223438767514,36.0,50.0,attack_rwa,Firesat_Attack_RWA_10_36.0_50,baseline
151,2025,10,0,12,11,46,0.769679,-0.36367,900002,51.1187,-0.876646,91.0,0.0,0.0,0.0,0.632707,0.698597,0.2067,0.262524,0.113474,-0.00124238,0.000145553,-0.99354,-5165570.0,709820.0,5077830.0,5212.48,741.688,5198.8,-0.00130739,0.00152058,-0.00076306,0.00241525,-0.00259863,0.00143848,0.00382826,151,151,151,-9.179,5.64078,-5.16331,0.00239172,-0.0029355,0.00140905,-0.00238694,0.00295034,-0.00139026,0,0,0,0,0,0,-0.000331926,0.00514965,0.00374459,-5165560.0,709804.0,5077840.0,5213.14,741.793,5199.32,-5165570.0,709820.0,5077830.0,5212.48,741.688,5198.8,7277240.0,0.000124673,98.0392,-179.918,-143.688,-171.514,8,1,1443355906,303106,2386,523583,0.806654,0.193346,378.1,0,0.0,0,0,0,0,0.00241525,-0.00259863,0.00143848,0.00382826,1,0,150.0,0.00460505,0.399724,-0.42168,-0.532225,-0.615746,2.25727e-05,-1.46127e-05,2.20966e-05,2.25727e-05,1.46127e-05,-2.20966e-05,151,-0.124892,-0.858535,1.41074e-05,-0.512754,2,1,1,2,2,0,0,0,0,0,1,1,1,151,0.00200535,10_36.0_50,Firesat_Attack_RWA,2025-08-28 20:59:17.074,2025-08-28 20:59:16.944,2071-06-24 12:11:28,-20.83675613552265,44.09935827984969,36.0,50.0,attack_rwa,Firesat_Attack_RWA_10_36.0_50,baseline
152,2025,10,0,12,11,47,0.770676,-0.36402,900004,51.1187,-0.876646,91.0,0.0,0.0,0.0,0.631767,0.699938,0.205649,0.262041,0.11351,-0.00124237,0.000145598,-0.993536,-5160340.0,710554.0,5083050.0,5217.65,740.872,5193.63,-0.00105402,0.00180004,-0.000285736,0.00241551,-0.00262469,0.00143191,0.0038437,152,152,152,-9.18232,5.69798,-5.13878,0.00201083,-0.00318508,0.000492584,-0.00200596,0.00319997,-0.000473508,0,0,0,0,0,0,-0.000333934,0.00517967,0.00377897,-5160350.0,710553.0,5083030.0,5218.47,741.108,5194.07,-5160340.0,710554.0,5083050.0,5217.65,740.872,5193.63,7277240.0,0.000124425,98.0395,-179.918,-142.738,-172.405,8,1,1443355907,303107,2386,523614,0.806702,0.193298,378.692,0,0.0,0,0,0,0,0.00241551,-0.00262469,0.00143191,0.0038437,1,0,151.2,0.0039127,0.399558,-0.423055,-0.530824,-0.61612,2.25919e-05,-1.46525e-05,2.20799e-05,2.25919e-05,1.46525e-05,-2.20799e-05,152,-0.124888,-0.859723,0.000291749,-0.51076,2,1,1,2,2,0,0,0,0,0,1,1,1,152,0.00208593,10_36.0_50,Firesat_Attack_RWA,2025-08-28 20:59:17.074,2025-08-28 20:59:16.944,2071-06-24 12:11:29,-20.856809658352223,44.15648217202423,36.0,50.0,attack_rwa,Firesat_Attack_RWA_10_36.0_50,baseline
153,2025,10,0,12,11,48,0.771674,-0.364369,900007,51.1187,-0.876646,91.0,0.0,0.0,0.0,0.630765,0.701252,0.204989,0.261461,0.113546,-0.00124237,0.000145643,-0.993532,-5155140.0,711263.0,5088220.0,5222.93,740.375,5188.18,-0.000504369,0.00248554,-0.000454524,0.00240501,-0.00266763,0.0014267,0.00386469,153,153,153,-9.14609,5.79213,-5.11748,0.00097619,-0.00358299,0.000669627,-0.000971091,0.003598,-0.000650169,0,0,0,0,0,0,-0.000328475,0.00523668,0.00382396,-5155130.0,711290.0,5088230.0,5223.8,740.348,5188.85,-5155140.0,711263.0,5088220.0,5222.93,740.375,5188.18,7277300.0,0.000116431,98.0393,-179.918,-141.472,-173.614,8,1,1443355908,303108,2386,523646,0.806751,0.193249,379.289,0,0.0,0,0,0,0,0.00240501,-0.00266763,0.0014267,0.00386469,1,0,152.2,0.00374245,0.399116,-0.424464,-0.529709,-0.616397,2.26117e-05,-1.46923e-05,2.20626e-05,2.26117e-05,1.46923e-05,-2.20626e-05,153,-0.12489,-0.860704,-0.000135261,-0.509106,2,1,1,2,2,0,0,0,0,0,1,1,1,153,0.00253619,10_36.0_50,Firesat_Attack_RWA,2025-08-28 20:59:17.074,2025-08-28 20:59:16.944,2071-06-24 12:11:30,-20.87680588540229,44.21366335997829,36.0,50.0,attack_rwa,Firesat_Attack_RWA_10_36.0_50,baseline
154,2025,10,0,12,11,49,0.772671,-0.364717,900008,51.1187,-0.876646,91.0,0.0,0.0,0.0,0.630183,0.702419,0.203936,0.260552,0.113583,-0.00124236,0.000145688,-0.993528,-5149900.0,712009.0,5093420.0,5228.29,739.721,5183.11,-0.000795598,0.00212486,-0.000753625,0.00239883,-0.00268714,0.00142646,0.00387426,154,154,154,-9.124,5.83664,-5.11454,0.00169989,-0.00291587,0.00110168,-0.00169458,0.00293098,-0.00108216,0,0,0,0,0,0,-0.000290652,0.0052709,0.00382093,-5149910.0,712017.0,5093410.0,5229.09,739.524,5183.58,-5149900.0,712009.0,5093420.0,5228.29,739.721,5183.11,7277220.0,0.000128373,98.0388,-179.918,-140.778,-174.25,8,1,1443355909,303109,2386,523677,0.806799,0.193201,379.891,0,0.0,0,0,0,0,0.00239883,-0.00268714,0.00142646,0.00387426,1,0,153.2,0.00381249,0.399243,-0.425941,-0.528513,-0.616323,2.26321e-05,-1.47323e-05,2.20445e-05,2.26321e-05,1.47323e-05,-2.20445e-05,154,-0.124898,-0.862214,-0.000247916,-0.506544,2,1,1,2,2,0,0,0,0,0,1,1,1,154,0.00226892,10_36.0_50,Firesat_Attack_RWA,2025-08-28 20:59:17.074,2025-08-28 20:59:16.944,2071-06-24 12:11:31,-20.896744816672847,44.27078725215283,36.0,50.0,attack_rwa,Firesat_Attack_RWA_10_36.0_50,baseline
155,2025,10,0,12,11,50,0.773668,-0.365066,900007,51.1187,-0.876646,91.0,0.0,0.0,0.0,0.629689,0.703499,0.202812,0.259709,0.113619,-0.00124236,0.000145734,-0.993524,-5144680.0,712740.0,5098600.0,5233.66,738.928,5177.59,-0.00138432,0.00179131,-0.000940394,0.00240694,-0.00269373,0.00142923,0.00388487,155,155,155,-9.15433,5.85155,-5.12303,0.00269058,-0.0022306,0.00122938,-0.00268515,0.00224584,-0.0012098,0,0,0,0,0,0,-0.00026654,0.00529416,0.00382474,-5144670.0,712751.0,5098600.0,5234.44,738.751,5178.32,-5144680.0,712740.0,5098600.0,5233.66,738.928,5177.59,7277250.0,0.000123224,98.0385,-179.919,-141.478,-173.491,8,1,1443355910,303110,2386,523709,0.806848,0.193152,380.494,0,0.0,0,0,0,0,0.00240694,-0.00269373,0.00142923,0.00388487,1,0,154.2,0.0036801,0.399483,-0.42731,-0.527308,-0.616252,2.26524e-05,-1.47723e-05,2.20263e-05,2.26524e-05,1.47723e-05,-2.20263e-05,155,-0.124902,-0.863711,-0.000116047,-0.503987,2,1,1,2,2,0,0,0,0,0,1,1,1,155,0.00226387,10_36.0_50,Firesat_Attack_RWA,2025-08-28 20:59:17.074,2025-08-28 20:59:16.944,2071-06-24 12:11:32,-20.91674104372291,44.32791114432737,36.0,50.0,attack_rwa,Firesat_Attack_RWA_10_36.0_50,baseline
156,2025,10,0,12,11,51,0.774665,-0.365416,900005,51.1187,-0.876646,91.0,0.0,0.0,0.0,0.628712,0.704975,0.201523,0.259076,0.113655,-0.00124235,0.000145779,-0.993519,-5139430.0,713480.0,5103750.0,5238.85,737.858,5172.56,-0.000962762,0.001546,-0.000209501,0.00240733,-0.00269061,0.00141582,0.00387804,156,156,156,-9.15851,5.84466,-5.07358,0.00159647,-0.00211635,-0.000268684,-0.00159103,0.0021316,0.000288396,0,0,0,0,0,0,-0.00026225,0.0053231,0.00385273,-5139440.0,713484.0,5103770.0,5239.75,737.977,5173.03,-5139430.0,713480.0,5103750.0,5238.85,737.858,5172.56,7277220.0,0.000127625,98.0383,-179.919,-141.93,-172.981,8,1,1443355911,303111,2386,523741,0.806897,0.193103,381.094,0,0.0,0,0,0,0,0.00240733,-0.00269061,0.00141582,0.00387804,1,0,155.2,0.00455765,0.399422,-0.428881,-0.525692,-0.61658,2.26725e-05,-1.48121e-05,2.20083e-05,2.26725e-05,1.48121e-05,-2.20083e-05,156,-0.124905,-0.865161,0.000300842,-0.501494,2,1,1,2,2,0,0,0,0,0,1,1,1,156,0.00182127,10_36.0_50,Firesat_Attack_RWA,2025-08-28 20:59:17.074,2025-08-28 20:59:16.944,2071-06-24 12:11:33,-20.936794566552493,44.38503503650192,36.0,50.0,attack_rwa,Firesat_Attack_RWA_10_36.0_50,baseline
157,2025,10,0,12,11,52,0.775662,-0.365768,899997,51.1187,-0.876646,91.0,0.0,0.0,0.0,0.628124,0.706093,0.200446,0.258292,0.113691,-0.00124235,0.000145824,-0.993515,-5134210.0,714242.0,5108920.0,5244.19,737.411,5167.43,-0.00136092,0.00139617,-0.000300549,0.00241118,-0.00268765,0.0014009,0.00387295,157,157,157,-9.17362,5.8377,-5.0164,0.00235453,-0.00207383,7.43784e-05,-0.00234896,0.00208913,-5.46065e-05,0,0,0,0,0,0,-0.000245175,0.00535558,0.00386994,-5134190.0,714223.0,5108930.0,5245.07,737.246,5167.68,-5134210.0,714242.0,5108920.0,5244.19,737.411,5167.43,7277120.0,0.000141643,98.0384,-179.919,-144.895,-169.958,8,1,1443355912,303112,2386,523773,0.806946,0.193054,381.69,0,0.0,0,0,0,0,0.00241118,-0.00268765,0.0014009,0.00387295,1,0,156.2,0.00367138,0.399558,-0.430247,-0.524473,-0.616579,2.26925e-05,-1.48515e-05,2.19905e-05,2.26925e-05,1.48515e-05,-2.19905e-05,157,-0.124904,-0.866562,0.00041782,-0.499069,2,1,1,2,2,0,0,0,0,0,1,1,1,157,0.00194972,10_36.0_50,Firesat_Attack_RWA,2025-08-28 20:59:17.074,2025-08-28 20:59:16.944,2071-06-24 12:11:34,-20.956962680941093,44.442158928676456,36.0,50.0,attack_rwa,Firesat_Attack_RWA_10_36.0_50,baseline
158,2025,10,0,12,11,53,0.776658,-0.366122,900000,51.1187,-0.876646,91.0,0.0,0.0,0.0,0.627242,0.707283,0.199434,0.257962,0.113728,-0.00124234,0.00014587,-0.993511,-5128950.0,714980.0,5114110.0,5249.5,736.678,5162.02,-0.00140419,0.00206045,0.000274905,0.00241696,-0.00270872,0.00137708,0.00388268,158,158,158,-9.19663,5.88274,-4.92764,0.00248527,-0.00323242,-0.000658178,-0.00247959,0.00324769,0.000678245,0,0,0,0,0,0,-0.000258314,0.00537953,0.00391258,-5128950.0,714969.0,5114090.0,5250.33,736.575,5162.38,-5128950.0,714980.0,5114110.0,5249.5,736.678,5162.02,7277060.0,0.000149342,98.0388,-179.918,-143.206,-171.588,8,1,1443355913,303113,2386,523804,0.806995,0.193005,382.285,0,0.0,0,0,0,0,0.00241696,-0.00270872,0.00137708,0.00388268,1,0,157.2,0.00364763,0.399416,-0.431411,-0.523138,-0.616991,2.27127e-05,-1.48904e-05,2.19728e-05,2.27127e-05,1.48904e-05,-2.19728e-05,158,-0.124898,-0.867557,0.000935738,-0.497337,2,1,1,2,2,0,0,0,0,0,1,1,1,158,0.00249343,10_36.0_50,Firesat_Attack_RWA,2025-08-28 20:59:17.074,2025-08-28 20:59:16.944,2071-06-24 12:11:35,-20.977245386888725,44.49922552507149,36.0,50.0,attack_rwa,Firesat_Attack_RWA_10_36.0_50,baseline
159,2025,10,0,12,11,54,0.777655,-0.366475,900008,51.1187,-0.876646,91.0,0.0,0.0,0.0,0.626659,0.708324,0.198666,0.257112,0.113764,-0.00124234,0.000145915,-0.993507,-5123710.0,715695.0,5119280.0,5254.8,735.85,5156.55,-0.0017272,0.00226059,-0.000354596,0.00242911,-0.00273667,0.00136758,0.00390643,159,159,159,-9.24259,5.94448,-4.88912,0.00285882,-0.0030655,0.00061263,-0.00285284,0.00308096,-0.00059232,0,0,0,0,0,0,-0.000228933,0.00543219,0.00393079,-5123700.0,715708.0,5119260.0,5255.62,735.855,5157.15,-5123710.0,715695.0,5119280.0,5254.8,735.85,5156.55,7277140.0,0.000139196,98.0389,-179.918,-140.469,-174.267,8,1,1443355914,303114,2386,523836,0.807044,0.192956,382.883,0,0.0,0,0,0,0,0.00242911,-0.00273667,0.00136758,0.00390643,1,0,158.2,0.00330992,0.399379,-0.432752,-0.522175,-0.616892,2.27334e-05,-1.49287e-05,2.19548e-05,2.27334e-05,1.49287e-05,-2.19548e-05,159,-0.124897,-0.868783,0.000545334,-0.495192,2,1,1,2,2,0,0,0,0,0,1,1,1,159,0.0028449,10_36.0_50,Firesat_Attack_RWA,2025-08-28 20:59:17.074,2025-08-28 20:59:16.944,2071-06-24 12:11:36,-20.997470797056845,44.55634941724603,36.0,50.0,attack_rwa,Firesat_Attack_RWA_10_36.0_50,baseline
160,2025,10,0,12,11,55,0.778652,-0.366827,900013,51.1187,-0.876646,91.0,0.0,0.0,0.0,0.625732,0.709793,0.197525,0.256196,0.1138,-0.00124233,0.00014596,-0.993503,-5118440.0,716431.0,5124400.0,5259.98,735.209,5151.45,-0.0011892,0.00182562,-0.000181738,0.00242906,-0.00274285,0.00135783,0.00390734,160,160,160,-9.2454,5.95914,-4.85181,0.00151111,-0.00240946,0.000140109,-0.00150499,0.00242502,-0.000119648,0,0,0,0,0,0,-0.000201623,0.00548217,0.00394944,-5118450.0,716437.0,5124420.0,5260.88,735.07,5151.88,-5118440.0,716431.0,5124400.0,5259.98,735.209,5151.45,7277130.0,0.000141028,98.0386,-179.919,-138.564,-176.114,8,1,1443355915,303115,2386,523868,0.807094,0.192906,383.483,0,0.0,0,0,0,0,0.00242906,-0.00274285,0.00135783,0.00390734,1,0,159.2,0.00454128,0.399274,-0.434481,-0.520709,-0.616984,2.27545e-05,-1.49666e-05,2.19366e-05,2.27545e-05,1.49666e-05,-2.19366e-05,160,-0.124901,-0.87032,0.000426469,-0.492486,2,1,1,2,2,0,0,0,0,0,1,1,1,160,0.00217878,10_36.0_50,Firesat_Attack_RWA,2025-08-28 20:59:17.074,2025-08-28 20:59:16.944,2071-06-24 12:11:37,-21.01763891144545,44.61347330942058,36.0,50.0,attack_rwa,Firesat_Attack_RWA_10_36.0_50,baseline
161,2025,10,0,12,11,56,0.779649,-0.367181,900006,51.1187,-0.876646,91.0,0.0,0.0,0.0,0.624912,0.711115,0.196664,0.255194,0.113836,-0.00124233,0.000146005,-0.993499,-5113170.0,717191.0,5129570.0,5265.48,734.491,5145.77,-0.000805018,0.00166424,-0.000613498,0.0024166,-0.00274436,0.00135463,0.00389955,161,161,161,-9.20167,5.9623,-4.83751,0.00109941,-0.00242307,0.00094581,-0.00109313,0.00243875,-0.000925231,0,0,0,0,0,0,-0.000177233,0.00554247,0.00397833,-5113180.0,717172.0,5129560.0,5266.2,734.33,5146.54,-5113170.0,717191.0,5129570.0,5265.48,734.491,5145.77,7277100.0,0.000144019,98.0387,-179.919,-141.212,-173.408,8,1,1443355916,303116,2386,523900,0.807143,0.192857,384.08,0,0.0,0,0,0,0,0.0024166,-0.00274436,0.00135463,0.00389955,1,0,160.2,0.00408161,0.399096,-0.436138,-0.519532,-0.616922,2.27754e-05,-1.50045e-05,2.19184e-05,2.27754e-05,1.50045e-05,-2.19184e-05,161,-0.124901,-0.871722,-0.000141174,-0.490001,2,1,1,2,2,0,0,0,0,0,1,1,1,161,0.00184872,10_36.0_50,Firesat_Attack_RWA,2025-08-28 20:59:17.074,2025-08-28 20:59:16.944,2071-06-24 12:11:38,-21.03792161739308,44.67059720159512,36.0,50.0,attack_rwa,Firesat_Attack_RWA_10_36.0_50,baseline
162,2025,10,0,12,11,57,0.780646,-0.367537,900006,51.1187,-0.876646,91.0,0.0,0.0,0.0,0.624103,0.712306,0.19552,0.254732,0.113872,-0.00124232,0.000146051,-0.993495,-5107920.0,717915.0,5134710.0,5270.64,733.653,5140.91,-0.000954997,0.00199267,-2.00765e-05,0.00240915,-0.00276024,0.00134104,0.00390146,162,162,162,-9.175,5.99645,-4.78696,0.00148716,-0.00273645,-0.000171916,-0.00148081,0.00275207,0.000192661,0,0,0,0,0,0,-0.000184517,0.00555317,0.00400639,-5107910.0,717914.0,5134710.0,5271.51,733.644,5141.24,-5107920.0,717915.0,5134710.0,5270.64,733.653,5140.91,7277160.0,0.000136105,98.039,-179.918,-141.418,-173.143,8,1,1443355917,303117,2386,523932,0.807192,0.192808,384.676,0,0.0,0,0,0,0,0.00240915,-0.00276024,0.00134104,0.00390146,1,0,161.2,0.00379225,0.399089,-0.437379,-0.518131,-0.617226,2.27964e-05,-1.50426e-05,2.19001e-05,2.27964e-05,1.50426e-05,-2.19001e-05,162,-0.124896,-0.872884,0.000447605,-0.487928,2,1,1,2,2,0,0,0,0,0,1,1,1,162,0.0022097,10_36.0_50,Firesat_Attack_RWA,2025-08-28 20:59:17.074,2025-08-28 20:59:16.944,2071-06-24 12:11:39,-21.058318914899736,44.72772109376966,36.0,50.0,attack_rwa,Firesat_Attack_RWA_10_36.0_50,baseline
163,2025,10,0,12,11,58,0.781642,-0.367891,900008,51.1187,-0.876646,91.0,0.0,0.0,0.0,0.623596,0.713272,0.194765,0.253845,0.113909,-0.00124232,0.000146096,-0.99349,-5102640.0,718634.0,5139850.0,5275.82,732.968,5135.23,-0.00145214,0.0021997,-0.000740968,0.0024132,-0.00277916,0.00133972,0.0039169,163,163,163,-9.19038,6.03807,-4.77879,0.00244225,-0.00295647,0.00114506,-0.00243565,0.00297227,-0.00112416,0,0,0,0,0,0,-0.000155771,0.00559801,0.00402052,-5102640.0,718646.0,5139850.0,5276.75,732.891,5135.93,-5102640.0,718634.0,5139850.0,5275.82,732.968,5135.22,7277120.0,0.000141428,98.0389,-179.918,-140.233,-174.27,8,1,1443355918,303118,2386,523964,0.807242,0.192758,385.273,0,0.0,0,0,0,0,0.0024132,-0.00277916,0.00133972,0.0039169,1,0,162.2,0.00319329,0.399107,-0.438679,-0.517222,-0.617054,2.28176e-05,-1.50804e-05,2.18814e-05,2.28176e-05,1.50804e-05,-2.18814e-05,163,-0.124897,-0.874101,5.58963e-05,-0.485744,2,1,1,2,2,0,0,0,0,0,1,1,1,163,0.0026358,10_36.0_50,Firesat_Attack_RWA,2025-08-28 20:59:17.074,2025-08-28 20:59:16.944,2071-06-24 12:11:40,-21.07860162084737,44.78478769016469,36.0,50.0,attack_rwa,Firesat_Attack_RWA_10_36.0_50,baseline
164,2025,10,0,12,11,59,0.78264,-0.368246,900010,51.1187,-0.876646,91.0,0.0,0.0,0.0,0.622699,0.714805,0.193314,0.252843,0.113945,-0.00124231,0.000146141,-0.993486,-5097360.0,719363.0,5144980.0,5281.06,732.044,5130.33,-0.000993698,0.00125175,-0.000185729,0.00240989,-0.00276665,0.00132937,0.00390246,164,164,164,-9.18078,6.01191,-4.74021,0.00150101,-0.00154075,2.24e-05,-0.00149438,0.00155657,-1.50952e-06,0,0,0,0,0,0,-0.000127265,0.00563124,0.00402696,-5097360.0,719372.0,5144980.0,5282.02,732.103,5130.64,-5097360.0,719363.0,5144980.0,5281.06,732.044,5130.33,7277130.0,0.000139821,98.0386,-179.919,-139.479,-174.966,8,1,1443355919,303119,2386,523996,0.807291,0.192709,385.868,0,0.0,0,0,0,0,0.00240989,-0.00276665,0.00132937,0.00390246,1,0,163.2,0.00500469,0.399204,-0.440509,-0.515519,-0.617112,2.28387e-05,-1.51182e-05,2.18628e-05,2.28387e-05,1.51182e-05,-2.18628e-05,164,-0.124902,-0.875876,0.000316218,-0.482536,2,1,1,2,2,0,0,0,0,0,1,1,1,164,0.00159822,10_36.0_50,Firesat_Attack_RWA,2025-08-28 20:59:17.074,2025-08-28 20:59:16.944,2071-06-24 12:11:41,-21.098941622574515,44.84196887811875,36.0,50.0,attack_rwa,Firesat_Attack_RWA_10_36.0_50,baseline
165,2025,10,0,12,12,0,0.783636,-0.368601,900010,51.1187,-0.876646,91.0,0.0,0.0,0.0,0.622048,0.715951,0.192311,0.251968,0.113981,-0.00124231,0.000146187,-0.993482,-5092090.0,720102.0,5150100.0,5286.44,731.52,5124.83,-0.00118965,0.00115192,-0.000372888,0.00240824,-0.00275363,0.0013202,0.00388909,165,165,165,-9.17571,5.98228,-4.70411,0.00177493,-0.00179465,0.000328279,-0.00176822,0.00181054,-0.000307368,0,0,0,0,0,0,-0.000111875,0.00566894,0.00405017,-5092080.0,720100.0,5150110.0,5287.27,731.334,5125.3,-5092090.0,720102.0,5150100.0,5286.44,731.52,5124.83,7277090.0,0.000145993,98.0385,-179.919,-139.485,-174.901,8,1,1443355920,303120,2386,524029,0.807341,0.192659,386.457,0,0.0,0,0,0,0,0.00240824,-0.00275363,0.0013202,0.00388909,1,0,164.2,0.00374617,0.399247,-0.441949,-0.514323,-0.617053,2.28595e-05,-1.51557e-05,2.18446e-05,2.28595e-05,1.51557e-05,-2.18446e-05,165,-0.124904,-0.877237,0.000243286,-0.480057,2,1,1,2,2,0,0,0,0,0,1,1,1,165,0.00165595,10_36.0_50,Firesat_Attack_RWA,2025-08-28 20:59:17.074,2025-08-28 20:59:16.944,2071-06-24 12:11:42,-21.119281624301657,44.89903547451378,36.0,50.0,attack_rwa,Firesat_Attack_RWA_10_36.0_50,baseline
166,2025,10,0,12,12,1,0.784632,-0.368958,900009,51.1187,-0.876646,91.0,0.0,0.0,0.0,0.621214,0.717095,0.191203,0.251615,0.114017,-0.0012423,0.000146232,-0.993478,-5086790.0,720842.0,5155230.0,5291.8,730.675,5119.51,-0.00137214,0.00175306,0.000339792,0.00240995,-0.00276667,0.0012975,0.00389177,166,166,166,-9.18328,6.00948,-4.61996,0.0021574,-0.00306962,-0.000767767,-0.00215062,0.00308544,0.000788907,0,0,0,0,0,0,-0.000128397,0.00568193,0.00408964,-5086790.0,720833.0,5155230.0,5292.51,730.603,5119.93,-5086790.0,720842.0,5155230.0,5291.8,730.675,5119.51,7277000.0,0.000158401,98.0386,-179.919,-139.702,-174.626,8,1,1443355921,303121,2386,524061,0.80739,0.19261,387.043,0,0.0,0,0,0,0,0.00240995,-0.00276667,0.0012975,0.00389177,1,0,165.2,0.00366381,0.399199,-0.443089,-0.512938,-0.61742,2.28801e-05,-1.5193e-05,2.18266e-05,2.28801e-05,1.5193e-05,-2.18266e-05,166,-0.124902,-0.878261,0.000953644,-0.478181,2,1,1,2,2,0,0,0,0,0,1,1,1,166,0.0022262,10_36.0_50,Firesat_Attack_RWA,2025-08-28 20:59:17.074,2025-08-28 20:59:16.944,2071-06-24 12:11:43,-21.139736217587828,44.956102070908806,36.0,50.0,attack_rwa,Firesat_Attack_RWA_10_36.0_50,baseline
167,2025,10,0,12,12,2,0.785628,-0.369316,900007,51.1187,-0.876646,91.0,0.0,0.0,0.0,0.620153,0.718635,0.19015,0.250633,0.114054,-0.00124229,0.000146277,-0.993474,-5081490.0,721580.0,5160330.0,5296.8,730.207,5114.17,-0.000468375,0.00142085,0.000463885,0.00239493,-0.00277395,0.00127303,0.00387957,167,167,167,-9.13105,6.0261,-4.52753,0.000537959,-0.00244058,-0.00074812,-0.00053097,0.00245639,0.000769426,0,0,0,0,0,0,-0.000101838,0.00574513,0.00411901,-5081490.0,721569.0,5160340.0,5297.78,729.894,5114.59,-5081490.0,721580.0,5160330.0,5296.8,730.207,5114.17,7277010.0,0.000156415,98.0389,-179.918,-140.401,-173.869,8,1,1443355922,303122,2386,524093,0.80744,0.19256,387.629,0,0.0,0,0,0,0,0.00239493,-0.00277395,0.00127303,0.00387957,1,0,166.2,0.00471994,0.398934,-0.444914,-0.511467,-0.617499,2.29012e-05,-1.52298e-05,2.18084e-05,2.29012e-05,1.52298e-05,-2.18084e-05,167,-0.124899,-0.879731,0.000630656,-0.475471,2,1,1,2,2,0,0,0,0,0,1,1,1,167,0.00149605,10_36.0_50,Firesat_Attack_RWA,2025-08-28 20:59:17.074,2025-08-28 20:59:16.944,2071-06-24 12:11:44,-21.16024810665351,45.01316866730384,36.0,50.0,attack_rwa,Firesat_Attack_RWA_10_36.0_50,baseline
168,2025,10,0,12,12,3,0.786625,-0.369674,900005,51.1187,-0.876646,91.0,0.0,0.0,0.0,0.619374,0.71984,0.189313,0.249732,0.11409,-0.00124229,0.000146323,-0.99347,-5076200.0,722289.0,5165460.0,5302.1,728.948,5108.61,-0.000305511,0.00154092,0.000118964,0.00237514,-0.00278337,0.0012581,0.00386927,168,168,168,-9.05926,6.04645,-4.46956,0.00076055,-0.00254865,0.000148692,-0.000753348,0.00256448,-0.000127278,0,0,0,0,0,0,-8.02989e-05,0.00579595,0.00414524,-5076190.0,722301.0,5165450.0,5303.03,729.169,5109.23,-5076200.0,722289.0,5165460.0,5302.1,728.948,5108.61,7276980.0,0.000160207,98.039,-179.918,-141.026,-173.186,8,1,1443355923,303123,2386,524125,0.80749,0.19251,388.213,0,0.0,0,0,0,0,0.00237514,-0.00278337,0.0012581,0.00386927,1,0,167.2,0.00377931,0.398776,-0.446418,-0.510335,-0.617452,2.29225e-05,-1.52665e-05,2.17899e-05,2.29225e-05,1.52665e-05,-2.17899e-05,168,-0.124897,-0.880983,0.000249193,-0.473147,2,1,1,2,2,0,0,0,0,0,1,1,1,168,0.00157092,10_36.0_50,Firesat_Attack_RWA,2025-08-28 20:59:17.074,2025-08-28 20:59:16.944,2071-06-24 12:11:45,-21.1807599957192,45.07029255947838,36.0,50.0,attack_rwa,Firesat_Attack_RWA_10_36.0_50,baseline
169,2025,10,0,12,12,4,0.787621,-0.370032,900007,51.1187,-0.876646,91.0,0.0,0.0,0.0,0.618916,0.720896,0.188197,0.248666,0.114126,-0.00124228,0.000146368,-0.993465,-5070880.0,723028.0,5170560.0,5307.54,728.42,5103.6,-0.000868747,0.00103654,-0.000235977,0.00237157,-0.00277617,0.00125392,0.00386054,169,169,169,-9.04588,6.03115,-4.45154,0.0018206,-0.00200266,0.000693112,-0.00181326,0.00201857,-0.00067179,0,0,0,0,0,0,-4.36837e-05,0.00582375,0.00413961,-5070890.0,723025.0,5170560.0,5308.27,728.389,5103.91,-5070880.0,723028.0,5170560.0,5307.54,728.42,5103.6,7277000.0,0.000158485,98.0388,-179.918,-140.156,-173.998,8,1,1443355924,303124,2386,524158,0.80754,0.19246,388.794,0,0.0,0,0,0,0,0.00237157,-0.00277617,0.00125392,0.00386054,1,0,168.2,0.00385087,0.39904,-0.447894,-0.509158,-0.617184,2.29437e-05,-1.53033e-05,2.17713e-05,2.29437e-05,1.53033e-05,-2.17713e-05,169,-0.1249,-0.882526,0.000199829,-0.470263,2,1,1,2,2,0,0,0,0,0,1,1,1,169,0.00135246,10_36.0_50,Firesat_Attack_RWA,2025-08-28 20:59:17.074,2025-08-28 20:59:16.944,2071-06-24 12:11:46,-21.20127188478488,45.12735915587341,36.0,50.0,attack_rwa,Firesat_Attack_RWA_10_36.0_50,baseline
170,2025,10,0,12,12,5,0.788618,-0.370391,900004,51.1187,-0.876646,91.0,0.0,0.0,0.0,0.618099,0.722128,0.187317,0.247783,0.114162,-0.00124228,0.000146413,-0.993461,-5065570.0,723768.0,5175650.0,5312.69,727.87,5097.97,-0.000644257,0.00114624,-0.000448165,0.00236576,-0.00277691,0.00125373,0.00385745,170,170,170,-9.02643,6.03188,-4.44898,0.00138839,-0.00245839,0.000887752,-0.00138096,0.00247442,-0.000866282,0,0,0,0,0,0,-3.28155e-05,0.005871,0.00417486,-5065570.0,723756.0,5175660.0,5313.52,727.661,5098.55,-5065570.0,723768.0,5175650.0,5312.69,727.87,5097.97,7277000.0,0.000157853,98.0389,-179.918,-141.149,-172.947,8,1,1443355925,303125,2386,524190,0.80759,0.19241,389.372,0,0.0,0,0,0,0,0.00236576,-0.00277691,0.00125373,0.00385745,1,0,169.2,0.00386895,0.398877,-0.449411,-0.507968,-0.617168,2.29646e-05,-1.53401e-05,2.17529e-05,2.29646e-05,1.53401e-05,-2.17529e-05,170,-0.124899,-0.883779,-9.50743e-05,-0.467905,2,1,1,2,2,0,0,0,0,0,1,1,1,170,0.00131489,10_36.0_50,Firesat_Attack_RWA,2025-08-28 20:59:17.074,2025-08-28 20:59:16.944,2071-06-24 12:11:47,-21.22184106963008,45.18448304804796,36.0,50.0,attack_rwa,Firesat_Attack_RWA_10_36.0_50,baseline
171,2025,10,0,12,12,6,0.789614,-0.370752,900000,51.1187,-0.876646,91.0,0.0,0.0,0.0,0.617184,0.723482,0.18623,0.246935,0.114198,-0.00124227,0.000146458,-0.993457,-5060250.0,724495.0,5180760.0,5317.73,726.927,5092.77,-0.0002406,0.00104165,-0.000214736,0.00235149,-0.00277914,0.00124742,0.00384827,171,171,171,-8.97582,6.03661,-4.42466,0.000952527,-0.00238393,0.000413428,-0.000945024,0.00239996,-0.000391849,0,0,0,0,0,0,-2.19239e-05,0.00590795,0.00420306,-5060250.0,724490.0,5180750.0,5318.78,726.954,5093.18,-5060250.0,724495.0,5180760.0,5317.73,726.927,5092.77,7277010.0,0.000156344,98.0392,-179.918,-142.46,-171.577,8,1,1443355926,303126,2386,524223,0.80764,0.19236,389.947,0,0.0,0,0,0,0,0.00235149,-0.00277914,0.00124742,0.00384827,1,0,170.2,0.00427431,0.39875,-0.451005,-0.506553,-0.61725,2.29853e-05,-1.53771e-05,2.17345e-05,2.29853e-05,1.53771e-05,-2.17345e-05,171,-0.124895,-0.885129,-7.82704e-05,-0.465345,2,1,1,2,2,0,0,0,0,0,1,1,1,171,0.00106907,10_36.0_50,Firesat_Attack_RWA,2025-08-28 20:59:17.074,2025-08-28 20:59:16.944,2071-06-24 12:11:48,-21.2425248460343,45.24154964444299,36.0,50.0,attack_rwa,Firesat_Attack_RWA_10_36.0_50,baseline
172,2025,10,0,12,12,7,0.790611,-0.371112,900002,51.1187,-0.876646,91.0,0.0,0.0,0.0,0.616565,0.724562,0.1852,0.246087,0.114235,-0.00124227,0.000146504,-0.993453,-5054950.0,725219.0,5185850.0,5323.03,726.589,5087.41,-0.000575208,0.00103539,-0.000304074,0.00234598,-0.00278298,0.00124159,0.00384579,172,172,172,-8.95581,6.04472,-4.40125,0.00166439,-0.00229882,0.000498522,-0.00165677,0.0023149,-0.000476895,0,0,0,0,0,0,-5.3039e-06,0.0059337,0.00421742,-5054930.0,725219.0,5185850.0,5324.01,726.222,5087.83,-5054950.0,725219.0,5185850.0,5323.03,726.589,5087.41,7277040.0,0.000152389,98.0393,-179.918,-141.855,-172.124,8,1,1443355927,303127,2386,524255,0.80769,0.19231,390.52,0,0.0,0,0,0,0,0.00234598,-0.00278298,0.00124159,0.00384579,1,0,171.2,0.00365114,0.398834,-0.452377,-0.505354,-0.617174,2.3006e-05,-1.54142e-05,2.17159e-05,2.3006e-05,1.54142e-05,-2.17159e-05,172,-0.124894,-0.886431,-3.63538e-06,-0.462862,2,1,1,2,2,0,0,0,0,0,1,1,1,172,0.00118444,10_36.0_50,Firesat_Attack_RWA,2025-08-28 20:59:17.074,2025-08-28 20:59:16.944,2071-06-24 12:11:49,-21.26315132665901,45.29867353661753,36.0,50.0,attack_rwa,Firesat_Attack_RWA_10_36.0_50,baseline
173,2025,10,0,12,12,8,0.791607,-0.371473,900006,51.1187,-0.876646,91.0,0.0,0.0,0.0,0.615982,0.725556,0.184023,0.2455,0.114271,-0.00124226,0.000146549,-0.993449,-5049610.0,725929.0,5190930.0,5328.25,725.503,5081.86,-0.0012348,0.00126377,0.000104663,0.00235539,-0.00279315,0.00122728,0.00385432,173,173,173,-8.9908,6.06663,-4.34754,0.00271393,-0.00281971,-0.000232165,-0.00270619,0.00283579,0.000253913,0,0,0,0,0,0,-2.17979e-06,0.0059408,0.00423284,-5049610.0,725943.0,5190930.0,5329.19,725.46,5082.47,-5049610.0,725929.0,5190930.0,5328.25,725.503,5081.86,7276970.0,0.000161705,98.0392,-179.918,-140.287,-173.634,8,1,1443355928,303128,2386,524288,0.80774,0.19226,391.091,0,0.0,0,0,0,0,0.00235539,-0.00279315,0.00122728,0.00385432,1,0,172.2,0.00349668,0.399032,-0.453527,-0.504055,-0.617264,2.30267e-05,-1.5451e-05,2.16974e-05,2.30267e-05,1.5451e-05,-2.16974e-05,173,-0.124895,-0.887619,0.000660961,-0.460578,2,1,1,2,2,0,0,0,0,0,1,1,1,173,0.00176688,10_36.0_50,Firesat_Attack_RWA,2025-08-28 20:59:17.074,2025-08-28 20:59:16.944,2071-06-24 12:11:50,-21.28383510306323,45.35574013301255,36.0,50.0,attack_rwa,Firesat_Attack_RWA_10_36.0_50,baseline
174,2025,10,0,12,12,9,0.792603,-0.371833,900003,51.1187,-0.876646,91.0,0.0,0.0,0.0,0.615191,0.726792,0.183056,0.244551,0.114307,-0.00124226,0.000146594,-0.993445,-5044280.0,726665.0,5196010.0,5333.49,724.552,5076.5,-0.00105282,0.00119475,-3.85501e-05,0.00236114,-0.00280328,0.00121505,0.00386132,174,174,174,-9.01429,6.08904,-4.30016,0.00221021,-0.00270014,0.000124742,-0.00220228,0.00271633,-0.000102793,0,0,0,0,0,0,2.05874e-05,0.00599211,0.00425885,-5044280.0,726662.0,5196010.0,5334.42,724.671,5077.08,-5044280.0,726665.0,5196010.0,5333.49,724.552,5076.5,7276970.0,0.00016264,98.039,-179.918,-141.424,-172.438,8,1,1443355929,303129,2386,524320,0.80779,0.19221,391.661,0,0.0,0,0,0,0,0.00236114,-0.00280328,0.00121505,0.00386132,1,0,173.2,0.00399505,0.398938,-0.455084,-0.502809,-0.617195,2.30476e-05,-1.54873e-05,2.16789e-05,2.30476e-05,1.54873e-05,-2.16789e-05,174,-0.124898,-0.888943,0.000447371,-0.458017,2,1,1,2,2,0,0,0,0,0,1,1,1,174,0.00159243,10_36.0_50,Firesat_Attack_RWA,2025-08-28 20:59:17.074,2025-08-28 20:59:16.944,2071-06-24 12:11:51,-21.304461583687942,45.41280672940759,36.0,50.0,attack_rwa,Firesat_Attack_RWA_10_36.0_50,baseline
175,2025,10,0,12,12,10,0.793599,-0.372194,900006,51.1187,-0.876646,91.0,0.0,0.0,0.0,0.614431,0.727895,0.182164,0.243843,0.114343,-0.00124225,0.00014664,-0.993441,-5038980.0,727370.0,5201090.0,5338.59,723.789,5071.03,-0.00113056,0.00162888,-4.80734e-05,0.00236583,-0.00282633,0.00120454,0.00387766,175,175,175,-9.03308,6.13919,-4.25951,0.00225463,-0.00300823,0.000181405,-0.00224651,0.0030245,-0.000159186,0,0,0,0,0,0,2.82425e-05,0.00602906,0.00429076,-5038950.0,727385.0,5201080.0,5339.6,723.911,5071.71,-5038980.0,727370.0,5201090.0,5338.59,723.789,5071.03,7276940.0,0.000166881,98.0389,-179.918,-140.194,-173.61,8,1,1443355930,303130,2386,524353,0.807841,0.192159,392.232,0,0.0,0,0,0,0,0.00236583,-0.00282633,0.00120454,0.00387766,1,0,174.2,0.00351727,0.398827,-0.456395,-0.501643,-0.617248,2.30688e-05,-1.55232e-05,2.16603e-05,2.30688e-05,1.55232e-05,-2.16603e-05,175,-0.124899,-0.890034,0.000471792,-0.455894,2,1,1,2,2,0,0,0,0,0,1,1,1,175,0.00198279,10_36.0_50,Firesat_Attack_RWA,2025-08-28 20:59:17.074,2025-08-28 20:59:16.944,2071-06-24 12:11:52,-21.325145360092165,45.469873325802624,36.0,50.0,attack_rwa,Firesat_Attack_RWA_10_36.0_50,baseline
176,2025,10,0,12,12,11,0.794595,-0.372555,900012,51.1187,-0.876646,91.0,0.0,0.0,0.0,0.613668,0.729065,0.181343,0.242878,0.11438,-0.00124225,0.000146685,-0.993436,-5033590.0,728119.0,5206150.0,5343.96,723.27,5065.51,-0.000992569,0.00175141,-0.000442204,0.0023668,-0.00284659,0.00120221,0.00389232,176,176,176,-9.03853,6.18419,-4.24836,0.00178789,-0.0034691,0.000755377,-0.00177954,0.00348553,-0.000732935,0,0,0,0,0,0,5.59575e-05,0.00608212,0.00431301,-5033610.0,728105.0,5206150.0,5344.75,723.128,5066.33,-5033590.0,728119.0,5206150.0,5343.96,723.27,5065.51,7276850.0,0.00017901,98.0387,-179.918,-138.387,-175.359,8,1,1443355931,303131,2386,524386,0.807891,0.192109,392.803,0,0.0,0,0,0,0,0.0023668,-0.00284659,0.00120221,0.00389232,1,0,175.2,0.00377064,0.398674,-0.457906,-0.500533,-0.617129,2.30903e-05,-1.55589e-05,2.16413e-05,2.30903e-05,1.55589e-05,-2.16413e-05,176,-0.124902,-0.891264,5.50438e-05,-0.453484,2,1,1,2,2,0,0,0,0,0,1,1,1,176,0.00201312,10_36.0_50,Firesat_Attack_RWA,2025-08-28 20:59:17.074,2025-08-28 20:59:16.944,2071-06-24 12:11:53,-21.345829136496388,45.52693992219765,36.0,50.0,attack_rwa,Firesat_Attack_RWA_10_36.0_50,baseline
177,2025,10,0,12,12,12,0.795592,-0.37292,900003,51.1187,-0.876646,91.0,0.0,0.0,0.0,0.612631,0.730456,0.179846,0.242432,0.114416,-0.00124224,0.00014673,-0.993432,-5028250.0,728831.0,5211220.0,5349.07,722.579,5060.32,-0.000691065,0.00181403,0.00100794,0.00235942,-0.0028712,0.00117128,0.00389647,177,177,177,-9.01335,6.23856,-4.13534,0.00138045,-0.00307549,-0.00165059,-0.001372,0.00309169,0.00167328,0,0,0,0,0,0,4.33558e-05,0.00608441,0.00434191,-5028260.0,728833.0,5211210.0,5350.02,722.415,5060.93,-5028250.0,728831.0,5211220.0,5349.07,722.579,5060.32,7276910.0,0.000170224,98.039,-179.918,-140.895,-172.793,8,1,1443355932,303132,2386,524419,0.807941,0.192059,393.377,0,0.0,0,0,0,0,0.00235942,-0.0028712,0.00117128,0.00389647,1,0,176.2,0.00466845,0.398682,-0.459301,-0.498712,-0.617561,2.31123e-05,-1.55944e-05,2.16219e-05,2.31123e-05,1.55944e-05,-2.16219e-05,177,-0.124898,-0.892523,0.00121113,-0.451,2,1,1,2,2,0,0,0,0,0,1,1,1,177,0.00194121,10_36.0_50,Firesat_Attack_RWA,2025-08-28 20:59:17.074,2025-08-28 20:59:16.944,2071-06-24 12:11:54,-21.36674209601866,45.584063814372186,36.0,50.0,attack_rwa,Firesat_Attack_RWA_10_36.0_50,baseline
178,2025,10,0,12,12,13,0.796588,-0.373283,900004,51.1187,-0.876646,91.0,0.0,0.0,0.0,0.612059,0.731543,0.179149,0.241111,0.114452,-0.00124224,0.000146775,-0.993428,-5022910.0,729549.0,5216280.0,5354.22,721.522,5055.08,-0.000742622,0.00155994,-0.000107105,0.00235371,-0.0028797,0.00116122,0.00389629,178,178,178,-8.99337,6.25803,-4.09344,0.00158756,-0.00250627,0.000605864,-0.00157877,0.00252264,-0.000583097,0,0,0,0,0,0,9.78856e-05,0.0061568,0.00434968,-5022900.0,729554.0,5216270.0,5355.21,721.651,5055.55,-5022910.0,729549.0,5216280.0,5354.22,721.522,5055.08,7276920.0,0.000168699,98.0389,-179.918,-140.731,-172.899,8,1,1443355933,303133,2386,524451,0.807992,0.192008,393.95,0,0.0,0,0,0,0,0.00235371,-0.0028797,0.00116122,0.00389629,1,0,177.2,0.00386749,0.398614,-0.460949,-0.497813,-0.617102,2.31348e-05,-1.56294e-05,2.16022e-05,2.31348e-05,1.56294e-05,-2.16022e-05,178,-0.1249,-0.893919,0.000236566,-0.448228,2,1,1,2,2,0,0,0,0,0,1,1,1,178,0.00172769,10_36.0_50,Firesat_Attack_RWA,2025-08-28 20:59:17.074,2025-08-28 20:59:16.944,2071-06-24 12:11:55,-21.387540463981907,45.64113041076722,36.0,50.0,attack_rwa,Firesat_Attack_RWA_10_36.0_50,baseline
179,2025,10,0,12,12,14,0.797584,-0.373647,900006,51.1187,-0.876646,91.0,0.0,0.0,0.0,0.611452,0.732526,0.178265,0.240317,0.114488,-0.00124223,0.000146821,-0.993424,-5017550.0,730288.0,5221320.0,5359.71,721.108,5049.64,-0.00114655,0.00191873,-0.000313761,0.00235727,-0.00289653,0.00116061,0.00391071,179,179,179,-9.00703,6.29449,-4.08919,0.00215993,-0.00317295,0.000775454,-0.00215097,0.00318944,-0.000752511,0,0,0,0,0,0,0.000109845,0.00618543,0.00437152,-5017550.0,730275.0,5221330.0,5360.38,720.896,5050.16,-5017550.0,730288.0,5221320.0,5359.71,721.108,5049.64,7276910.0,0.000170182,98.0389,-179.918,-139.87,-173.701,8,1,1443355934,303134,2386,524484,0.808043,0.191957,394.522,0,0.0,0,0,0,0,0.00235727,-0.00289653,0.00116061,0.00391071,1,0,178.2,0.00331463,0.398624,-0.46221,-0.496741,-0.617016,2.31574e-05,-1.56644e-05,2.15823e-05,2.31574e-05,1.56644e-05,-2.15823e-05,179,-0.1249,-0.895037,0.000229407,-0.445992,2,1,1,2,2,0,0,0,0,0,1,1,1,179,0.00223519,10_36.0_50,Firesat_Attack_RWA,2025-08-28 20:59:17.074,2025-08-28 20:59:16.944,2071-06-24 12:11:56,-21.40839612772467,45.69819700716225,36.0,50.0,attack_rwa,Firesat_Attack_RWA_10_36.0_50,baseline
180,2025,10,0,12,12,15,0.79858,-0.374013,900004,51.1187,-0.876646,91.0,0.0,0.0,0.0,0.610496,0.734065,0.176825,0.239116,0.114524,-0.00124222,0.000146866,-0.99342,-5012180.0,730996.0,5226360.0,5364.76,720.13,5044.5,-0.000475731,0.000869839,0.000173789,0.0023472,-0.00288195,0.00114884,0.00389035,180,180,180,-8.97276,6.26393,-4.04515,0.000990414,-0.00148973,-0.000148239,-0.000981412,0.0015062,0.000171161,0,0,0,0,0,0,0.000142504,0.00622512,0.00437924,-5012190.0,731000.0,5226370.0,5365.58,720.174,5044.73,-5012180.0,730996.0,5226360.0,5364.76,720.13,5044.5,7276890.0,0.000173167,98.0392,-179.918,-140.661,-172.852,8,1,1443355935,303135,2386,524517,0.808093,0.191907,395.093,0,0.0,0,0,0,0,0.0023472,-0.00288195,0.00114884,0.00389035,1,0,179.2,0.00521483,0.398666,-0.464159,-0.495012,-0.616915,2.31799e-05,-1.56993e-05,2.15624e-05,2.31799e-05,1.56993e-05,-2.15624e-05,180,-0.124897,-0.896778,0.0003662,-0.442481,2,1,1,2,2,0,0,0,0,0,1,1,1,180,0.000991433,10_36.0_50,Firesat_Attack_RWA,2025-08-28 20:59:17.074,2025-08-28 20:59:16.944,2071-06-24 12:11:57,-21.42936638302646,45.75526360355728,36.0,50.0,attack_rwa,Firesat_Attack_RWA_10_36.0_50,baseline
181,2025,10,0,12,12,16,0.799575,-0.374378,900002,51.1187,-0.876646,91.0,0.0,0.0,0.0,0.609717,0.735167,0.176012,0.238316,0.114561,-0.00124222,0.000146911,-0.993415,-5006820.0,731721.0,5231410.0,5369.78,719.201,5038.77,-0.000439405,0.00132713,-1.78794e-06,0.00233541,-0.00288249,0.00113893,0.00388072,181,181,181,-8.93031,6.26348,-4.00628,0.00119438,-0.00255254,0.000248958,-0.00118526,0.00256903,-0.000225916,0,0,0,0,0,0,0.000147257,0.00626568,0.00441767,-5006820.0,731718.0,5231410.0,5370.75,719.406,5039.31,-5006820.0,731721.0,5231420.0,5369.78,719.201,5038.77,7276860.0,0.00017756,98.0391,-179.918,-141.104,-172.35,8,1,1443355936,303136,2386,524550,0.808144,0.191856,395.657,0,0.0,0,0,0,0,0.00233541,-0.00288249,0.00113893,0.00388072,1,0,180.2,0.00353407,0.398495,-0.465521,-0.4939,-0.616891,2.32022e-05,-1.57342e-05,2.15427e-05,2.32022e-05,1.57342e-05,-2.15427e-05,181,-0.124898,-0.897845,0.000191607,-0.440311,2,1,1,2,2,0,0,0,0,0,1,1,1,181,0.00139798,10_36.0_50,Firesat_Attack_RWA,2025-08-28 20:59:17.074,2025-08-28 20:59:16.944,2071-06-24 12:11:58,-21.450279342548733,45.8122729041728,36.0,50.0,attack_rwa,Firesat_Attack_RWA_10_36.0_50,baseline
182,2025,10,0,12,12,17,0.800571,-0.374743,900007,51.1187,-0.876646,91.0,0.0,0.0,0.0,0.608953,0.736368,0.17464,0.237568,0.114597,-0.00124221,0.000146957,-0.993411,-5001480.0,732419.0,5236440.0,5374.93,718.675,5033.34,-0.000586864,0.00113407,0.000747047,0.00232939,-0.00288284,0.00111584,0.00387064,182,182,182,-8.90889,6.26432,-3.92058,0.0015257,-0.00210698,-0.00098278,-0.0015165,0.00212335,0.00100585,0,0,0,0,0,0,0.000155063,0.00627459,0.00442979,-5001450.0,732436.0,5236450.0,5375.87,718.638,5033.9,-5001480.0,732419.0,5236440.0,5374.93,718.675,5033.34,7276800.0,0.000185648,98.039,-179.918,-139.33,-174.066,8,1,1443355937,303137,2386,524583,0.808195,0.191805,396.219,0,0.0,0,0,0,0,0.00232939,-0.00288284,0.00111584,0.00387064,1,0,181.2,0.00422813,0.398656,-0.466934,-0.492338,-0.616968,2.32244e-05,-1.57689e-05,2.1523e-05,2.32244e-05,1.57689e-05,-2.1523e-05,182,-0.124899,-0.899195,0.000928408,-0.437548,2,1,1,2,2,0,0,0,0,0,1,1,1,182,0.00127692,10_36.0_50,Firesat_Attack_RWA,2025-08-28 20:59:17.074,2025-08-28 20:59:16.944,2071-06-24 12:11:59,-21.47119230207101,45.86933950056783,36.0,50.0,attack_rwa,Firesat_Attack_RWA_10_36.0_50,baseline
183,2025,10,0,12,12,18,0.801566,-0.375108,900012,51.1187,-0.876646,91.0,0.0,0.0,0.0,0.608236,0.737588,0.173581,0.236394,0.114633,-0.00124221,0.000147002,-0.993407,-4996080.0,733150.0,5241480.0,5380.36,717.79,5028.03,-0.000478818,0.000675238,0.000510165,0.00232253,-0.00286771,0.00109726,0.00384992,183,183,183,-8.88505,6.23123,-3.84923,0.00138855,-0.00200546,-0.000325526,-0.0013792,0.00202185,0.000348562,0,0,0,0,0,0,0.000190256,0.00632433,0.00444217,-4996080.0,733147.0,5241480.0,5380.96,717.834,5028.47,-4996080.0,733150.0,5241480.0,5380.36,717.79,5028.03,7276670.0,0.000204156,98.0388,-179.918,-137.817,-175.521,8,1,1443355938,303138,2386,524616,0.808246,0.191754,396.776,0,0.0,0,0,0,0,0.00232253,-0.00286771,0.00109726,0.00384992,1,0,182.2,0.00424386,0.398676,-0.468607,-0.491059,-0.616706,2.32467e-05,-1.58032e-05,2.15035e-05,2.32467e-05,1.58032e-05,-2.15035e-05,183,-0.124903,-0.900654,0.000667475,-0.434537,2,1,1,2,2,0,0,0,0,0,1,1,1,183,0.000827776,10_36.0_50,Firesat_Attack_RWA,2025-08-28 20:59:17.074,2025-08-28 20:59:16.944,2071-06-24 12:12:00,-21.492105261593284,45.92634880118335,36.0,50.0,attack_rwa,Firesat_Attack_RWA_10_36.0_50,baseline
184,2025,10,0,12,12,19,0.802562,-0.375476,900008,51.1187,-0.876646,91.0,0.0,0.0,0.0,0.60761,0.738498,0.172985,0.235598,0.114669,-0.0012422,0.000147047,-0.993403,-4990690.0,733878.0,5246490.0,5385.3,717.071,5022.64,-0.000792885,0.00146713,-9.19154e-05,0.00232227,-0.00288723,0.00109374,0.00386333,184,184,184,-8.88475,6.27229,-3.83307,0.0018681,-0.0034081,0.000703089,-0.00185853,0.00342462,-0.000679796,0,0,0,0,0,0,0.000195477,0.00636984,0.00448393,-4990700.0,733868.0,5246500.0,5386.16,717.095,5023.03,-4990690.0,733878.0,5246490.0,5385.3,717.071,5022.64,7276680.0,0.000202,98.0389,-179.918,-138.981,-174.299,8,1,1443355939,303139,2386,524649,0.808297,0.191703,397.33,0,0.0,0,0,0,0,0.00232227,-0.00288723,0.00109374,0.00386333,1,0,183.2,0.00297304,0.398505,-0.469809,-0.490212,-0.616575,2.32689e-05,-1.58374e-05,2.1484e-05,2.32689e-05,1.58374e-05,-2.1484e-05,184,-0.124901,-0.90157,0.000259606,-0.432633,2,1,1,2,2,0,0,0,0,0,1,1,1,184,0.00166767,10_36.0_50,Firesat_Attack_RWA,2025-08-28 20:59:17.074,2025-08-28 20:59:16.944,2071-06-24 12:12:01,-21.513190108454097,45.983415397578376,36.0,50.0,attack_rwa,Firesat_Attack_RWA_10_36.0_50,baseline
185,2025,10,0,12,12,20,0.803558,-0.375844,900001,51.1187,-0.876646,91.0,0.0,0.0,0.0,0.606876,0.739573,0.171912,0.234903,0.114706,-0.0012422,0.000147093,-0.993399,-4985300.0,734586.0,5251520.0,5390.54,716.174,5017.23,-0.00100162,0.00180077,0.000251545,0.00232602,-0.00291838,0.00108442,0.0038863,185,185,185,-8.89973,6.34099,-3.7978,0.00230226,-0.0035164,8.20663e-05,-0.00229249,0.00353295,-5.84939e-05,0,0,0,0,0,0,0.000201548,0.00638978,0.00450613,-4985300.0,734588.0,5251520.0,5391.35,716.365,5017.57,-4985300.0,734586.0,5251520.0,5390.54,716.174,5017.23,7276680.0,0.000201579,98.0391,-179.918,-140.68,-172.542,8,1,1443355940,303140,2386,524682,0.808348,0.191652,397.885,0,0.0,0,0,0,0,0.00232602,-0.00291838,0.00108442,0.0038863,1,0,184.2,0.0036474,0.398519,-0.471088,-0.488912,-0.616623,2.32915e-05,-1.58714e-05,2.14641e-05,2.32915e-05,1.58714e-05,-2.14641e-05,185,-0.124898,-0.902683,0.000657352,-0.430305,2,1,1,2,2,0,0,0,0,0,1,1,1,185,0.00206059,10_36.0_50,Firesat_Attack_RWA,2025-08-28 20:59:17.074,2025-08-28 20:59:16.944,2071-06-24 12:12:02,-21.534274955314917,46.04048199397341,36.0,50.0,attack_rwa,Firesat_Attack_RWA_10_36.0_50,baseline
186,2025,10,0,12,12,21,0.804554,-0.376212,900000,51.1187,-0.876646,91.0,0.0,0.0,0.0,0.606333,0.740668,0.170738,0.23371,0.114742,-0.00124219,0.000147138,-0.993395,-4979900.0,735303.0,5256530.0,5395.5,715.92,5011.64,-0.00134586,0.00120455,6.76889e-05,0.00233714,-0.00292334,0.00107778,0.00389484,186,186,186,-8.94164,6.35339,-3.77101,0.00267872,-0.00240163,0.000376915,-0.00266875,0.00241831,-0.000353304,0,0,0,0,0,0,0.000243899,0.00642398,0.00449949,-4979910.0,735303.0,5256530.0,5396.52,715.596,5012.16,-4979900.0,735303.0,5256530.0,5395.5,715.92,5011.64,7276730.0,0.000195607,98.039,-179.918,-140.944,-172.22,8,1,1443355941,303141,2386,524716,0.808399,0.191601,398.442,0,0.0,0,0,0,0,0.00233714,-0.00292334,0.00107778,0.00389484,1,0,185.2,0.00414558,0.398747,-0.472669,-0.487639,-0.616274,2.33145e-05,-1.5905e-05,2.1444e-05,2.33145e-05,1.5905e-05,-2.1444e-05,186,-0.1249,-0.904191,0.000635343,-0.427128,2,1,1,2,2,0,0,0,0,0,1,1,1,186,0.00180618,10_36.0_50,Firesat_Attack_RWA,2025-08-28 20:59:17.074,2025-08-28 20:59:16.944,2071-06-24 12:12:03,-21.55535980217573,46.09754859036843,36.0,50.0,attack_rwa,Firesat_Attack_RWA_10_36.0_50,baseline
187,2025,10,0,12,12,22,0.80555,-0.376581,900002,51.1187,-0.876646,91.0,0.0,0.0,0.0,0.605179,0.742027,0.170085,0.232863,0.114778,-0.00124219,0.000147183,-0.99339,-4974510.0,736019.0,5261560.0,5400.74,715.152,5006.27,-0.000338533,0.00184466,-8.58925e-05,0.00232665,-0.00294531,0.00107417,0.0039041,187,187,187,-8.90656,6.40064,-3.7557,0.000936097,-0.00331611,0.00060859,-0.000925935,0.00333289,-0.000584583,0,0,0,0,0,0,0.000247987,0.00649252,0.00456003,-4974510.0,736019.0,5261550.0,5401.67,714.837,5006.74,-4974510.0,736019.0,5261560.0,5400.74,715.152,5006.27,7276760.0,0.000190419,98.039,-179.918,-140.548,-172.557,8,1,1443355942,303142,2386,524749,0.80845,0.19155,398.996,0,0.0,0,0,0,0,0.00232665,-0.00294531,0.00107417,0.0039041,1,0,186.2,0.00415812,0.398177,-0.474268,-0.486442,-0.61636,2.33375e-05,-1.59384e-05,2.14238e-05,2.33375e-05,1.59384e-05,-2.14238e-05,187,-0.1249,-0.905166,6.58336e-05,-0.425059,2,1,1,2,2,0,0,0,0,0,1,1,1,187,0.00187546,10_36.0_50,Firesat_Attack_RWA,2025-08-28 20:59:17.074,2025-08-28 20:59:16.944,2071-06-24 12:12:04,-21.57650194481605,46.154615186763465,36.0,50.0,attack_rwa,Firesat_Attack_RWA_10_36.0_50,baseline
188,2025,10,0,12,12,23,0.806546,-0.376951,900008,51.1187,-0.876646,91.0,0.0,0.0,0.0,0.604697,0.743047,0.16871,0.231859,0.114814,-0.00124218,0.000147228,-0.993386,-4969100.0,736726.0,5266560.0,5405.79,714.179,5001.2,-0.00102011,0.00131519,0.000222469,0.00232774,-0.00294867,0.00106434,0.00390459,188,188,188,-8.9102,6.40925,-3.71831,0.00211986,-0.00241103,-4.97766e-05,-0.00210957,0.00242779,7.37284e-05,0,0,0,0,0,0,0.000276943,0.00649716,0.00454615,-4969100.0,736732.0,5266560.0,5406.79,714.069,5001.34,-4969100.0,736726.0,5266560.0,5405.79,714.179,5001.19,7276810.0,0.000184387,98.0389,-179.918,-138.713,-174.334,8,1,1443355943,303143,2386,524782,0.808501,0.191499,399.551,0,0.0,0,0,0,0,0.00232774,-0.00294867,0.00106434,0.00390459,1,0,187.2,0.00408366,0.398571,-0.47568,-0.48504,-0.616122,2.33607e-05,-1.59719e-05,2.14033e-05,2.33607e-05,1.59719e-05,-2.14033e-05,188,-0.124901,-0.906632,0.000631559,-0.421921,2,1,1,2,2,0,0,0,0,0,1,1,1,188,0.00166444,10_36.0_50,Firesat_Attack_RWA,2025-08-28 20:59:17.074,2025-08-28 20:59:16.944,2071-06-24 12:12:05,-21.597701383235894,46.2116817831585,36.0,50.0,attack_rwa,Firesat_Attack_RWA_10_36.0_50,baseline
189,2025,10,0,12,12,24,0.807542,-0.37732,900005,51.1187,-0.876646,91.0,0.0,0.0,0.0,0.60388,0.744126,0.168063,0.230996,0.11485,-0.00124218,0.000147274,-0.993382,-4963680.0,737435.0,5271550.0,5410.9,713.262,4995.51,-0.000836987,0.00196935,-0.000193001,0.0023266,-0.00297104,0.00106091,0.0039199,189,189,189,-8.9079,6.45736,-3.70296,0.00165805,-0.00344874,0.000623263,-0.00164752,0.00346565,-0.000598992,0,0,0,0,0,0,0.000286975,0.00655202,0.00459041,-4963690.0,737442.0,5271550.0,5411.95,713.282,4995.89,-4963680.0,737435.0,5271550.0,5410.9,713.262,4995.51,7276840.0,0.00018026,98.0388,-179.918,-139.694,-173.295,8,1,1443355944,303144,2386,524815,0.808553,0.191447,400.103,0,0.0,0,0,0,0,0.0023266,-0.00297104,0.00106091,0.0039199,1,0,188.2,0.00346207,0.398273,-0.477059,-0.48404,-0.616034,2.33841e-05,-1.60052e-05,2.13827e-05,2.33841e-05,1.60052e-05,-2.13827e-05,189,-0.124904,-0.907596,0.000175409,-0.419844,2,1,1,2,2,0,0,0,0,0,1,1,1,189,0.00213983,10_36.0_50,Firesat_Attack_RWA,2025-08-28 20:59:17.074,2025-08-28 20:59:16.944,2071-06-24 12:12:06,-21.618843525876223,46.26874837955352,36.0,50.0,attack_rwa,Firesat_Attack_RWA_10_36.0_50,baseline
190,2025,10,0,12,12,25,0.808538,-0.37769,900001,51.1187,-0.876646,91.0,0.0,0.0,0.0,0.603199,0.745284,0.166583,0.230113,0.114887,-0.00124217,0.000147319,-0.993378,-4958280.0,738139.0,5276550.0,5415.99,712.764,4990.05,-0.0011322,0.00151613,0.000579759,0.0023294,-0.00297851,0.00104268,0.00392235,190,190,190,-8.91903,6.47497,-3.63549,0.00220421,-0.00238513,-0.000706671,-0.00219357,0.00240196,0.000730991,0,0,0,0,0,0,0.000304443,0.00655661,0.00458903,-4958270.0,738150.0,5276550.0,5417.11,712.486,4990.43,-4958280.0,738139.0,5276550.0,5415.99,712.764,4990.05,7276840.0,0.0001804,98.0386,-179.919,-140.998,-171.932,8,1,1443355945,303145,2386,524849,0.808604,0.191396,400.656,0,0.0,0,0,0,0,0.0023294,-0.00297851,0.00104268,0.00392235,1,0,189.2,0.00436933,0.398563,-0.478514,-0.482438,-0.615976,2.34077e-05,-1.60382e-05,2.13618e-05,2.34077e-05,1.60382e-05,-2.13618e-05,190,-0.124907,-0.90902,0.000998262,-0.416751,2,1,1,2,2,0,0,0,0,0,1,1,1,190,0.00189223,10_36.0_50,Firesat_Attack_RWA,2025-08-28 20:59:17.074,2025-08-28 20:59:16.944,2071-06-24 12:12:07,-21.640042964296065,46.32581497594855,36.0,50.0,attack_rwa,Firesat_Attack_RWA_10_36.0_50,baseline
191,2025,10,0,12,12,26,0.809533,-0.378061,900006,51.1187,-0.876646,91.0,0.0,0.0,0.0,0.602544,0.74631,0.16585,0.229031,0.114923,-0.00124217,0.000147364,-0.993374,-4952870.0,738878.0,5281540.0,5421.48,711.573,4984.52,-0.00121703,0.00172192,-4.73646e-05,0.00233443,-0.00298711,0.00103565,0.00393001,191,191,191,-8.93893,6.49346,-3.6061,0.00220998,-0.00289495,0.000494779,-0.00219911,0.00291194,-0.000470289,0,0,0,0,0,0,0.000333247,0.00661261,0.00461372,-4952860.0,738860.0,5281540.0,5422.18,711.708,4984.98,-4952870.0,738878.0,5281540.0,5421.48,711.573,4984.52,7276800.0,0.000186085,98.0385,-179.919,-139.158,-173.714,8,1,1443355946,303146,2386,524882,0.808656,0.191344,401.206,0,0.0,0,0,0,0,0.00233443,-0.00298711,0.00103565,0.00393001,1,0,190.2,0.003572,0.398447,-0.479975,-0.481462,-0.615677,2.34315e-05,-1.60708e-05,2.1341e-05,2.34315e-05,1.60708e-05,-2.1341e-05,191,-0.124908,-0.910163,0.000460074,-0.41425,2,1,1,2,2,0,0,0,0,0,1,1,1,191,0.00210859,10_36.0_50,Firesat_Attack_RWA,2025-08-28 20:59:17.074,2025-08-28 20:59:16.944,2071-06-24 12:12:08,-21.661299698495416,46.38282427656407,36.0,50.0,attack_rwa,Firesat_Attack_RWA_10_36.0_50,baseline
192,2025,10,0,12,12,27,0.810528,-0.378435,900014,51.1187,-0.876646,91.0,0.0,0.0,0.0,0.601729,0.747596,0.164611,0.227871,0.114959,-0.00124216,0.00014741,-0.993369,-4947450.0,739589.0,5286520.0,5426.2,711.347,4979.01,-0.000953508,0.00114617,0.000156614,0.00233282,-0.00298053,0.00102698,0.00392177,192,192,192,-8.93498,6.47968,-3.57281,0.00158137,-0.00206412,3.36536e-05,-0.00157041,0.00208115,-9.12444e-06,0,0,0,0,0,0,0.000360247,0.00664944,0.00462599,-4947440.0,739580.0,5286520.0,5427.26,711.003,4979.54,-4947450.0,739589.0,5286520.0,5426.2,711.347,4979.01,7276790.0,0.000187181,98.0388,-179.918,-137.038,-175.776,8,1,1443355947,303147,2386,524916,0.808707,0.191293,401.753,0,0.0,0,0,0,0,0.00233282,-0.00298053,0.00102698,0.00392177,1,0,191.2,0.00455968,0.398491,-0.481693,-0.479979,-0.615464,2.34552e-05,-1.61032e-05,2.13203e-05,2.34552e-05,1.61032e-05,-2.13203e-05,192,-0.124903,-0.911625,0.000534226,-0.411023,2,1,1,2,2,0,0,0,0,0,1,1,1,192,0.00149093,10_36.0_50,Firesat_Attack_RWA,2025-08-28 20:59:17.074,2025-08-28 20:59:16.944,2071-06-24 12:12:09,-21.68272832003331,46.43983357717959,36.0,50.0,attack_rwa,Firesat_Attack_RWA_10_36.0_50,baseline
193,2025,10,0,12,12,28,0.811524,-0.378808,900013,51.1187,-0.876646,91.0,0.0,0.0,0.0,0.600782,0.748678,0.164278,0.227058,0.114995,-0.00124216,0.000147455,-0.993365,-4942010.0,740288.0,5291480.0,5431.56,710.255,4973.67,-0.000433295,0.00232318,-0.00057599,0.00231896,-0.00301198,0.00103113,0.00393864,193,193,193,-8.8861,6.54686,-3.58491,0.000722142,-0.00386554,0.00118824,-0.0007109,0.00388274,-0.00116329,0,0,0,0,0,0,0.000363034,0.00671927,0.00469009,-4942010.0,740294.0,5291500.0,5432.36,710.258,4974.06,-4942010.0,740288.0,5291480.0,5431.56,710.255,4973.67,7276750.0,0.000192395,98.039,-179.918,-137.235,-175.521,8,1,1443355948,303148,2386,524949,0.808759,0.191241,402.298,0,0.0,0,0,0,0,0.00231896,-0.00301198,0.00103113,0.00393864,1,0,192.2,0.00337021,0.397906,-0.483046,-0.479164,-0.615419,2.3479e-05,-1.61356e-05,2.12994e-05,2.3479e-05,1.61356e-05,-2.12994e-05,193,-0.124901,-0.912362,-0.00034886,-0.409384,2,1,1,2,2,0,0,0,0,0,1,1,1,193,0.00236325,10_36.0_50,Firesat_Attack_RWA,2025-08-28 20:59:17.074,2025-08-28 20:59:16.944,2071-06-24 12:12:10,-21.70409964579169,46.49690017357462,36.0,50.0,attack_rwa,Firesat_Attack_RWA_10_36.0_50,baseline
194,2025,10,0,12,12,29,0.812519,-0.37918,900007,51.1187,-0.876646,91.0,0.0,0.0,0.0,0.600163,0.749887,0.162828,0.225744,0.115032,-0.00124215,0.0001475,-0.993361,-4936560.0,740991.0,5296450.0,5436.27,709.712,4968.23,-0.000589867,0.00124776,-0.000333923,0.00230812,-0.00300803,0.00103037,0.00392904,194,194,194,-8.84663,6.54052,-3.58124,0.00123888,-0.00205009,0.000535394,-0.00122755,0.00206728,-0.000510569,0,0,0,0,0,0,0.000406364,0.00673534,0.00466912,-4936580.0,741000.0,5296460.0,5437.48,709.466,4968.54,-4936560.0,740991.0,5296450.0,5436.27,709.712,4968.23,7276700.0,0.000199369,98.0389,-179.918,-138.836,-173.862,8,1,1443355949,303149,2386,524983,0.80881,0.19119,402.843,0,0.0,0,0,0,0,0.00230812,-0.00300803,0.00103037,0.00392904,1,0,193.2,0.00476543,0.39823,-0.484791,-0.477621,-0.615036,2.35029e-05,-1.61684e-05,2.12779e-05,2.35029e-05,1.61684e-05,-2.12779e-05,194,-0.124904,-0.914015,-6.63345e-05,-0.405679,2,1,1,2,2,0,0,0,0,0,1,1,1,194,0.00138017,10_36.0_50,Firesat_Attack_RWA,2025-08-28 20:59:17.074,2025-08-28 20:59:16.944,2071-06-24 12:12:11,-21.72541367577056,46.553909474190135,36.0,50.0,attack_rwa,Firesat_Attack_RWA_10_36.0_50,baseline
195,2025,10,0,12,12,30,0.813514,-0.379554,900002,51.1187,-0.876646,91.0,0.0,0.0,0.0,0.599592,0.75087,0.161721,0.224791,0.115068,-0.00124214,0.000147545,-0.993357,-4931150.0,741713.0,5301430.0,5441.54,708.756,4962.61,-0.00105312,0.00122377,-0.000256714,0.00230928,-0.00300202,0.00102503,0.00392373,195,195,195,-8.85111,6.52657,-3.56002,0.00218022,-0.00218397,0.000336851,-0.00216883,0.00220121,-0.00031202,0,0,0,0,0,0,0.000418444,0.00675291,0.00468377,-4931130.0,741706.0,5301420.0,5442.61,708.68,4963.05,-4931150.0,741713.0,5301430.0,5441.54,708.756,4962.61,7276710.0,0.000197517,98.0387,-179.918,-139.987,-172.652,8,1,1443355950,303150,2386,525016,0.808862,0.191138,403.383,0,0.0,0,0,0,0,0.00230928,-0.00300202,0.00102503,0.00392373,1,0,194.2,0.00370081,0.398397,-0.486141,-0.476386,-0.614819,2.35264e-05,-1.62013e-05,2.12567e-05,2.35264e-05,1.62013e-05,-2.12567e-05,195,-0.124905,-0.915234,0.00018872,-0.402922,2,1,1,2,2,0,0,0,0,0,1,1,1,195,0.00161452,10_36.0_50,Firesat_Attack_RWA,2025-08-28 20:59:17.074,2025-08-28 20:59:16.944,2071-06-24 12:12:12,-21.746842297308447,46.61091877480565,36.0,50.0,attack_rwa,Firesat_Attack_RWA_10_36.0_50,baseline
196,2025,10,0,12,12,31,0.814509,-0.379929,900011,51.1187,-0.876646,91.0,0.0,0.0,0.0,0.598745,0.751862,0.160873,0.22434,0.115104,-0.00124214,0.000147591,-0.993353,-4925710.0,742437.0,5306390.0,5446.68,708.084,4956.8,-0.00113434,0.00235355,0.000166916,0.00231403,-0.00303415,0.00101056,0.00394741,196,196,196,-8.8699,6.59552,-3.50557,0.00211964,-0.003973,-0.000432689,-0.00210806,0.00399024,0.000457916,0,0,0,0,0,0,0.000402236,0.00677483,0.00473306,-4925700.0,742420.0,5306390.0,5447.65,707.951,4957.6,-4925710.0,742437.0,5306390.0,5446.68,708.084,4956.8,7276700.0,0.00019908,98.039,-179.918,-137.628,-174.953,8,1,1443355951,303151,2386,525050,0.808914,0.191086,403.921,0,0.0,0,0,0,0,0.00231403,-0.00303415,0.00101056,0.00394741,1,0,195.2,0.00323998,0.39819,-0.487213,-0.475206,-0.615019,2.35501e-05,-1.62338e-05,2.12355e-05,2.35501e-05,1.62338e-05,-2.12355e-05,196,-0.124902,-0.915985,0.000606863,-0.401213,2,1,1,2,2,0,0,0,0,0,1,1,1,196,0.00261265,10_36.0_50,Firesat_Attack_RWA,2025-08-28 20:59:17.074,2025-08-28 20:59:16.944,2071-06-24 12:12:13,-21.768328214625853,46.66792807542117,36.0,50.0,attack_rwa,Firesat_Attack_RWA_10_36.0_50,baseline
197,2025,10,0,12,12,32,0.815504,-0.380306,900014,51.1187,-0.876646,91.0,0.0,0.0,0.0,0.598017,0.753056,0.159725,0.223092,0.11514,-0.00124213,0.000147636,-0.993348,-4920240.0,743145.0,5311330.0,5451.86,707.385,4951.54,-0.00102366,0.00180775,0.000110621,0.00231456,-0.00304779,0.000996369,0.00395461,197,197,197,-8.87355,6.62726,-3.45094,0.00172106,-0.00284295,-0.000266459,-0.00170921,0.00286024,0.000291807,0,0,0,0,0,0,0.000444558,0.00681915,0.00473465,-4920250.0,743136.0,5311340.0,5452.72,707.242,4952.11,-4920240.0,743145.0,5311330.0,5451.86,707.385,4951.54,7276690.0,0.000201254,98.0393,-179.918,-136.79,-175.732,8,1,1443355952,303152,2386,525084,0.808966,0.191034,404.46,0,0.0,0,0,0,0,0.00231456,-0.00304779,0.000996369,0.00395461,1,0,196.2,0.00439618,0.398252,-0.488907,-0.473847,-0.614682,2.35744e-05,-1.62659e-05,2.12137e-05,2.35744e-05,1.62659e-05,-2.12137e-05,197,-0.124897,-0.917404,0.000508047,-0.397958,2,1,1,2,2,0,0,0,0,0,1,1,1,197,0.00207746,10_36.0_50,Firesat_Attack_RWA,2025-08-28 20:59:17.074,2025-08-28 20:59:16.944,2071-06-24 12:12:14,-21.789928723502285,46.724937376036685,36.0,50.0,attack_rwa,Firesat_Attack_RWA_10_36.0_50,baseline
198,2025,10,0,12,12,33,0.816499,-0.380683,900010,51.1187,-0.876646,91.0,0.0,0.0,0.0,0.597273,0.754252,0.158685,0.221784,0.115176,-0.00124213,0.000147681,-0.993344,-4914820.0,743849.0,5316290.0,5456.69,706.447,4946.27,-0.000816033,0.00131094,-0.000163623,0.00230876,-0.00304148,0.000988608,0.00394441,198,198,198,-8.85389,6.61392,-3.41977,0.00144776,-0.00188368,0.000281089,-0.00143575,0.00190104,-0.000255717,0,0,0,0,0,0,0.000481007,0.00686937,0.00474729,-4914790.0,743847.0,5316290.0,5457.81,706.501,4946.58,-4914820.0,743849.0,5316290.0,5456.69,706.447,4946.27,7276650.0,0.00020608,98.0395,-179.918,-137.654,-174.81,8,1,1443355953,303153,2386,525117,0.809018,0.190982,404.996,0,0.0,0,0,0,0,0.00230876,-0.00304148,0.000988608,0.00394441,1,0,197.2,0.00437115,0.398239,-0.490637,-0.472569,-0.614296,2.35988e-05,-1.62978e-05,2.1192e-05,2.35988e-05,1.62978e-05,-2.1192e-05,198,-0.124894,-0.918795,0.000171247,-0.394735,2,1,1,2,2,0,0,0,0,0,1,1,1,198,0.00154417,10_36.0_50,Firesat_Attack_RWA,2025-08-28 20:59:17.074,2025-08-28 20:59:16.944,2071-06-24 12:12:15,-21.81152923237872,46.78194667665221,36.0,50.0,attack_rwa,Firesat_Attack_RWA_10_36.0_50,baseline
199,2025,10,0,12,12,34,0.817494,-0.381059,900016,51.1187,-0.876646,91.0,0.0,0.0,0.0,0.596588,0.755371,0.157546,0.220628,0.115213,-0.00124212,0.000147727,-0.99334,-4909330.0,744530.0,5321240.0,5461.76,705.748,4940.86,-0.000882968,0.000943518,-0.000147085,0.00230475,-0.00302241,0.000981738,0.00392564,199,199,199,-8.84003,6.57178,-3.39263,0.00170352,-0.00188117,0.000236061,-0.00169148,0.00189857,-0.000210769,0,0,0,0,0,0,0.000505783,0.00690028,0.00475806,-4909340.0,744551.0,5321230.0,5462.83,705.716,4941.09,-4909330.0,744530.0,5321240.0,5461.76,705.748,4940.86,7276580.0,0.000216028,98.0394,-179.918,-136.279,-176.127,8,1,1443355954,303154,2386,525151,0.80907,0.19093,405.526,0,0.0,0,0,0,0,0.00230475,-0.00302241,0.000981738,0.00392564,1,0,198.2,0.0041729,0.398331,-0.492217,-0.471243,-0.613991,2.36227e-05,-1.63297e-05,2.11707e-05,2.36227e-05,1.63297e-05,-2.11707e-05,199,-0.124896,-0.920125,0.000210045,-0.391625,2,1,1,2,2,0,0,0,0,0,1,1,1,199,0.00129223,10_36.0_50,Firesat_Attack_RWA,2025-08-28 20:59:17.074,2025-08-28 20:59:16.944,2071-06-24 12:12:16,-21.83307244547564,46.83895597726772,36.0,50.0,attack_rwa,Firesat_Attack_RWA_10_36.0_50,baseline
200,2025,10,0,12,12,35,0.81849,-0.381434,900012,51.1187,-0.876646,91.0,0.0,0.0,0.0,0.595744,0.756465,0.15659,0.219841,0.115249,-0.00124212,0.000147772,-0.993336,-4903870.0,745239.0,5326160.0,5466.81,704.863,4935.18,-0.000771526,0.00142355,0.000104402,0.00230011,-0.0030282,0.000969738,0.00392439,200,200,200,-8.82422,6.583,-3.34696,0.00133343,-0.00278692,-0.000290258,-0.00132128,0.0028043,0.000315736,0,0,0,0,0,0,0.000502977,0.00692973,0.0047985,-4903870.0,745246.0,5326170.0,5467.94,704.875,4935.59,-4903870.0,745239.0,5326160.0,5466.81,704.863,4935.18,7276630.0,0.000209335,98.039,-179.918,-137.307,-175.041,8,1,1443355955,303155,2386,525185,0.809122,0.190878,406.051,0,0.0,0,0,0,0,0.00230011,-0.0030282,0.000969738,0.00392439,1,0,199.2,0.00371145,0.398188,-0.493564,-0.469976,-0.613973,2.36464e-05,-1.63614e-05,2.11496e-05,2.36464e-05,1.63614e-05,-2.11496e-05,200,-0.124903,-0.921119,0.000396031,-0.389281,2,1,1,2,2,0,0,0,0,0,1,1,1,200,0.00161918,10_36.0_50,Firesat_Attack_RWA,2025-08-28 20:59:17.074,2025-08-28 20:59:16.944,2071-06-24 12:12:17,-21.854558362793043,46.89602257366276,36.0,50.0,attack_rwa,Firesat_Attack_RWA_10_36.0_50,baseline
201,2025,10,0,12,12,36,0.819484,-0.381811,900009,51.1187,-0.876646,91.0,0.0,0.0,0.0,0.595288,0.75739,0.155536,0.218637,0.115285,-0.00124211,0.000147817,-0.993332,-4898400.0,745951.0,5331110.0,5472.09,704.145,4929.57,-0.00135506,0.00111399,-0.000204054,0.00230504,-0.0030269,0.00096262,0.00392453,201,201,201,-8.84259,6.5806,-3.31813,0.00249398,-0.00243418,0.000345256,-0.00248166,0.00245166,-0.000319789,0,0,0,0,0,0,0.000537617,0.0069601,0.0047978,-4898400.0,745948.0,5331100.0,5473.01,704.086,4930.06,-4898400.0,745951.0,5331110.0,5472.09,704.145,4929.57,7276580.0,0.000216221,98.0389,-179.918,-137.868,-174.422,8,1,1443355956,303156,2386,525219,0.809174,0.190826,406.573,0,0.0,0,0,0,0,0.00230504,-0.0030269,0.00096262,0.00392453,1,0,200.2,0.00380817,0.39842,-0.495013,-0.46885,-0.613518,2.36701e-05,-1.63929e-05,2.11285e-05,2.36701e-05,1.63929e-05,-2.11285e-05,201,-0.124904,-0.922415,0.000334364,-0.386201,2,1,1,2,2,0,0,0,0,0,1,1,1,201,0.00175418,10_36.0_50,Firesat_Attack_RWA,2025-08-28 20:59:17.074,2025-08-28 20:59:16.944,2071-06-24 12:12:18,-21.876158871669475,46.952974578498754,36.0,50.0,attack_rwa,Firesat_Attack_RWA_10_36.0_50,baseline
202,2025,10,0,12,12,37,0.82048,-0.38219,900012,51.1187,-0.876646,91.0,0.0,0.0,0.0,0.594442,0.758458,0.154556,0.217929,0.115321,-0.00124211,0.000147862,-0.993327,-4892920.0,746648.0,5336040.0,5477.39,703.183,4924.01,-0.00129924,0.00171309,0.000188329,0.00231098,-0.00304629,0.000949395,0.00393978,202,202,202,-8.86611,6.62219,-3.26821,0.0021242,-0.00331708,-0.00038824,-0.00211171,0.00333458,0.000414009,0,0,0,0,0,0,0.00053392,0.00698691,0.00483723,-4892920.0,746652.0,5336030.0,5478.07,703.32,4924.57,-4892920.0,746648.0,5336040.0,5477.39,703.183,4924.01,7276630.0,0.000208916,98.0389,-179.918,-137.035,-175.196,8,1,1443355957,303157,2386,525253,0.809226,0.190774,407.092,0,0.0,0,0,0,0,0.00231098,-0.00304629,0.000949395,0.00393978,1,0,201.2,0.00364334,0.398289,-0.496294,-0.467562,-0.613551,2.36939e-05,-1.6424e-05,2.11076e-05,2.36939e-05,1.6424e-05,-2.11076e-05,202,-0.124904,-0.923355,0.000671767,-0.383947,2,1,1,2,2,0,0,0,0,0,1,1,1,202,0.00215004,10_36.0_50,Firesat_Attack_RWA,2025-08-28 20:59:17.074,2025-08-28 20:59:16.944,2071-06-24 12:12:19,-21.89787397210493,47.010041174893786,36.0,50.0,attack_rwa,Firesat_Attack_RWA_10_36.0_50,baseline
203,2025,10,0,12,12,38,0.821475,-0.382568,900012,51.1187,-0.876646,91.0,0.0,0.0,0.0,0.593556,0.759697,0.153761,0.216583,0.115358,-0.0012421,0.000147908,-0.993323,-4887450.0,747353.0,5340940.0,5482.29,702.387,4918.31,-0.000696695,0.00150681,-0.000380381,0.00230216,-0.0030576,0.000946204,0.00394261,203,203,203,-8.83615,6.6479,-3.2533,0.000912482,-0.00275214,0.000565874,-0.000899725,0.00276978,-0.000539921,0,0,0,0,0,0,0.000575383,0.00705689,0.0048597,-4887440.0,747353.0,5340950.0,5483.11,702.535,4919.04,-4887450.0,747353.0,5340940.0,5482.29,702.387,4918.31,7276600.0,0.000213524,98.0388,-179.918,-137.079,-175.095,8,1,1443355958,303158,2386,525287,0.809279,0.190721,407.611,0,0.0,0,0,0,0,0.00230216,-0.0030576,0.000946204,0.00394261,1,0,202.2,0.00436417,0.398019,-0.498081,-0.466404,-0.613159,2.37181e-05,-1.64548e-05,2.10863e-05,2.37181e-05,1.64548e-05,-2.10863e-05,203,-0.124905,-0.924599,-8.68927e-05,-0.380943,2,1,1,2,2,0,0,0,0,0,1,1,1,203,0.00166008,10_36.0_50,Firesat_Attack_RWA,2025-08-28 20:59:17.074,2025-08-28 20:59:16.944,2071-06-24 12:12:20,-21.91953177676088,47.0670504755093,36.0,50.0,attack_rwa,Firesat_Attack_RWA_10_36.0_50,baseline
204,2025,10,0,12,12,39,0.822469,-0.382948,900011,51.1187,-0.876646,91.0,0.0,0.0,0.0,0.592737,0.760781,0.152752,0.215734,0.115394,-0.0012421,0.000147953,-0.993319,-4881970.0,748060.0,5345860.0,5487.29,702.052,4912.86,-0.000618187,0.00185259,-9.93685e-05,0.00228939,-0.00307548,0.00093819,0.00394716,204,204,204,-8.79012,6.68689,-3.22265,0.00103421,-0.0032249,5.93384e-06,-0.0010213,0.00324249,2.02057e-05,0,0,0,0,0,0,0.000581382,0.00708121,0.0048867,-4881960.0,748056.0,5345860.0,5488.13,701.767,4913.48,-4881970.0,748060.0,5345860.0,5487.29,702.052,4912.86,7276490.0,0.000228773,98.0389,-179.918,-137.227,-174.888,8,1,1443355959,303159,2386,525321,0.809331,0.190669,408.128,0,0.0,0,0,0,0,0.00228939,-0.00307548,0.00093819,0.00394716,1,0,203.2,0.00378712,0.397927,-0.499456,-0.465107,-0.613085,2.37423e-05,-1.64859e-05,2.10646e-05,2.37423e-05,1.64859e-05,-2.10646e-05,204,-0.124905,-0.925626,0.000141404,-0.37844,2,1,1,2,2,0,0,0,0,0,1,1,1,204,0.001953,10_36.0_50,Firesat_Attack_RWA,2025-08-28 20:59:17.074,2025-08-28 20:59:16.944,2071-06-24 12:12:21,-21.94130417297585,47.1240024803453,36.0,50.0,attack_rwa,Firesat_Attack_RWA_10_36.0_50,baseline
205,2025,10,0,12,12,40,0.823463,-0.383329,900012,51.1187,-0.876646,91.0,0.0,0.0,0.0,0.591803,0.762163,0.151324,0.214427,0.11543,-0.00124209,0.000147998,-0.993315,-4876480.0,748760.0,5350760.0,5492.18,701.019,4907.37,-5.02685e-05,0.000918706,0.000425084,0.00226839,-0.00306276,0.000918759,0.00392048,205,205,205,-8.71445,6.66044,-3.14993,0.000194349,-0.00178723,-0.000863892,-0.000181357,0.00180467,0.000889938,0,0,0,0,0,0,0.000615964,0.00711295,0.00488742,-4876480.0,748759.0,5350770.0,5493.14,701.006,4907.93,-4876480.0,748760.0,5350760.0,5492.18,701.019,4907.37,7276420.0,0.000238794,98.039,-179.918,-136.84,-175.217,8,1,1443355960,303160,2386,525355,0.809383,0.190617,408.642,0,0.0,0,0,0,0,0.00226839,-0.00306276,0.000918759,0.00392048,1,0,204.2,0.0051109,0.397981,-0.501337,-0.463401,-0.612807,2.37667e-05,-1.65169e-05,2.10427e-05,2.37667e-05,1.65169e-05,-2.10427e-05,205,-0.124903,-0.927129,0.000412997,-0.374742,2,1,1,2,2,0,0,0,0,0,1,1,1,205,0.000920081,10_36.0_50,Firesat_Attack_RWA,2025-08-28 20:59:17.074,2025-08-28 20:59:16.944,2071-06-24 12:12:22,-21.96313386497033,47.1809544851813,36.0,50.0,attack_rwa,Firesat_Attack_RWA_10_36.0_50,baseline
206,2025,10,0,12,12,41,0.824457,-0.38371,900008,51.1187,-0.876646,91.0,0.0,0.0,0.0,0.591382,0.762966,0.150428,0.213359,0.115466,-0.00124209,0.000148044,-0.993311,-4870970.0,749461.0,5355670.0,5497.03,700.564,4901.88,-0.000789263,0.00108149,3.77575e-05,0.00226291,-0.00305667,0.000906782,0.00390976,206,206,206,-8.69342,6.64592,-3.1027,0.00182076,-0.0025026,5.70052e-06,-0.00180761,0.00252005,2.02909e-05,0,0,0,0,0,0,0.000637081,0.00713893,0.00489878,-4870980.0,749460.0,5355670.0,5498.17,700.234,4902.36,-4870970.0,749461.0,5355670.0,5497.03,700.564,4901.88,7276360.0,0.000245817,98.039,-179.918,-137.626,-174.373,8,1,1443355961,303161,2386,525389,0.809436,0.190564,409.15,0,0.0,0,0,0,0,0.00226291,-0.00305667,0.000906782,0.00390976,1,0,205.2,0.00332548,0.398149,-0.502607,-0.462426,-0.612393,2.3791e-05,-1.65478e-05,2.10209e-05,2.3791e-05,1.65478e-05,-2.10209e-05,206,-0.124903,-0.928214,0.000328302,-0.372048,2,1,1,2,2,0,0,0,0,0,1,1,1,206,0.00133886,10_36.0_50,Firesat_Attack_RWA,2025-08-28 20:59:17.074,2025-08-28 20:59:16.944,2071-06-24 12:12:23,-21.984963556964814,47.23790649001731,36.0,50.0,attack_rwa,Firesat_Attack_RWA_10_36.0_50,baseline
207,2025,10,0,12,12,42,0.825453,-0.384092,900006,51.1187,-0.876646,91.0,0.0,0.0,0.0,0.590266,0.76432,0.149578,0.212197,0.115502,-0.00124208,0.000148089,-0.993306,-4865470.0,750161.0,5360580.0,5502.35,699.345,4896.46,0.000229975,0.00113764,-6.17347e-05,0.00224249,-0.00305989,0.000899561,0.00389884,207,207,207,-8.62113,6.65257,-3.07394,0.000185497,-0.00263945,0.000175753,-0.000172189,0.0026569,-0.000149573,0,0,0,0,0,0,0.000655848,0.00720175,0.00494195,-4865480.0,750161.0,5360570.0,5503.25,699.461,4896.83,-4865470.0,750161.0,5360580.0,5502.35,699.345,4896.46,7276430.0,0.000236696,98.039,-179.918,-138.235,-173.705,8,1,1443355962,303162,2386,525423,0.809488,0.190512,409.654,0,0.0,0,0,0,0,0.00224249,-0.00305989,0.000899561,0.00389884,1,0,206.2,0.00453851,0.397723,-0.504383,-0.46109,-0.612218,2.38151e-05,-1.65787e-05,2.09992e-05,2.38151e-05,1.65787e-05,-2.09992e-05,207,-0.124903,-0.929333,-0.00014218,-0.369243,2,1,1,2,2,0,0,0,0,0,1,1,1,207,0.00116065,10_36.0_50,Firesat_Attack_RWA,2025-08-28 20:59:17.074,2025-08-28 20:59:16.944,2071-06-24 12:12:24,-22.00685054473881,47.29497308641234,36.0,50.0,attack_rwa,Firesat_Attack_RWA_10_36.0_50,baseline
208,2025,10,0,12,12,43,0.826448,-0.384474,900008,51.1187,-0.876646,91.0,0.0,0.0,0.0,0.590239,0.764898,0.148392,0.211017,0.115539,-0.00124207,0.000148134,-0.993302,-4859980.0,750870.0,5365470.0,5507.66,698.883,4891.05,-0.00146594,0.000775259,-0.000351479,0.00225503,-0.00305298,0.000898129,0.00390032,208,208,208,-8.66477,6.63768,-3.0663,0.00319599,-0.00211643,0.000568703,-0.00318256,0.00213399,-0.000542724,0,0,0,0,0,0,0.000689358,0.00719597,0.00491431,-4859970.0,750861.0,5365470.0,5508.27,698.697,4891.31,-4859980.0,750870.0,5365470.0,5507.66,698.883,4891.05,7276470.0,0.000231183,98.0391,-179.918,-137.661,-174.221,8,1,1443355963,303163,2386,525457,0.809541,0.190459,410.155,0,0.0,0,0,0,0,0.00225503,-0.00305298,0.000898129,0.00390032,1,0,207.2,0.00354246,0.398382,-0.505534,-0.460103,-0.611583,2.38391e-05,-1.66097e-05,2.09774e-05,2.38391e-05,1.66097e-05,-2.09774e-05,208,-0.124902,-0.930599,0.00020893,-0.366041,2,1,1,2,2,0,0,0,0,0,1,1,1,208,0.00165831,10_36.0_50,Firesat_Attack_RWA,2025-08-28 20:59:17.074,2025-08-28 20:59:16.944,2071-06-24 12:12:25,-22.02873753251281,47.35198238702786,36.0,50.0,attack_rwa,Firesat_Attack_RWA_10_36.0_50,baseline
209,2025,10,0,12,12,44,0.827442,-0.384858,900015,51.1187,-0.876646,91.0,0.0,0.0,0.0,0.589368,0.766029,0.14739,0.210052,0.115575,-0.00124207,0.000148179,-0.993298,-4854470.0,751555.0,5370370.0,5512.24,698.211,4885.34,-0.00120109,0.000982702,-0.000138501,0.00226575,-0.0030541,0.000891798,0.00390595,209,209,209,-8.70678,6.63935,-3.04171,0.00246741,-0.00260571,0.000116899,-0.0024539,0.00262338,-9.07003e-05,0,0,0,0,0,0,0.00069642,0.00723495,0.00495192,-4854470.0,751562.0,5370360.0,5513.26,697.939,4885.78,-4854470.0,751555.0,5370370.0,5512.24,698.211,4885.34,7276460.0,0.000233168,98.0392,-179.918,-136.173,-175.651,8,1,1443355964,303164,2386,525491,0.809594,0.190406,410.651,0,0.0,0,0,0,0,0.00226575,-0.0030541,0.000891798,0.00390595,1,0,208.2,0.00398572,0.398243,-0.507013,-0.458782,-0.61144,2.38628e-05,-1.66403e-05,2.09561e-05,2.38628e-05,1.66403e-05,-2.09561e-05,209,-0.124901,-0.931648,0.000306822,-0.363362,2,1,1,2,2,0,0,0,0,0,1,1,1,209,0.00155188,10_36.0_50,Firesat_Attack_RWA,2025-08-28 20:59:17.074,2025-08-28 20:59:16.944,2071-06-24 12:12:26,-22.05073911184584,47.408934391863866,36.0,50.0,attack_rwa,Firesat_Attack_RWA_10_36.0_50,baseline
210,2025,10,0,12,12,45,0.828437,-0.385241,900019,51.1187,-0.876646,91.0,0.0,0.0,0.0,0.588478,0.767116,0.146373,0.209289,0.115611,-0.00124206,0.000148225,-0.993294,-4848940.0,752271.0,5375250.0,5517.24,697.17,4879.54,-0.00101982,0.00151484,0.000338366,0.00226912,-0.00307418,0.000874923,0.00391982,210,210,210,-8.72103,6.68283,-2.97839,0.00180413,-0.00359979,-0.000739738,-0.00179043,0.00361745,0.000766237,0,0,0,0,0,0,0.00069604,0.00726285,0.00498922,-4848950.0,752259.0,5375250.0,5518.27,697.152,4880.26,-4848940.0,752271.0,5375250.0,5517.24,697.17,4879.54,7276500.0,0.000228264,98.0391,-179.918,-135.219,-176.547,8,1,1443355965,303165,2386,525525,0.809647,0.190353,411.144,0,0.0,0,0,0,0,0.00226912,-0.00307418,0.000874923,0.00391982,1,0,209.2,0.00378903,0.398097,-0.508341,-0.457439,-0.611439,2.38867e-05,-1.66704e-05,2.09348e-05,2.38867e-05,1.66704e-05,-2.09348e-05,210,-0.124902,-0.932575,0.000683053,-0.360975,2,1,1,2,2,0,0,0,0,0,1,1,1,210,0.00182613,10_36.0_50,Firesat_Attack_RWA,2025-08-28 20:59:17.074,2025-08-28 20:59:16.944,2071-06-24 12:12:27,-22.07268339539935,47.46594369247938,36.0,50.0,attack_rwa,Firesat_Attack_RWA_10_36.0_50,baseline
211,2025,10,0,12,12,46,0.829433,-0.385627,900013,51.1187,-0.876646,91.0,0.0,0.0,0.0,0.587563,0.768205,0.145685,0.208342,0.115647,-0.00124206,0.00014827,-0.99329,-4843420.0,752957.0,5380120.0,5522.5,696.581,4874.24,-0.000598409,0.00216785,0.000115268,0.00226042,-0.00311523,0.000861636,0.00394419,211,211,211,-8.69107,6.77296,-2.9267,0.00104753,-0.0040183,-0.000219743,-0.00103344,0.00403597,0.00024667,0,0,0,0,0,0,0.000712137,0.00731884,0.00503029,-4843420.0,752960.0,5380130.0,5523.32,696.408,4874.68,-4843420.0,752957.0,5380120.0,5522.5,696.581,4874.24,7276540.0,0.000221752,98.0393,-179.918,-136.544,-175.163,8,1,1443355966,303166,2386,525560,0.809699,0.190301,411.639,0,0.0,0,0,0,0,0.00226042,-0.00311523,0.000861636,0.00394419,1,0,210.2,0.00368444,0.397742,-0.509777,-0.45635,-0.611288,2.39114e-05,-1.67002e-05,2.09129e-05,2.39114e-05,1.67002e-05,-2.09129e-05,211,-0.124899,-0.933457,0.00032168,-0.35869,2,1,1,2,2,0,0,0,0,0,1,1,1,211,0.00224893,10_36.0_50,Firesat_Attack_RWA,2025-08-28 20:59:17.074,2025-08-28 20:59:16.944,2071-06-24 12:12:28,-22.0947995662914,47.52301028887441,36.0,50.0,attack_rwa,Firesat_Attack_RWA_10_36.0_50,baseline
212,2025,10,0,12,12,47,0.830427,-0.386011,900009,51.1187,-0.876646,91.0,0.0,0.0,0.0,0.587049,0.769181,0.144378,0.207096,0.115683,-0.00124205,0.000148315,-0.993285,-4837900.0,753649.0,5384990.0,5527.01,695.848,4868.5,-0.00109165,0.00156569,0.000300576,0.00226049,-0.00312634,0.000846784,0.00394979,212,212,212,-8.69126,6.7994,-2.87016,0.00203044,-0.00264796,-0.000447133,-0.00201612,0.00266561,0.000474047,0,0,0,0,0,0,0.00075311,0.00733489,0.00501114,-4837900.0,753654.0,5384990.0,5528.33,695.614,4869.09,-4837900.0,753649.0,5384990.0,5527.01,695.848,4868.5,7276500.0,0.000226908,98.0392,-179.918,-137.341,-174.308,8,1,1443355967,303167,2386,525594,0.809752,0.190248,412.134,0,0.0,0,0,0,0,0.00226049,-0.00312634,0.000846784,0.00394979,1,0,211.2,0.00423247,0.398071,-0.511291,-0.454985,-0.610827,2.39367e-05,-1.67298e-05,2.08903e-05,2.39367e-05,1.67298e-05,-2.08903e-05,212,-0.1249,-0.93478,0.000668042,-0.355227,2,1,1,2,2,0,0,0,0,0,1,1,1,212,0.00190869,10_36.0_50,Firesat_Attack_RWA,2025-08-28 20:59:17.074,2025-08-28 20:59:16.944,2071-06-24 12:12:29,-22.11680114562442,47.579962293710416,36.0,50.0,attack_rwa,Firesat_Attack_RWA_10_36.0_50,baseline
213,2025,10,0,12,12,48,0.831421,-0.386396,900008,51.1187,-0.876646,91.0,0.0,0.0,0.0,0.586298,0.770247,0.143539,0.205842,0.11572,-0.00124205,0.000148361,-0.993281,-4832370.0,754335.0,5389840.0,5532.15,694.95,4863.18,-0.000919333,0.00153638,-0.000110802,0.00225923,-0.00312972,0.000840774,0.00395046,213,213,213,-8.68817,6.80682,-2.84507,0.00149993,-0.00263472,0.000254209,-0.00148539,0.00265248,-0.000227172,0,0,0,0,0,0,0.000784657,0.00738787,0.00503227,-4832370.0,754345.0,5389860.0,5533.31,694.808,4863.5,-4832370.0,754335.0,5389840.0,5532.15,694.951,4863.18,7276440.0,0.000234934,98.0391,-179.918,-137.51,-174.081,8,1,1443355968,303168,2386,525628,0.809805,0.190195,412.626,0,0.0,0,0,0,0,0.00225923,-0.00312972,0.000840774,0.00395046,1,0,212.2,0.00398687,0.397937,-0.512883,-0.453868,-0.610411,2.39621e-05,-1.67591e-05,2.08677e-05,2.39621e-05,1.67591e-05,-2.08677e-05,213,-0.124903,-0.93589,0.000219486,-0.352293,2,1,1,2,2,0,0,0,0,0,1,1,1,213,0.00179043,10_36.0_50,Firesat_Attack_RWA,2025-08-28 20:59:17.074,2025-08-28 20:59:16.944,2071-06-24 12:12:30,-22.13886002073696,47.636914298546415,36.0,50.0,attack_rwa,Firesat_Attack_RWA_10_36.0_50,baseline
214,2025,10,0,12,12,49,0.832415,-0.386782,900005,51.1187,-0.876646,91.0,0.0,0.0,0.0,0.585346,0.771447,0.142425,0.204828,0.115756,-0.00124204,0.000148406,-0.993277,-4826850.0,755023.0,5394730.0,5537.39,694.309,4857.53,-0.000454044,0.00156139,0.000316308,0.00224636,-0.00313445,0.000827145,0.003944,214,214,214,-8.6427,6.8171,-2.79375,0.00105712,-0.00267394,-0.000399902,-0.00104247,0.00269162,0.000427082,0,0,0,0,0,0,0.000795571,0.00742118,0.00506141,-4826840.0,755034.0,5394710.0,5538.29,693.987,4857.89,-4826850.0,755023.0,5394730.0,5537.39,694.309,4857.53,7276360.0,0.000246056,98.0389,-179.918,-138.097,-173.436,8,1,1443355969,303169,2386,525663,0.809858,0.190142,413.115,0,0.0,0,0,0,0,0.00224636,-0.00313445,0.000827145,0.003944,1,0,213.2,0.00429867,0.397796,-0.514448,-0.452408,-0.61027,2.39874e-05,-1.67883e-05,2.08451e-05,2.39874e-05,1.67883e-05,-2.08451e-05,214,-0.124906,-0.936973,0.000454769,-0.349401,2,1,1,2,2,0,0,0,0,0,1,1,1,214,0.00162607,10_36.0_50,Firesat_Attack_RWA,2025-08-28 20:59:17.074,2025-08-28 20:59:16.944,2071-06-24 12:12:31,-22.160976191629008,47.69386630338242,36.0,50.0,attack_rwa,Firesat_Attack_RWA_10_36.0_50,baseline
215,2025,10,0,12,12,50,0.83341,-0.387168,900013,51.1187,-0.876646,91.0,0.0,0.0,0.0,0.584546,0.772509,0.141499,0.203751,0.115792,-0.00124204,0.000148451,-0.993273,-4821290.0,755727.0,5399570.0,5542.28,693.433,4851.88,-0.000293681,0.00173008,0.000280345,0.00223325,-0.00314435,0.000814408,0.00394178,215,215,215,-8.59516,6.83864,-2.74446,0.000747504,-0.0030633,-0.000325375,-0.000732632,0.00308093,0.000352665,0,0,0,0,0,0,0.000816115,0.00745781,0.00508228,-4821300.0,755724.0,5399580.0,5543.25,693.178,4852.36,-4821290.0,755727.0,5399570.0,5542.28,693.433,4851.88,7276400.0,0.00024142,98.0387,-179.919,-136.386,-175.088,8,1,1443355970,303170,2386,525697,0.809911,0.190089,413.6,0,0.0,0,0,0,0,0.00223325,-0.00314435,0.000814408,0.00394178,1,0,214.2,0.00389011,0.397671,-0.515935,-0.451191,-0.609996,2.4013e-05,-1.68174e-05,2.08221e-05,2.4013e-05,1.68174e-05,-2.08221e-05,215,-0.12491,-0.938,0.00036461,-0.346634,2,1,1,2,2,0,0,0,0,0,1,1,1,215,0.00175483,10_36.0_50,Firesat_Attack_RWA,2025-08-28 20:59:17.074,2025-08-28 20:59:16.944,2071-06-24 12:12:32,-22.18309236252106,47.75087560399794,36.0,50.0,attack_rwa,Firesat_Attack_RWA_10_36.0_50,baseline
216,2025,10,0,12,12,51,0.834404,-0.387556,900010,51.1187,-0.876646,91.0,0.0,0.0,0.0,0.583818,0.773574,0.140685,0.202352,0.115828,-0.00124203,0.000148496,-0.993268,-4815750.0,756417.0,5404410.0,5546.94,692.445,4846.46,-9.63291e-05,0.00151704,-0.000321553,0.00221635,-0.00314901,0.000813851,0.00393584,216,216,216,-8.53396,6.84929,-2.73926,0.000564004,-0.00261101,0.00067013,-0.000548899,0.0026287,-0.000642785,0,0,0,0,0,0,0.000855347,0.00751278,0.00509664,-4815750.0,756418.0,5404420.0,5548.25,692.405,4846.76,-4815750.0,756417.0,5404410.0,5546.94,692.445,4846.46,7276400.0,0.000241538,98.0387,-179.918,-136.987,-174.429,8,1,1443355971,303171,2386,525732,0.809964,0.190036,414.084,0,0.0,0,0,0,0,0.00221635,-0.00314901,0.000813851,0.00393584,1,0,215.2,0.00414007,0.397542,-0.517611,-0.450107,-0.609461,2.40387e-05,-1.68467e-05,2.07988e-05,2.40387e-05,1.68467e-05,-2.07988e-05,216,-0.124909,-0.939154,-0.000269051,-0.343497,2,2,1,2,2,0,0,0,0,0,1,1,1,216,0.0015201,10_36.0_50,Firesat_Attack_RWA,2025-08-28 20:59:17.074,2025-08-28 20:59:16.944,2071-06-24 12:12:33,-22.20532312497213,47.807827608833946,36.0,50.0,attack_rwa,Firesat_Attack_RWA_10_36.0_50,baseline
217,2025,10,0,12,12,52,0.835398,-0.387944,900007,51.1187,-0.876646,91.0,0.0,0.0,0.0,0.583292,0.774483,0.139442,0.20125,0.115865,-0.00124203,0.000148542,-0.993264,-4810190.0,757115.0,5409280.0,5552.25,691.868,4840.93,-0.000646662,0.00127521,-2.68072e-05,0.00221195,-0.00314449,0.000807993,0.00392854,217,217,217,-8.51734,6.83952,-2.71657,0.00184641,-0.00244659,6.92983e-05,-0.00183124,0.00246427,-4.20275e-05,0,0,0,0,0,0,0.000874047,0.00751876,0.00509517,-4810200.0,757110.0,5409260.0,5553.24,691.626,4841.16,-4810190.0,757115.0,5409280.0,5552.25,691.868,4840.93,7276390.0,0.000242661,98.0388,-179.918,-137.658,-173.7,8,1,1443355972,303172,2386,525766,0.810018,0.189982,414.562,0,0.0,0,0,0,0,0.00221195,-0.00314449,0.000807993,0.00392854,1,0,216.2,0.00393047,0.397824,-0.518987,-0.448787,-0.60908,2.40642e-05,-1.68762e-05,2.07755e-05,2.40642e-05,1.68762e-05,-2.07755e-05,217,-0.124909,-0.940308,0.000194474,-0.340325,2,1,1,2,2,0,0,0,0,0,1,1,1,217,0.0014298,10_36.0_50,Firesat_Attack_RWA,2025-08-28 20:59:17.074,2025-08-28 20:59:16.944,2071-06-24 12:12:34,-22.22755388742321,47.864779613669945,36.0,50.0,attack_rwa,Firesat_Attack_RWA_10_36.0_50,baseline
218,2025,10,0,12,12,53,0.836393,-0.388334,900010,51.1187,-0.876646,91.0,0.0,0.0,0.0,0.582643,0.775402,0.138431,0.200289,0.115901,-0.00124202,0.000148587,-0.99326,-4804670.0,757804.0,5414110.0,5557.09,690.943,4834.98,-0.00093984,0.00155784,0.000133693,0.00221742,-0.00315243,0.00079745,0.00393582,218,218,218,-8.53807,6.85623,-2.67599,0.00214741,-0.00268243,-0.000257479,-0.00213209,0.00270014,0.000284889,0,0,0,0,0,0,0.000883657,0.00754068,0.00511709,-4804640.0,757804.0,5414110.0,5558.21,690.859,4835.6,-4804670.0,757804.0,5414110.0,5557.09,690.943,4834.98,7276450.0,0.000234179,98.0388,-179.918,-136.815,-174.485,8,1,1443355973,303173,2386,525801,0.810071,0.189929,415.037,0,0.0,0,0,0,0,0.00221742,-0.00315243,0.00079745,0.00393582,1,0,217.2,0.00358497,0.397872,-0.520292,-0.447586,-0.608819,2.40897e-05,-1.69054e-05,2.07522e-05,2.40897e-05,1.69054e-05,-2.07522e-05,218,-0.124908,-0.941277,0.000442513,-0.337636,2,1,1,2,2,0,0,0,0,0,1,1,1,218,0.00181939,10_36.0_50,Firesat_Attack_RWA,2025-08-28 20:59:17.074,2025-08-28 20:59:16.944,2071-06-24 12:12:35,-22.24989924143331,47.921788914285465,36.0,50.0,attack_rwa,Firesat_Attack_RWA_10_36.0_50,baseline
219,2025,10,0,12,12,54,0.837387,-0.388724,900016,51.1187,-0.876646,91.0,0.0,0.0,0.0,0.581779,0.776568,0.137397,0.198992,0.115937,-0.00124201,0.000148632,-0.993256,-4799080.0,758511.0,5418940.0,5561.95,690.198,4829.32,-0.00052161,0.00125555,0.000103809,0.00221303,-0.00314803,0.000786884,0.00392769,219,219,219,-8.52406,6.84708,-2.6349,0.00126952,-0.00258039,-0.000188529,-0.00125406,0.00259813,0.000216011,0,0,0,0,0,0,0.000915661,0.00758936,0.00513478,-4799090.0,758496.0,5418940.0,5563.11,690.09,4829.99,-4799080.0,758511.0,5418940.0,5561.95,690.198,4829.32,7276370.0,0.000245764,98.0389,-179.918,-135.574,-175.667,8,1,1443355974,303174,2386,525835,0.810124,0.189876,415.509,0,0.0,0,0,0,0,0.00221303,-0.00314803,0.000786884,0.00392769,1,0,218.2,0.00440749,0.397758,-0.52199,-0.446243,-0.608426,2.41152e-05,-1.69343e-05,2.07291e-05,2.41152e-05,1.69343e-05,-2.07291e-05,219,-0.124906,-0.942433,0.000271969,-0.334394,2,1,1,2,2,0,0,0,0,0,1,1,1,219,0.00135959,10_36.0_50,Firesat_Attack_RWA,2025-08-28 20:59:17.074,2025-08-28 20:59:16.944,2071-06-24 12:12:36,-22.27224459544341,47.97874091912146,36.0,50.0,attack_rwa,Firesat_Attack_RWA_10_36.0_50,baseline
220,2025,10,0,12,12,55,0.838381,-0.389116,900013,51.1187,-0.876646,91.0,0.0,0.0,0.0,0.581386,0.777348,0.136412,0.197768,0.115973,-0.00124201,0.000148678,-0.993252,-4793520.0,759187.0,5423770.0,5567.0,689.548,4824.23,-0.00128136,0.0011594,-0.000200844,0.00222114,-0.00314648,0.000782622,0.00393018,220,220,220,-8.55355,6.84334,-2.61657,0.00263209,-0.00237367,0.000349404,-0.00261646,0.00239153,-0.000321928,0,0,0,0,0,0,0.000942277,0.00761362,0.00513871,-4793520.0,759191.0,5423770.0,5568.1,689.344,4824.39,-4793520.0,759187.0,5423770.0,5567.0,689.548,4824.23,7276410.0,0.00024042,98.0392,-179.918,-136.089,-175.094,8,1,1443355975,303175,2386,525870,0.810178,0.189822,415.975,0,0.0,0,0,0,0,0.00222114,-0.00314648,0.000782622,0.00393018,1,0,219.2,0.00359432,0.398001,-0.523331,-0.445212,-0.607871,2.41405e-05,-1.6963e-05,2.07061e-05,2.41405e-05,1.6963e-05,-2.07061e-05,220,-0.124903,-0.943515,0.000234315,-0.33133,2,1,2,2,2,0,0,0,0,0,1,1,1,220,0.00172803,10_36.0_50,Firesat_Attack_RWA,2025-08-28 20:59:17.074,2025-08-28 20:59:16.944,2071-06-24 12:12:37,-22.294704541012543,48.03569292395748,36.0,50.0,attack_rwa,Firesat_Attack_RWA_10_36.0_50,baseline
221,2025,10,0,12,12,56,0.839375,-0.389507,900013,51.1187,-0.876646,91.0,0.0,0.0,0.0,0.580121,0.778731,0.135141,0.196915,0.116009,-0.001242,0.000148723,-0.993247,-4787950.0,759877.0,5428570.0,5571.71,688.631,4818.05,-0.000193351,0.0013079,0.000886811,0.00220954,-0.00314931,0.00075779,0.00392103,221,221,221,-8.51418,6.84913,-2.52512,0.000438539,-0.0027493,-0.00155928,-0.000422863,0.00276697,0.00158699,0,0,0,0,0,0,0.000937384,0.00764464,0.00518486,-4787950.0,759878.0,5428590.0,5573.05,688.544,4818.77,-4787950.0,759877.0,5428570.0,5571.71,688.631,4818.05,7276390.0,0.000243131,98.0391,-179.918,-136.143,-174.981,8,1,1443355976,303176,2386,525905,0.810231,0.189769,416.438,0,0.0,0,0,0,0,0.00220954,-0.00314931,0.00075779,0.00392103,1,0,220.2,0.00484005,0.397694,-0.524953,-0.443445,-0.607965,2.41659e-05,-1.69914e-05,2.06833e-05,2.41659e-05,1.69914e-05,-2.06833e-05,221,-0.124904,-0.944506,0.000901184,-0.328493,2,1,1,2,2,0,0,0,0,0,1,1,1,221,0.00132211,10_36.0_50,Firesat_Attack_RWA,2025-08-28 20:59:17.074,2025-08-28 20:59:16.944,2071-06-24 12:12:38,-22.317107190802155,48.09264492879348,36.0,50.0,attack_rwa,Firesat_Attack_RWA_10_36.0_50,baseline
222,2025,10,0,12,12,57,0.840368,-0.389899,900005,51.1187,-0.876646,91.0,0.0,0.0,0.0,0.579664,0.779505,0.13443,0.195679,0.116046,-0.001242,0.000148768,-0.993243,-4782370.0,760570.0,5433380.0,5577.07,687.932,4812.69,-0.000737854,0.00153711,0.000186827,0.0022039,-0.00316129,0.000745057,0.00392506,222,222,222,-8.49303,6.87519,-2.4742,0.0016078,-0.00306415,-6.90529e-05,-0.00159179,0.00308187,9.68365e-05,0,0,0,0,0,0,0.000972409,0.00768853,0.005195,-4782370.0,760566.0,5433390.0,5578.0,687.758,4813.09,-4782370.0,760570.0,5433380.0,5577.07,687.932,4812.69,7276300.0,0.000254349,98.0391,-179.918,-137.708,-173.358,8,1,1443355977,303177,2386,525939,0.810284,0.189716,416.897,0,0.0,0,0,0,0,0.0022039,-0.00316129,0.000745057,0.00392506,1,0,221.2,0.00337136,0.397727,-0.526296,-0.4426,-0.607396,2.41916e-05,-1.70194e-05,2.06603e-05,2.41916e-05,1.70194e-05,-2.06603e-05,222,-0.124904,-0.945465,0.000416486,-0.325724,2,2,2,2,2,0,0,0,0,0,1,1,1,222,0.00170503,10_36.0_50,Firesat_Attack_RWA,2025-08-28 20:59:17.074,2025-08-28 20:59:16.944,2071-06-24 12:12:39,-22.339567136371283,48.14953963784997,36.0,50.0,attack_rwa,Firesat_Attack_RWA_10_36.0_50,baseline
223,2025,10,0,12,12,58,0.841363,-0.390292,900006,51.1187,-0.876646,91.0,0.0,0.0,0.0,0.579177,0.780398,0.133168,0.194421,0.116082,-0.00124199,0.000148813,-0.993239,-4776800.0,761248.0,5438240.0,5581.61,687.136,4807.03,-0.00130741,0.00106112,0.000372875,0.00221255,-0.00315747,0.00073301,0.00392457,223,223,223,-8.52496,6.86759,-2.42808,0.00287008,-0.00226528,-0.000248282,-0.00285395,0.00228303,0.000276018,0,0,0,0,0,0,0.00100308,0.00770351,0.00518632,-4776800.0,761254.0,5438210.0,5582.93,686.976,4807.48,-4776800.0,761248.0,5438240.0,5581.61,687.136,4807.03,7276300.0,0.000254393,98.0391,-179.918,-137.394,-173.614,8,1,1443355978,303178,2386,525974,0.810338,0.189662,417.353,0,0.0,0,0,0,0,0.00221255,-0.00315747,0.00073301,0.00392457,1,0,222.2,0.00410287,0.398051,-0.527749,-0.441287,-0.606878,2.42175e-05,-1.70472e-05,2.06372e-05,2.42175e-05,1.70472e-05,-2.06372e-05,223,-0.124904,-0.946644,0.00077374,-0.32228,2,2,2,2,2,0,0,0,0,0,1,1,1,223,0.00168383,10_36.0_50,Firesat_Attack_RWA,2025-08-28 20:59:17.074,2025-08-28 20:59:16.944,2071-06-24 12:12:40,-22.362084377719924,48.20654893846548,36.0,50.0,attack_rwa,Firesat_Attack_RWA_10_36.0_50,baseline
224,2025,10,0,12,12,59,0.842358,-0.390684,900018,51.1187,-0.876646,91.0,0.0,0.0,0.0,0.57835,0.781413,0.132255,0.193427,0.116118,-0.00124199,0.000148859,-0.993235,-4771210.0,761939.0,5443010.0,5586.58,686.143,4801.22,-0.00114435,0.0014477,0.000491481,0.00222101,-0.00316525,0.000719817,0.00393317,224,224,224,-8.55781,6.88382,-2.37744,0.00188003,-0.00301988,-0.000536184,-0.00186371,0.00303769,0.000564143,0,0,0,0,0,0,0.00101343,0.00774147,0.00522023,-4771210.0,761938.0,5443020.0,5587.85,686.17,4801.94,-4771210.0,761939.0,5443010.0,5586.58,686.143,4801.22,7276410.0,0.000239802,98.039,-179.918,-134.993,-175.957,8,1,1443355979,303179,2386,526009,0.810392,0.189608,417.805,0,0.0,0,0,0,0,0.00222101,-0.00316525,0.000719817,0.00393317,1,0,223.2,0.00376043,0.397898,-0.529151,-0.440065,-0.606646,2.42433e-05,-1.70744e-05,2.06144e-05,2.42433e-05,1.70744e-05,-2.06144e-05,224,-0.124907,-0.947537,0.000830809,-0.319645,2,2,2,2,2,0,0,0,0,0,1,1,1,224,0.00184536,10_36.0_50,Firesat_Attack_RWA,2025-08-28 20:59:17.074,2025-08-28 20:59:16.944,2071-06-24 12:12:41,-22.38454432328905,48.263558239081,36.0,50.0,attack_rwa,Firesat_Attack_RWA_10_36.0_50,baseline
225,2025,10,0,12,13,0,0.843351,-0.391078,900013,51.1187,-0.876646,91.0,0.0,0.0,0.0,0.577544,0.782489,0.131492,0.191998,0.116154,-0.00124198,0.000148904,-0.99323,-4765640.0,762608.0,5447810.0,5591.64,685.424,4795.92,-0.000755935,0.00130229,-0.000107267,0.00221455,-0.0031705,0.000717601,0.00393335,225,225,225,-8.53615,6.89574,-2.36607,0.00124437,-0.00253915,0.000546322,-0.0012278,0.00255708,-0.000518213,0,0,0,0,0,0,0.00105239,0.00780683,0.00524322,-4765620.0,762622.0,5447820.0,5592.78,685.368,4796.27,-4765640.0,762608.0,5447810.0,5591.64,685.424,4795.92,7276340.0,0.000250182,98.0389,-179.918,-135.973,-174.919,8,1,1443355980,303180,2386,526044,0.810445,0.189555,418.254,0,0.0,0,0,0,0,0.00221455,-0.0031705,0.000717601,0.00393335,1,0,224.2,0.00421057,0.397676,-0.530852,-0.438978,-0.606093,2.42693e-05,-1.71014e-05,2.05916e-05,2.42693e-05,1.71014e-05,-2.05916e-05,225,-0.124908,-0.948593,0.000137011,-0.316499,2,1,1,2,2,0,0,0,0,0,1,1,1,225,0.00150579,10_36.0_50,Firesat_Attack_RWA,2025-08-28 20:59:17.074,2025-08-28 20:59:16.944,2071-06-24 12:12:42,-22.407118860417206,48.320452948137486,36.0,50.0,attack_rwa,Firesat_Attack_RWA_10_36.0_50,baseline
226,2025,10,0,12,13,1,0.844344,-0.391472,900015,51.1187,-0.876646,91.0,0.0,0.0,0.0,0.57714,0.783298,0.130064,0.190887,0.11619,-0.00124198,0.000148949,-0.993226,-4760040.0,763323.0,5452610.0,5596.73,684.619,4790.13,-0.00164149,0.000886145,0.000487126,0.00222493,-0.0031593,0.000705214,0.00392795,226,226,226,-8.57359,6.87156,-2.31975,0.00267136,-0.00222234,-0.000586353,-0.00265479,0.00224026,0.000614323,0,0,0,0,0,0,0.00107053,0.00779747,0.00522864,-4760040.0,763304.0,5452610.0,5597.65,684.558,4790.62,-4760040.0,763323.0,5452610.0,5596.73,684.619,4790.13,7276240.0,0.000264125,98.0388,-179.918,-135.41,-175.424,8,1,1443355981,303181,2386,526079,0.810499,0.189501,418.699,0,0.0,0,0,0,0,0.00222493,-0.0031593,0.000705214,0.00392795,1,0,225.2,0.00404491,0.398163,-0.532152,-0.437576,-0.605647,2.42952e-05,-1.71282e-05,2.0569e-05,2.42952e-05,1.71282e-05,-2.0569e-05,226,-0.12491,-0.949723,0.000975947,-0.31309,2,1,2,2,2,0,0,0,0,0,1,1,1,226,0.00186541,10_36.0_50,Firesat_Attack_RWA,2025-08-28 20:59:17.074,2025-08-28 20:59:16.944,2071-06-24 12:12:43,-22.429693397545364,48.37734765719398,36.0,50.0,attack_rwa,Firesat_Attack_RWA_10_36.0_50,baseline
227,2025,10,0,12,13,2,0.845337,-0.391869,900017,51.1187,-0.876646,91.0,0.0,0.0,0.0,0.576038,0.784422,0.129691,0.189849,0.116227,-0.00124197,0.000148995,-0.993222,-4754430.0,764003.0,5457390.0,5601.42,684.088,4784.6,-0.000683393,0.00187142,-0.000130441,0.00221679,-0.00318411,0.000702873,0.00394293,227,227,227,-8.54688,6.92433,-2.30778,0.000866003,-0.00379265,0.000515859,-0.000849095,0.0038107,-0.000487421,0,0,0,0,0,0,0.00108083,0.00787824,0.00529833,-4754440.0,763997.0,5457390.0,5602.55,683.831,4784.97,-4754430.0,764003.0,5457390.0,5601.42,684.088,4784.6,7276220.0,0.00026619,98.0392,-179.918,-134.966,-175.81,8,1,1443355982,303182,2386,526114,0.810553,0.189447,419.139,0,0.0,0,0,0,0,0.00221679,-0.00318411,0.000702873,0.00394293,1,0,226.2,0.00384377,0.397475,-0.533668,-0.436638,-0.605441,2.4321e-05,-1.71547e-05,2.05464e-05,2.4321e-05,1.71547e-05,-2.05464e-05,227,-0.124904,-0.950409,8.79185e-05,-0.311001,2,2,1,2,2,0,0,0,0,0,1,1,1,227,0.0019923,10_36.0_50,Firesat_Attack_RWA,2025-08-28 20:59:17.074,2025-08-28 20:59:16.944,2071-06-24 12:12:44,-22.452439822012057,48.43424236625047,36.0,50.0,attack_rwa,Firesat_Attack_RWA_10_36.0_50,baseline
228,2025,10,0,12,13,3,0.846331,-0.392266,900017,51.1187,-0.876646,91.0,0.0,0.0,0.0,0.575053,0.785704,0.128619,0.188255,0.116263,-0.00124197,0.00014904,-0.993218,-4748830.0,764684.0,5462180.0,5606.26,683.305,4778.76,0.000155045,0.00109347,-0.000291048,0.00218931,-0.00318391,0.000704916,0.00392775,228,228,228,-8.44763,6.92573,-2.31332,-0.00024939,-0.00229874,0.000625944,0.000266446,0.00231677,-0.000597509,0,0,0,0,0,0,0.0011273,0.00793155,0.00530274,-4748830.0,764683.0,5462180.0,5607.47,683.059,4779.33,-4748830.0,764684.0,5462180.0,5606.26,683.305,4778.76,7276240.0,0.000263605,98.0393,-179.918,-135.027,-175.691,8,1,1443355983,303183,2386,526149,0.810607,0.189393,419.578,0,0.0,0,0,0,0,0.00218931,-0.00318391,0.000704916,0.00392775,1,0,227.2,0.00502113,0.397283,-0.535633,-0.435196,-0.604871,2.43471e-05,-1.71815e-05,2.05233e-05,2.43471e-05,1.71815e-05,-2.05233e-05,228,-0.124902,-0.951636,-0.000324574,-0.307229,2,2,1,2,2,0,0,0,0,0,1,1,1,228,0.0011044,10_36.0_50,Firesat_Attack_RWA,2025-08-28 20:59:17.074,2025-08-28 20:59:16.944,2071-06-24 12:12:45,-22.47518624647875,48.49119437108648,36.0,50.0,attack_rwa,Firesat_Attack_RWA_10_36.0_50,baseline
229,2025,10,0,12,13,4,0.847325,-0.392664,900017,51.1187,-0.876646,91.0,0.0,0.0,0.0,0.574477,0.786548,0.127545,0.187219,0.116299,-0.00124196,0.000149085,-0.993213,-4743230.0,765383.0,5466930.0,5611.37,682.458,4773.61,-0.000291595,0.00125278,-6.02495e-05,0.00217326,-0.00318478,0.000700726,0.00391879,229,229,229,-8.38763,6.92705,-2.29662,0.000637107,-0.00266372,-1.96665e-05,-0.000619966,0.00268166,4.80514e-05,0,0,0,0,0,0,0.00113749,0.00793759,0.00531091,-4743220.0,765369.0,5466950.0,5612.37,682.285,4773.68,-4743230.0,765383.0,5466930.0,5611.37,682.459,4773.61,7276230.0,0.000265686,98.0394,-179.918,-134.934,-175.725,8,1,1443355984,303184,2386,526184,0.810661,0.189339,420.012,0,0.0,0,0,0,0,0.00217326,-0.00318478,0.000700726,0.00391879,1,0,228.2,0.0036179,0.397427,-0.536918,-0.433985,-0.604507,2.43729e-05,-1.72089e-05,2.04999e-05,2.43729e-05,1.72089e-05,-2.04999e-05,229,-0.1249,-0.952563,3.11672e-05,-0.304341,2,2,2,2,2,0,0,0,0,0,1,1,1,229,0.00128627,10_36.0_50,Firesat_Attack_RWA,2025-08-28 20:59:17.074,2025-08-28 20:59:16.944,2071-06-24 12:12:46,-22.49798996672496,48.54814637592248,36.0,50.0,attack_rwa,Firesat_Attack_RWA_10_36.0_50,baseline
230,2025,10,0,12,13,5,0.848317,-0.393063,900014,51.1187,-0.876646,91.0,0.0,0.0,0.0,0.573814,0.787443,0.126326,0.186316,0.116335,-0.00124196,0.00014913,-0.993209,-4737600.0,766058.0,5471730.0,5616.23,681.809,4767.33,-0.000622765,0.00146258,0.000605503,0.00216638,-0.00319399,0.000680726,0.00391895,230,230,230,-8.36239,6.94698,-2.22212,0.00169828,-0.00306641,-0.00101111,-0.001681,0.0030842,0.00103957,0,0,0,0,0,0,0.00114137,0.00794192,0.00532518,-4737610.0,766057.0,5471720.0,5617.26,681.539,4767.97,-4737600.0,766058.0,5471730.0,5616.23,681.809,4767.33,7276150.0,0.00027593,98.0397,-179.918,-135.558,-175.043,8,1,1443355985,303185,2386,526219,0.810715,0.189285,420.443,0,0.0,0,0,0,0,0.00216638,-0.00319399,0.000680726,0.00391895,1,0,229.2,0.00376415,0.397583,-0.538169,-0.432606,-0.60428,2.43988e-05,-1.72361e-05,2.04763e-05,2.43988e-05,1.72361e-05,-2.04763e-05,230,-0.124896,-0.953468,0.000764787,-0.301494,2,2,2,2,2,0,0,0,0,0,1,1,1,230,0.00158964,10_36.0_50,Firesat_Attack_RWA,2025-08-28 20:59:17.074,2025-08-28 20:59:16.944,2071-06-24 12:12:47,-22.52085098275068,48.60498378919946,36.0,50.0,attack_rwa,Firesat_Attack_RWA_10_36.0_50,baseline
231,2025,10,0,12,13,6,0.849312,-0.393461,900017,51.1187,-0.876646,91.0,0.0,0.0,0.0,0.573038,0.788444,0.125616,0.184943,0.116372,-0.00124195,0.000149176,-0.993205,-4732000.0,766726.0,5476480.0,5621.09,680.702,4761.97,-0.000348792,0.00151037,5.68841e-06,0.00215944,-0.00320525,0.00067313,0.003923,231,231,231,-8.33799,6.97189,-2.19046,0.00102516,-0.00284323,0.00010207,-0.00100756,0.0028611,-7.34589e-05,0,0,0,0,0,0,0.00117998,0.00800126,0.00534436,-4731990.0,766737.0,5476490.0,5622.16,680.738,4762.35,-4732000.0,766726.0,5476480.0,5621.09,680.702,4761.97,7276220.0,0.000266414,98.0396,-179.918,-134.911,-175.631,8,1,1443355986,303186,2386,526254,0.810769,0.189231,420.871,0,0.0,0,0,0,0,0.00215944,-0.00320525,0.00067313,0.003923,1,0,230.2,0.00399749,0.397355,-0.539777,-0.431579,-0.603729,2.44251e-05,-1.72631e-05,2.04524e-05,2.44251e-05,1.72631e-05,-2.04524e-05,231,-0.124897,-0.954414,0.000109288,-0.298485,2,1,2,2,2,0,0,0,0,0,1,1,1,231,0.00155012,10_36.0_50,Firesat_Attack_RWA,2025-08-28 20:59:17.074,2025-08-28 20:59:16.944,2071-06-24 12:12:48,-22.54365470299689,48.66199308981497,36.0,50.0,attack_rwa,Firesat_Attack_RWA_10_36.0_50,baseline
232,2025,10,0,12,13,7,0.850305,-0.393859,900016,51.1187,-0.876646,91.0,0.0,0.0,0.0,0.57228,0.789508,0.124246,0.183673,0.116408,-0.00124194,0.000149221,-0.993201,-4726360.0,767406.0,5481260.0,5625.96,679.943,4756.47,-0.00029334,0.000939458,0.000583529,0.0021493,-0.00319416,0.000656314,0.0039055,232,232,232,-8.3015,6.94838,-2.12756,0.00119248,-0.00216008,-0.000840332,-0.00117485,0.00217781,0.000868855,0,0,0,0,0,0,0.0012048,0.00801765,0.00534381,-4726370.0,767412.0,5481240.0,5627.04,679.908,4756.67,-4726360.0,767406.0,5481260.0,5625.96,679.943,4756.47,7276170.0,0.00027383,98.0394,-179.918,-135.089,-175.395,8,1,1443355987,303187,2386,526289,0.810823,0.189177,421.295,0,0.0,0,0,0,0,0.0021493,-0.00319416,0.000656314,0.0039055,1,0,231.2,0.00455732,0.39752,-0.541377,-0.430023,-0.603299,2.44514e-05,-1.729e-05,2.04285e-05,2.44514e-05,1.729e-05,-2.04285e-05,232,-0.124901,-0.955534,0.000644031,-0.294882,2,2,2,2,2,0,0,0,0,0,1,1,1,232,0.00098419,10_36.0_50,Firesat_Attack_RWA,2025-08-28 20:59:17.074,2025-08-28 20:59:16.944,2071-06-24 12:12:49,-22.56645842324309,48.71888779887146,36.0,50.0,attack_rwa,Firesat_Attack_RWA_10_36.0_50,baseline
233,2025,10,0,12,13,8,0.851299,-0.394259,900019,51.1187,-0.876646,91.0,0.0,0.0,0.0,0.571923,0.790164,0.123338,0.182576,0.116444,-0.00124194,0.000149266,-0.993196,-4720760.0,768083.0,5486000.0,5630.7,679.078,4750.75,-0.00121012,0.0012237,0.000392256,0.00215958,-0.00319584,0.000643071,0.00391033,233,233,233,-8.33837,6.95104,-2.07595,0.00259048,-0.00256712,-0.000406717,-0.00257264,0.00258492,0.000435253,0,0,0,0,0,0,0.00122317,0.00803525,0.00535175,-4720740.0,768088.0,5486000.0,5631.92,679.09,4751.03,-4720760.0,768083.0,5486000.0,5630.7,679.078,4750.75,7276200.0,0.000269355,98.0392,-179.918,-134.491,-175.935,8,1,1443355988,303188,2386,526324,0.810877,0.189123,421.713,0,0.0,0,0,0,0,0.00215958,-0.00319584,0.000643071,0.00391033,1,0,232.2,0.00321735,0.397748,-0.542543,-0.429074,-0.602776,2.44776e-05,-1.73164e-05,2.04048e-05,2.44776e-05,1.73164e-05,-2.04048e-05,233,-0.124904,-0.956392,0.000727972,-0.292086,2,2,2,2,2,0,0,0,0,0,1,1,1,233,0.001721,10_36.0_50,Firesat_Attack_RWA,2025-08-28 20:59:17.074,2025-08-28 20:59:16.944,2071-06-24 12:12:50,-22.58937673504833,48.77583980370747,36.0,50.0,attack_rwa,Firesat_Attack_RWA_10_36.0_50,baseline
234,2025,10,0,12,13,9,0.852291,-0.394659,900023,51.1187,-0.876646,91.0,0.0,0.0,0.0,0.570996,0.791293,0.122571,0.181095,0.11648,-0.00124193,0.000149312,-0.993192,-4715110.0,768788.0,5490760.0,5635.79,678.482,4745.11,-0.000531181,0.00103373,-0.000127447,0.00215607,-0.00319145,0.00064159,0.00390457,234,234,234,-8.32828,6.94163,-2.06743,0.00123864,-0.0026278,0.000483879,-0.00122063,0.00264573,-0.000455213,0,0,0,0,0,0,0.00126233,0.00810575,0.00537955,-4715110.0,768767.0,5490750.0,5636.74,678.302,4745.35,-4715110.0,768788.0,5490760.0,5635.79,678.482,4745.11,7276120.0,0.000281243,98.0393,-179.918,-133.642,-176.725,8,1,1443355989,303189,2386,526359,0.810931,0.189069,422.128,0,0.0,0,0,0,0,0.00215607,-0.00319145,0.00064159,0.00390457,1,0,233.2,0.00443354,0.397428,-0.544318,-0.427914,-0.602212,2.45038e-05,-1.73426e-05,2.03814e-05,2.45038e-05,1.73426e-05,-2.03814e-05,234,-0.124903,-0.957379,3.11261e-05,-0.288834,2,2,2,2,2,0,0,0,0,0,1,1,1,234,0.00116222,10_36.0_50,Firesat_Attack_RWA,2025-08-28 20:59:17.074,2025-08-28 20:59:16.944,2071-06-24 12:12:51,-22.61229504685356,48.83267721698445,36.0,50.0,attack_rwa,Firesat_Attack_RWA_10_36.0_50,baseline
235,2025,10,0,12,13,10,0.853285,-0.395062,900021,51.1187,-0.876646,91.0,0.0,0.0,0.0,0.570378,0.792082,0.121887,0.180055,0.116516,-0.00124193,0.000149357,-0.993188,-4709460.0,769439.0,5495460.0,5640.33,677.604,4739.33,-0.000805473,0.00168948,-0.000461209,0.00215487,-0.00321268,0.000647227,0.00392221,235,235,235,-8.32411,6.98722,-2.08592,0.00152297,-0.00346759,0.00078704,-0.0015047,0.00348566,-0.000758143,0,0,0,0,0,0,0.00127318,0.0081378,0.0054089,-4709470.0,769452.0,5495490.0,5641.63,677.553,4739.66,-4709460.0,769439.0,5495460.0,5640.33,677.604,4739.33,7276140.0,0.000278457,98.0396,-179.918,-134.045,-176.265,8,1,1443355990,303190,2386,526394,0.810985,0.189015,422.538,0,0.0,0,0,0,0,0.00215487,-0.00321268,0.000647227,0.00392221,1,0,234.2,0.0031968,0.397315,-0.54556,-0.426999,-0.601811,2.45299e-05,-1.73689e-05,2.03578e-05,2.45299e-05,1.73689e-05,-2.03578e-05,235,-0.124899,-0.958116,-0.000211985,-0.286379,2,2,2,2,2,0,0,0,0,0,1,1,1,235,0.00187166,10_36.0_50,Firesat_Attack_RWA,2025-08-28 20:59:17.074,2025-08-28 20:59:16.944,2071-06-24 12:12:52,-22.63538524599733,48.88962922182045,36.0,50.0,attack_rwa,Firesat_Attack_RWA_10_36.0_50,baseline
236,2025,10,0,12,13,11,0.854277,-0.395463,900007,51.1187,-0.876646,91.0,0.0,0.0,0.0,0.569363,0.793223,0.120921,0.178889,0.116553,-0.00124192,0.000149402,-0.993184,-4703820.0,770131.0,5500200.0,5645.28,676.574,4733.54,-0.000108904,0.00179776,-0.000255391,0.0021389,-0.0032332,0.000646294,0.00393016,236,236,236,-8.26752,7.03299,-2.08135,0.00048195,-0.00334499,0.000241437,-0.000463478,0.00336304,-0.000212287,0,0,0,0,0,0,0.0012921,0.00817864,0.00543635,-4703820.0,770124.0,5500210.0,5646.52,676.724,4733.88,-4703820.0,770131.0,5500200.0,5645.28,676.574,4733.54,7276020.0,0.000293309,98.0395,-179.918,-136.532,-173.719,8,1,1443355991,303191,2386,526429,0.811039,0.188961,422.948,0,0.0,0,0,0,0,0.0021389,-0.0032332,0.000646294,0.00393016,1,0,235.2,0.00430062,0.397037,-0.547164,-0.425626,-0.601511,2.45562e-05,-1.73954e-05,2.03337e-05,2.45562e-05,1.73954e-05,-2.03337e-05,236,-0.124901,-0.959003,-0.000214217,-0.283396,2,2,2,2,2,0,0,0,0,0,1,1,1,236,0.00180106,10_36.0_50,Firesat_Attack_RWA,2025-08-28 20:59:17.074,2025-08-28 20:59:16.944,2071-06-24 12:12:53,-22.658360853582074,48.94646663509742,36.0,50.0,attack_rwa,Firesat_Attack_RWA_10_36.0_50,baseline
237,2025,10,0,12,13,12,0.85527,-0.395867,900007,51.1187,-0.876646,91.0,0.0,0.0,0.0,0.568858,0.794003,0.119654,0.177883,0.116589,-0.00124192,0.000149447,-0.993179,-4698190.0,770798.0,5504960.0,5650.25,675.982,4728.19,-0.000778939,0.00182504,0.000349015,0.00213661,-0.00324881,0.000631088,0.00393931,237,237,237,-8.25818,7.06784,-2.02447,0.00202329,-0.00304941,-0.000761242,-0.00200463,0.00306735,0.000790431,0,0,0,0,0,0,0.00130512,0.00817253,0.00543094,-4698170.0,770803.0,5504940.0,5651.37,675.942,4728.18,-4698190.0,770798.0,5504960.0,5650.25,675.982,4728.19,7275990.0,0.000297073,98.0395,-179.918,-136.378,-173.815,8,1,1443355992,303192,2386,526465,0.811094,0.188906,423.355,0,0.0,0,0,0,0,0.00213661,-0.00324881,0.000631088,0.00393931,1,0,236.2,0.00373199,0.39735,-0.54838,-0.424298,-0.601135,2.45828e-05,-1.74219e-05,2.0309e-05,2.45828e-05,1.74219e-05,-2.0309e-05,237,-0.124899,-0.959904,0.000552787,-0.280329,2,2,2,2,2,0,0,0,0,0,1,1,1,237,0.00198432,10_36.0_50,Firesat_Attack_RWA,2025-08-28 20:59:17.074,2025-08-28 20:59:16.944,2071-06-24 12:12:54,-22.68150834850536,49.00336134415392,36.0,50.0,attack_rwa,Firesat_Attack_RWA_10_36.0_50,baseline
238,2025,10,0,12,13,13,0.856264,-0.39627,900019,51.1187,-0.876646,91.0,0.0,0.0,0.0,0.568191,0.794765,0.118904,0.177111,0.116625,-0.00124191,0.000149493,-0.993175,-4692530.0,771483.0,5509690.0,5655.23,675.357,4722.31,-0.00108558,0.00286028,0.000457768,0.00214503,-0.00329018,0.000613365,0.00397525,238,238,238,-8.28963,7.15802,-1.95686,0.00229558,-0.00439317,-0.000811047,-0.0022765,0.00441113,0.000840644,0,0,0,0,0,0,0.00131026,0.00819845,0.00546243,-4692530.0,771477.0,5509680.0,5656.18,675.138,4722.56,-4692530.0,771483.0,5509690.0,5655.23,675.357,4722.31,7276040.0,0.000292028,98.0395,-179.918,-134.324,-175.811,8,1,1443355993,303193,2386,526500,0.811148,0.188852,423.761,0,0.0,0,0,0,0,0.00214503,-0.00329018,0.000613365,0.00397525,1,0,237.2,0.00295527,0.397235,-0.549447,-0.423302,-0.60094,2.46101e-05,-1.74478e-05,2.02839e-05,2.46101e-05,1.74478e-05,-2.02839e-05,238,-0.124901,-0.960515,0.000740422,-0.278226,2,2,2,2,2,0,0,0,0,0,1,1,1,238,0.00305936,10_36.0_50,Firesat_Attack_RWA,2025-08-28 20:59:17.074,2025-08-28 20:59:16.944,2071-06-24 12:12:55,-22.70459854764913,49.06031334898992,36.0,50.0,attack_rwa,Firesat_Attack_RWA_10_36.0_50,baseline
239,2025,10,0,12,13,14,0.857258,-0.396675,900024,51.1187,-0.876646,91.0,0.0,0.0,0.0,0.567535,0.795805,0.117968,0.17516,0.116661,-0.00124191,0.000149538,-0.993171,-4686860.0,772155.0,5514410.0,5659.83,674.638,4716.62,-0.000874135,0.00171386,-0.000404212,0.00214693,-0.00328926,0.00061402,0.00397563,239,239,239,-8.29834,7.15884,-1.95536,0.00168628,-0.00229943,0.000699466,-0.00166691,0.0023176,-0.000669883,0,0,0,0,0,0,0.00138659,0.00826712,0.00544428,-4686870.0,772155.0,5514400.0,5661.02,674.357,4716.9,-4686860.0,772155.0,5514410.0,5659.83,674.638,4716.62,7276090.0,0.000284482,98.0395,-179.918,-133.266,-176.81,8,1,1443355994,303194,2386,526535,0.811203,0.188797,424.165,0,0.0,0,0,0,0,0.00214693,-0.00328926,0.00061402,0.00397563,1,0,238.2,0.00497808,0.397234,-0.551418,-0.422159,-0.599938,2.46379e-05,-1.74734e-05,2.02584e-05,2.46379e-05,1.74734e-05,-2.02584e-05,239,-0.1249,-0.961724,-0.000150026,-0.274019,2,2,2,2,2,0,0,0,0,0,1,1,1,239,0.00192391,10_36.0_50,Firesat_Attack_RWA,2025-08-28 20:59:17.074,2025-08-28 20:59:16.944,2071-06-24 12:12:56,-22.72780333835193,49.11726535382592,36.0,50.0,attack_rwa,Firesat_Attack_RWA_10_36.0_50,baseline
240,2025,10,0,12,13,15,0.858251,-0.39708,900024,51.1187,-0.876646,91.0,0.0,0.0,0.0,0.56697,0.796604,0.116634,0.174252,0.116697,-0.0012419,0.000149583,-0.993167,-4681210.0,772833.0,5519120.0,5664.71,673.411,4710.78,-0.00145932,0.00184508,0.000474001,0.00215721,-0.00328805,0.000599165,0.00397792,240,240,240,-8.33619,7.15547,-1.90053,0.00248741,-0.00247804,-0.000944634,-0.00246802,0.00249615,0.000974254,0,0,0,0,0,0,0.00138317,0.00825806,0.00545589,-4681200.0,772830.0,5519120.0,5665.89,673.565,4711.21,-4681210.0,772833.0,5519120.0,5664.71,673.411,4710.78,7276140.0,0.000278003,98.0395,-179.918,-133.349,-176.669,8,1,1443355995,303195,2386,526571,0.811257,0.188743,424.565,0,0.0,0,0,0,0,0.00215721,-0.00328805,0.000599165,0.00397792,1,0,239.2,0.00377403,0.397537,-0.552593,-0.420742,-0.599652,2.46655e-05,-1.74988e-05,2.02331e-05,2.46655e-05,1.74988e-05,-2.02331e-05,240,-0.1249,-0.96257,0.000850605,-0.271031,2,2,2,2,2,0,0,0,0,0,1,1,1,240,0.00235243,10_36.0_50,Firesat_Attack_RWA,2025-08-28 20:59:17.074,2025-08-28 20:59:16.944,2071-06-24 12:12:57,-22.75100812905473,49.174160062882414,36.0,50.0,attack_rwa,Firesat_Attack_RWA_10_36.0_50,baseline
241,2025,10,0,12,13,16,0.859244,-0.397487,900025,51.1187,-0.876646,91.0,0.0,0.0,0.0,0.566207,0.797597,0.115923,0.172655,0.116734,-0.0012419,0.000149629,-0.993162,-4675530.0,773507.0,5523820.0,5669.28,672.995,4705.07,-0.00112465,0.00156197,-0.00029845,0.00215945,-0.00327827,0.000596776,0.00397069,241,241,241,-8.34647,7.13417,-1.88787,0.00165247,-0.00230676,0.000461146,-0.00163288,0.00232506,-0.000431476,0,0,0,0,0,0,0.00143121,0.00832892,0.00547364,-4675540.0,773504.0,5523830.0,5670.69,672.777,4705.49,-4675530.0,773507.0,5523820.0,5669.28,672.995,4705.07,7276090.0,0.000285778,98.0396,-179.918,-133.048,-176.912,8,1,1443355996,303196,2386,526606,0.811312,0.188688,424.959,0,0.0,0,0,0,0,0.00215945,-0.00327827,0.000596776,0.00397069,1,0,240.2,0.0043012,0.397319,-0.554323,-0.419721,-0.598914,2.46931e-05,-1.75237e-05,2.02082e-05,2.46931e-05,1.75237e-05,-2.02082e-05,241,-0.124899,-0.963518,1.25356e-05,-0.267644,2,2,2,2,2,0,0,0,0,0,1,1,1,241,0.00192474,10_36.0_50,Firesat_Attack_RWA,2025-08-28 20:59:17.074,2025-08-28 20:59:16.944,2071-06-24 12:12:58,-22.774327511316557,49.23105477193891,36.0,50.0,attack_rwa,Firesat_Attack_RWA_10_36.0_50,baseline
242,2025,10,0,12,13,17,0.860236,-0.397894,900022,51.1187,-0.876646,91.0,0.0,0.0,0.0,0.565405,0.798592,0.114887,0.171373,0.11677,-0.00124189,0.000149674,-0.993158,-4669870.0,774179.0,5528510.0,5674.47,671.917,4699.22,-0.000905382,0.00142796,-0.000175006,0.00215406,-0.0032692,0.000593941,0.00395985,242,242,242,-8.32792,7.11384,-1.87589,0.00118442,-0.00219819,7.86111e-05,-0.00116478,0.00221652,-4.89196e-05,0,0,0,0,0,0,0.00144956,0.00836137,0.00549439,-4669860.0,774178.0,5528530.0,5675.53,671.986,4699.75,-4669870.0,774179.0,5528510.0,5674.47,671.917,4699.22,7276060.0,0.000289277,98.0397,-179.918,-133.71,-176.192,8,1,1443355997,303197,2386,526642,0.811366,0.188634,425.348,0,0.0,0,0,0,0,0.00215406,-0.0032692,0.000593941,0.00395985,1,0,241.2,0.00417078,0.397256,-0.555873,-0.418413,-0.598434,2.47203e-05,-1.75486e-05,2.01837e-05,2.47203e-05,1.75486e-05,-2.01837e-05,242,-0.124898,-0.964416,6.99399e-05,-0.26439,2,2,2,2,2,0,0,0,0,0,1,1,1,242,0.00169079,10_36.0_50,Firesat_Attack_RWA,2025-08-28 20:59:17.074,2025-08-28 20:59:16.944,2071-06-24 12:12:59,-22.797646893578374,49.28789218521589,36.0,50.0,attack_rwa,Firesat_Attack_RWA_10_36.0_50,baseline
243,2025,10,0,12,13,18,0.861229,-0.398301,900021,51.1187,-0.876646,91.0,0.0,0.0,0.0,0.564588,0.799567,0.113625,0.170359,0.116806,-0.00124188,0.000149719,-0.993154,-4664190.0,774831.0,5533240.0,5679.08,671.065,4693.49,-0.00082062,0.00147679,0.000623475,0.00214583,-0.00326414,0.000573566,0.00394818,243,243,243,-8.29843,7.10221,-1.8002,0.00135229,-0.00246231,-0.00120077,-0.00133261,0.00248046,0.00123048,0,0,0,0,0,0,0.00145317,0.00837188,0.00551411,-4664190.0,774848.0,5533220.0,5680.33,671.172,4694.01,-4664190.0,774831.0,5533240.0,5679.08,671.065,4693.49,7276000.0,0.000297324,98.0396,-179.918,-133.778,-176.065,8,1,1443355998,303198,2386,526677,0.811421,0.188579,425.731,0,0.0,0,0,0,0,0.00214583,-0.00326414,0.000573566,0.00394818,1,0,242.2,0.00411784,0.397311,-0.557253,-0.41691,-0.598163,2.47473e-05,-1.75734e-05,2.01593e-05,2.47473e-05,1.75734e-05,-2.01593e-05,243,-0.124899,-0.965255,0.000815784,-0.26131,2,2,2,2,2,0,0,0,0,0,1,1,1,243,0.00168947,10_36.0_50,Firesat_Attack_RWA,2025-08-28 20:59:17.074,2025-08-28 20:59:16.944,2071-06-24 12:13:00,-22.820966275840203,49.34478689427237,36.0,50.0,attack_rwa,Firesat_Attack_RWA_10_36.0_50,baseline
244,2025,10,0,12,13,19,0.862222,-0.398707,900024,51.1187,-0.876646,91.0,0.0,0.0,0.0,0.563686,0.800581,0.113194,0.168868,0.116842,-0.00124188,0.000149764,-0.99315,-4658490.0,775505.0,5537910.0,5684.09,670.22,4687.86,-0.000164557,0.00171039,-0.000404111,0.0021278,-0.00326954,0.000573134,0.00394283,244,244,244,-8.2336,7.11356,-1.79411,9.38502e-05,-0.00301006,0.000620883,-7.38497e-05,0.00302831,-0.000591028,0,0,0,0,0,0,0.00149562,0.00845203,0.00554693,-4658510.0,775510.0,5537920.0,5685.16,670.314,4688.32,-4658490.0,775505.0,5537910.0,5684.09,670.22,4687.86,7276050.0,0.000291176,98.0393,-179.918,-133.31,-176.475,8,1,1443355999,303199,2386,526712,0.811475,0.188525,426.109,0,0.0,0,0,0,0,0.0021278,-0.00326954,0.000573134,0.00394283,1,0,243.2,0.00412413,0.396819,-0.558939,-0.41604,-0.597523,2.47744e-05,-1.7598e-05,2.01348e-05,2.47744e-05,1.7598e-05,-2.01348e-05,244,-0.124905,-0.966037,-0.00034809,-0.258402,2,2,2,2,2,0,0,0,0,0,1,1,1,244,0.00171828,10_36.0_50,Firesat_Attack_RWA,2025-08-28 20:59:17.074,2025-08-28 20:59:16.944,2071-06-24 12:13:01,-22.84422836232251,49.40168160332887,36.0,50.0,attack_rwa,Firesat_Attack_RWA_10_36.0_50,baseline
245,2025,10,0,12,13,20,0.863215,-0.399116,900017,51.1187,-0.876646,91.0,0.0,0.0,0.0,0.563167,0.801381,0.111759,0.167752,0.116878,-0.00124187,0.00014981,-0.993145,-4652820.0,776183.0,5542600.0,5688.77,669.804,4682.35,-0.000777167,0.00140474,0.000432527,0.00212007,-0.00326789,0.000558659,0.00393521,245,245,245,-8.20428,7.11043,-1.74058,0.00148113,-0.00238856,-0.000902882,-0.0014611,0.00240664,0.000932634,0,0,0,0,0,0,0.00150645,0.00843933,0.00553768,-4652810.0,776179.0,5542600.0,5690.01,669.5,4682.57,-4652820.0,776183.0,5542600.0,5688.77,669.804,4682.35,7276050.0,0.000289454,98.0392,-179.918,-134.402,-175.325,8,1,1443356000,303200,2386,526748,0.81153,0.18847,426.484,0,0.0,0,0,0,0,0.00212007,-0.00326789,0.000558659,0.00393521,1,0,244.2,0.00410484,0.397217,-0.560234,-0.414567,-0.597068,2.48015e-05,-1.76229e-05,2.011e-05,2.48015e-05,1.76229e-05,-2.011e-05,245,-0.124906,-0.96695,0.000615932,-0.254965,2,2,2,2,2,0,0,0,0,0,1,1,1,245,0.0016054,10_36.0_50,Firesat_Attack_RWA,2025-08-28 20:59:17.074,2025-08-28 20:59:16.944,2071-06-24 12:13:02,-22.867662336143365,49.45857631238536,36.0,50.0,attack_rwa,Firesat_Attack_RWA_10_36.0_50,baseline
246,2025,10,0,12,13,21,0.864208,-0.399527,900020,51.1187,-0.876646,91.0,0.0,0.0,0.0,0.562272,0.80243,0.110848,0.166339,0.116915,-0.00124187,0.000149855,-0.993141,-4647140.0,776868.0,5547250.0,5693.59,668.76,4676.53,-0.000257845,0.00121187,0.00028481,0.00210676,-0.00325866,0.00054504,0.00391847,246,246,246,-8.15686,7.09009,-1.6876,0.000371367,-0.00219318,-0.000566366,-0.000351183,0.0022112,0.000596126,0,0,0,0,0,0,0.00153918,0.00849118,0.00555788,-4647130.0,776852.0,5547280.0,5694.78,668.728,4676.83,-4647140.0,776868.0,5547250.0,5693.59,668.76,4676.53,7276010.0,0.000295916,98.0394,-179.918,-133.861,-175.808,8,1,1443356001,303201,2386,526784,0.811585,0.188415,426.853,0,0.0,0,0,0,0,0.00210676,-0.00325866,0.00054504,0.00391847,1,0,245.2,0.0043505,0.397006,-0.561905,-0.413307,-0.596512,2.48286e-05,-1.76475e-05,2.00854e-05,2.48286e-05,1.76475e-05,-2.00854e-05,246,-0.124903,-0.967822,0.00034042,-0.251634,2,2,2,2,2,0,0,0,0,0,1,1,1,246,0.00123899,10_36.0_50,Firesat_Attack_RWA,2025-08-28 20:59:17.074,2025-08-28 20:59:16.944,2071-06-24 12:13:03,-22.89121090152324,49.51547102144185,36.0,50.0,attack_rwa,Firesat_Attack_RWA_10_36.0_50,baseline
247,2025,10,0,12,13,22,0.865199,-0.399939,900019,51.1187,-0.876646,91.0,0.0,0.0,0.0,0.561936,0.803005,0.109966,0.165283,0.116951,-0.00124186,0.0001499,-0.993137,-4641450.0,777530.0,5551940.0,5698.39,667.878,4670.66,-0.00123149,0.00165998,0.000211552,0.00210991,-0.00326564,0.000534292,0.00392449,247,247,247,-8.16721,7.10448,-1.64562,0.00236805,-0.00296806,-0.000317226,-0.00234765,0.00298611,0.000347006,0,0,0,0,0,0,0.00155373,0.00850264,0.00556503,-4641440.0,777528.0,5551940.0,5699.52,667.974,4671.03,-4641450.0,777530.0,5551940.0,5698.39,667.878,4670.66,7275850.0,0.000318372,98.0398,-179.918,-134.05,-175.561,8,1,1443356002,303202,2386,526819,0.81164,0.18836,427.217,0,0.0,0,0,0,0,0.00210991,-0.00326564,0.000534292,0.00392449,1,0,246.2,0.00305639,0.397237,-0.562981,-0.412392,-0.595976,2.48556e-05,-1.76719e-05,2.00608e-05,2.48556e-05,1.76719e-05,-2.00608e-05,247,-0.124897,-0.968524,0.000510491,-0.24892,2,2,2,2,2,0,0,0,0,0,1,1,1,247,0.00206691,10_36.0_50,Firesat_Attack_RWA,2025-08-28 20:59:17.074,2025-08-28 20:59:16.944,2071-06-24 12:13:04,-22.91481676268263,49.57225113893932,36.0,50.0,attack_rwa,Firesat_Attack_RWA_10_36.0_50,baseline
248,2025,10,0,12,13,23,0.866191,-0.40035,900022,51.1187,-0.876646,91.0,0.0,0.0,0.0,0.561098,0.80398,0.109054,0.163988,0.116987,-0.00124186,0.000149946,-0.993133,-4635730.0,778188.0,5556610.0,5703.26,667.26,4664.9,-0.000907098,0.00167148,0.000180039,0.00211115,-0.00327367,0.000525619,0.00393066,248,248,248,-8.17345,7.12239,-1.61139,0.00160315,-0.0030092,-0.00024764,-0.00158253,0.0030273,0.000277589,0,0,0,0,0,0,0.00158099,0.00854654,0.00558488,-4635740.0,778195.0,5556610.0,5704.28,667.17,4665.29,-4635730.0,778188.0,5556610.0,5703.26,667.26,4664.9,7275790.0,0.000326221,98.0398,-179.918,-133.464,-176.088,8,1,1443356003,303203,2386,526855,0.811695,0.188305,427.578,0,0.0,0,0,0,0,0.00211115,-0.00327367,0.000525619,0.00393066,1,0,247.2,0.00408018,0.397074,-0.564522,-0.411164,-0.595475,2.48828e-05,-1.76959e-05,2.00361e-05,2.48828e-05,1.76959e-05,-2.00361e-05,248,-0.124898,-0.969326,0.000396764,-0.245779,2,2,2,2,2,0,0,0,0,0,1,1,1,248,0.00190176,10_36.0_50,Firesat_Attack_RWA,2025-08-28 20:59:17.074,2025-08-28 20:59:16.944,2071-06-24 12:13:05,-22.938365328062503,49.629088552216295,36.0,50.0,attack_rwa,Firesat_Attack_RWA_10_36.0_50,baseline
249,2025,10,0,12,13,24,0.867184,-0.400762,900019,51.1187,-0.876646,91.0,0.0,0.0,0.0,0.560196,0.805009,0.107902,0.162781,0.117023,-0.00124185,0.000149991,-0.993128,-4630020.0,778861.0,5561270.0,5707.79,666.466,4658.86,-0.00050908,0.00156,0.000672598,0.00210185,-0.00327796,0.000507695,0.0039269,249,249,249,-8.14071,7.13211,-1.54406,0.000897202,-0.00279198,-0.00103483,-0.000876437,0.00280995,0.00106488,0,0,0,0,0,0,0.00159784,0.00857472,0.00560378,-4630030.0,778859.0,5561270.0,5709.1,666.347,4659.54,-4630020.0,778861.0,5561270.0,5707.79,666.466,4658.86,7275820.0,0.000322506,98.0396,-179.918,-134.001,-175.493,8,1,1443356004,303204,2386,526890,0.81175,0.18825,427.935,0,0.0,0,0,0,0,0.00210185,-0.00327796,0.000507695,0.0039269,1,0,248.2,0.00431598,0.396995,-0.566058,-0.409703,-0.595077,2.49103e-05,-1.77197e-05,2.00114e-05,2.49103e-05,1.77197e-05,-2.00114e-05,249,-0.124899,-0.970149,0.000775718,-0.242509,2,2,2,2,2,0,0,0,0,0,1,1,1,249,0.00164096,10_36.0_50,Firesat_Attack_RWA,2025-08-28 20:59:17.074,2025-08-28 20:59:16.944,2071-06-24 12:13:06,-22.9619711892219,49.68598326127278,36.0,50.0,attack_rwa,Firesat_Attack_RWA_10_36.0_50,baseline
250,2025,10,0,12,13,25,0.868177,-0.401175,900016,51.1187,-0.876646,91.0,0.0,0.0,0.0,0.559808,0.805731,0.107052,0.161096,0.11706,-0.00124185,0.000150036,-0.993124,-4624310.0,779511.0,5565930.0,5712.55,665.483,4653.57,-0.00108036,0.00100713,-8.06288e-05,0.00210292,-0.00326448,0.000504595,0.00391583,250,250,250,-8.14415,7.10307,-1.52878,0.00196133,-0.0019156,0.000370305,-0.00194039,0.00193371,-0.000340416,0,0,0,0,0,0,0.00165113,0.00861751,0.00559011,-4624320.0,779524.0,5565930.0,5713.91,665.532,4653.79,-4624310.0,779511.0,5565930.0,5712.55,665.483,4653.57,7275850.0,0.000317466,98.0396,-179.918,-134.386,-175.05,8,1,1443356005,303205,2386,526926,0.811805,0.188195,428.287,0,0.0,0,0,0,0,0.00210292,-0.00326448,0.000504595,0.00391583,1,0,249.2,0.00411468,0.397165,-0.567616,-0.408785,-0.594111,2.49377e-05,-1.77433e-05,1.99867e-05,2.49377e-05,1.77433e-05,-1.99867e-05,250,-0.124901,-0.971067,0.000179162,-0.238806,2,2,2,2,2,0,0,0,0,0,1,1,1,250,0.00147699,10_36.0_50,Firesat_Attack_RWA,2025-08-28 20:59:17.074,2025-08-28 20:59:16.944,2071-06-24 12:13:07,-22.9856343461608,49.74287797032927,36.0,50.0,attack_rwa,Firesat_Attack_RWA_10_36.0_50,baseline
251,2025,10,0,12,13,26,0.869169,-0.401588,900016,51.1187,-0.876646,91.0,0.0,0.0,0.0,0.558643,0.806922,0.105943,0.159906,0.117096,-0.00124184,0.000150081,-0.99312,-4618600.0,780199.0,5570590.0,5717.51,664.852,4647.78,-5.97478e-05,0.000976009,0.00049523,0.00208581,-0.00325115,0.000492589,0.003894,251,251,251,-8.08386,7.07306,-1.48374,0.000137553,-0.00227366,-0.000715349,-0.000116632,0.00229162,0.000745309,0,0,0,0,0,0,0.00165831,0.00865596,0.00563009,-4618600.0,780185.0,5570580.0,5718.69,664.7,4648.04,-4618600.0,780199.0,5570590.0,5717.51,664.852,4647.78,7275860.0,0.000315777,98.0394,-179.918,-134.399,-174.979,8,1,1443356006,303206,2386,526962,0.81186,0.18814,428.633,0,0.0,0,0,0,0,0.00208581,-0.00325115,0.000492589,0.003894,1,0,250.2,0.00465752,0.396847,-0.569274,-0.407208,-0.593819,2.49647e-05,-1.77669e-05,1.99624e-05,2.49647e-05,1.77669e-05,-1.99624e-05,251,-0.124903,-0.971849,0.000495394,-0.235605,2,2,2,2,2,0,0,0,0,0,1,1,1,251,0.000977836,10_36.0_50,Firesat_Attack_RWA,2025-08-28 20:59:17.074,2025-08-28 20:59:16.944,2071-06-24 12:13:08,-23.009297503099702,49.79971538360625,36.0,50.0,attack_rwa,Firesat_Attack_RWA_10_36.0_50,baseline
252,2025,10,0,12,13,27,0.870162,-0.402003,900020,51.1187,-0.876646,91.0,0.0,0.0,0.0,0.55813,0.807683,0.10487,0.15856,0.117132,-0.00124184,0.000150127,-0.993116,-4612910.0,780841.0,5575230.0,5722.16,664.154,4641.92,-0.000520578,0.000736559,0.000548963,0.00207576,-0.00323765,0.000477838,0.0038755,252,252,252,-8.0461,7.04308,-1.42709,0.00121571,-0.00180523,-0.000677263,-0.00119471,0.00182309,0.000707058,0,0,0,0,0,0,0.00168403,0.00867415,0.00562886,-4612880.0,780854.0,5575230.0,5723.44,663.921,4642.29,-4612910.0,780841.0,5575230.0,5722.16,664.154,4641.92,7275860.0,0.000315978,98.0396,-179.918,-133.668,-175.651,8,1,1443356007,303207,2386,526998,0.811915,0.188085,428.973,0,0.0,0,0,0,0,0.00207576,-0.00323765,0.000477838,0.0038755,1,0,251.2,0.00390102,0.397042,-0.570669,-0.406035,-0.593153,2.49916e-05,-1.77903e-05,1.99382e-05,2.49916e-05,1.77903e-05,-1.99382e-05,252,-0.124901,-0.972668,0.000654697,-0.232198,2,2,2,2,2,0,0,0,0,0,1,1,1,252,0.000901954,10_36.0_50,Firesat_Attack_RWA,2025-08-28 20:59:17.074,2025-08-28 20:59:16.944,2071-06-24 12:13:09,-23.033075251597637,49.85661009266274,36.0,50.0,attack_rwa,Firesat_Attack_RWA_10_36.0_50,baseline
253,2025,10,0,12,13,28,0.871153,-0.402417,900029,51.1187,-0.876646,91.0,0.0,0.0,0.0,0.557353,0.80845,0.104295,0.157759,0.117168,-0.00124183,0.000150172,-0.993111,-4607160.0,781511.0,5579880.0,5726.82,663.405,4636.08,-0.000502011,0.00198261,0.000497782,0.00206921,-0.00326236,0.000465614,0.00389119,253,253,253,-8.02256,7.09542,-1.37957,0.00128419,-0.00410189,-0.000475885,-0.00126286,0.00411972,0.000505995,0,0,0,0,0,0,0.0016832,0.00870958,0.00567628,-4607170.0,781512.0,5579870.0,5728.12,663.076,4636.54,-4607160.0,781511.0,5579880.0,5726.82,663.405,4636.08,7275770.0,0.000329113,98.0394,-179.918,-132.205,-177.056,8,1,1443356008,303208,2386,527033,0.81197,0.18803,429.309,0,0.0,0,0,0,0,0.00206921,-0.00326236,0.000465614,0.00389119,1,0,252.2,0.00294208,0.396736,-0.571757,-0.405118,-0.592937,2.50186e-05,-1.78136e-05,1.9914e-05,2.50186e-05,1.78136e-05,-1.9914e-05,253,-0.124905,-0.973134,0.00059962,-0.230238,2,2,2,2,2,0,0,0,0,0,1,1,1,253,0.00204518,10_36.0_50,Firesat_Attack_RWA,2025-08-28 20:59:17.074,2025-08-28 20:59:16.944,2071-06-24 12:13:10,-23.05679570431605,49.9133902101602,36.0,50.0,attack_rwa,Firesat_Attack_RWA_10_36.0_50,baseline
254,2025,10,0,12,13,29,0.872146,-0.402834,900030,51.1187,-0.876646,91.0,0.0,0.0,0.0,0.556651,0.809365,0.10355,0.156029,0.117204,-0.00124182,0.000150217,-0.993107,-4601430.0,782188.0,5584480.0,5732.08,662.606,4630.23,-0.000295189,0.00148332,-0.000298156,0.00205971,-0.00327477,0.000470277,0.00389714,254,254,254,-7.98847,7.12434,-1.39312,0.00063484,-0.0028906,0.000765945,-0.000613169,0.00290857,-0.000735759,0,0,0,0,0,0,0.00174055,0.00876956,0.00567281,-4601430.0,782176.0,5584510.0,5732.9,662.278,4630.79,-4601430.0,782188.0,5584480.0,5732.08,662.606,4630.23,7275820.0,0.000322992,98.0394,-179.918,-131.981,-177.222,8,1,1443356009,303209,2386,527069,0.812025,0.187975,429.642,0,0.0,0,0,0,0,0.00205971,-0.00327477,0.000470277,0.00389714,1,0,253.2,0.00441693,0.396588,-0.573498,-0.404105,-0.592044,2.5046e-05,-1.78368e-05,1.98891e-05,2.5046e-05,1.78368e-05,-1.98891e-05,254,-0.124905,-0.973995,-0.000223786,-0.226568,2,2,2,2,2,0,0,0,0,0,1,1,1,254,0.00151241,10_36.0_50,Firesat_Attack_RWA,2025-08-28 20:59:17.074,2025-08-28 20:59:16.944,2071-06-24 12:13:11,-23.080688044373005,49.970284919216695,36.0,50.0,attack_rwa,Firesat_Attack_RWA_10_36.0_50,baseline
255,2025,10,0,12,13,30,0.873137,-0.403252,900023,51.1187,-0.876646,91.0,0.0,0.0,0.0,0.556117,0.810143,0.102285,0.154725,0.117241,-0.00124182,0.000150262,-0.993103,-4595710.0,782846.0,5589130.0,5736.6,661.576,4624.82,-0.000751199,0.00110342,0.000150876,0.00205633,-0.00326835,0.000465993,0.00388945,255,255,255,-7.97579,7.11078,-1.37662,0.00176825,-0.00219942,-0.000157226,-0.00174657,0.00221736,0.000187316,0,0,0,0,0,0,0.00176022,0.00877306,0.00566622,-4595700.0,782843.0,5589120.0,5737.65,661.507,4624.95,-4595710.0,782846.0,5589130.0,5736.6,661.576,4624.82,7275740.0,0.000333403,98.0397,-179.918,-133.134,-176.011,8,1,1443356010,303210,2386,527105,0.81208,0.18792,429.972,0,0.0,0,0,0,0,0.00205633,-0.00326835,0.000465993,0.00388945,1,0,254.2,0.00409429,0.396876,-0.574884,-0.402763,-0.591422,2.50733e-05,-1.78603e-05,1.98642e-05,2.50733e-05,1.78603e-05,-1.98642e-05,255,-0.1249,-0.974816,0.000314216,-0.22301,2,2,2,2,2,0,0,0,0,0,1,1,1,255,0.00133485,10_36.0_50,Firesat_Attack_RWA,2025-08-28 20:59:17.074,2025-08-28 20:59:16.944,2071-06-24 12:13:12,-23.10463768020947,50.02706503671416,36.0,50.0,attack_rwa,Firesat_Attack_RWA_10_36.0_50,baseline
256,2025,10,0,12,13,31,0.87413,-0.40367,900026,51.1187,-0.876646,91.0,0.0,0.0,0.0,0.555021,0.811137,0.101473,0.153989,0.117277,-0.00124181,0.000150308,-0.993098,-4589940.0,783508.0,5593760.0,5741.34,660.814,4619.01,-3.24303e-05,0.00219875,0.000721992,0.002043,-0.00329465,0.000448183,0.00390249,256,256,256,-7.92861,7.16693,-1.30983,0.000501285,-0.00409279,-0.00109864,-0.000479324,0.00411056,0.00112912,0,0,0,0,0,0,0.00174907,0.0088047,0.00572388,-4589960.0,783506.0,5593750.0,5742.4,660.706,4619.19,-4589940.0,783508.0,5593760.0,5741.34,660.814,4619.01,7275760.0,0.000330498,98.0397,-179.918,-132.61,-176.477,8,1,1443356011,303211,2386,527141,0.812135,0.187865,430.297,0,0.0,0,0,0,0,0.002043,-0.00329465,0.000448183,0.00390249,1,0,255.2,0.00368258,0.396444,-0.57612,-0.401469,-0.591389,2.51007e-05,-1.78835e-05,1.9839e-05,2.51007e-05,1.78835e-05,-1.9839e-05,256,-0.1249,-0.975299,0.000711462,-0.220887,2,2,2,2,2,0,0,0,0,0,1,1,1,256,0.00219899,10_36.0_50,Firesat_Attack_RWA,2025-08-28 20:59:17.074,2025-08-28 20:59:16.944,2071-06-24 12:13:13,-23.12858731604594,50.08395974577065,36.0,50.0,attack_rwa,Firesat_Attack_RWA_10_36.0_50,baseline
257,2025,10,0,12,13,32,0.875123,-0.404089,900023,51.1187,-0.876646,91.0,0.0,0.0,0.0,0.554612,0.811923,0.100283,0.152083,0.117313,-0.00124181,0.000150353,-0.993094,-4584210.0,784156.0,5598380.0,5746.13,660.33,4612.84,-0.000533854,0.000906137,0.000362402,0.00203824,-0.00328189,0.000437256,0.00388798,257,257,257,-7.91037,7.14142,-1.26632,0.00156297,-0.00163307,-0.00030837,-0.00154084,0.00165084,0.000338586,0,0,0,0,0,0,0.001816,0.00883669,0.00568308,-4584210.0,784166.0,5598370.0,5747.2,659.893,4613.43,-4584210.0,784156.0,5598380.0,5746.13,660.33,4612.84,7275870.0,0.000315058,98.0397,-179.918,-133.049,-175.979,8,1,1443356012,303212,2386,527177,0.81219,0.18781,430.619,0,0.0,0,0,0,0,0.00203824,-0.00328189,0.000437256,0.00388798,1,0,256.2,0.00483064,0.396792,-0.577857,-0.40026,-0.590279,2.51285e-05,-1.79066e-05,1.98135e-05,2.51285e-05,1.79066e-05,-1.98135e-05,257,-0.1249,-0.976299,0.000469152,-0.216426,2,2,2,2,2,0,0,0,0,0,1,1,1,257,0.00105171,10_36.0_50,Firesat_Attack_RWA,2025-08-28 20:59:17.074,2025-08-28 20:59:16.944,2071-06-24 12:13:14,-23.15259424766192,50.14085445482714,36.0,50.0,attack_rwa,Firesat_Attack_RWA_10_36.0_50,baseline
258,2025,10,0,12,13,33,0.876115,-0.404508,900024,51.1187,-0.876646,91.0,0.0,0.0,0.0,0.553687,0.812864,0.0994338,0.150982,0.117349,-0.0012418,0.000150398,-0.99309,-4578460.0,784816.0,5602970.0,5750.51,659.324,4607.3,-7.71779e-05,0.00135094,0.000537872,0.00202747,-0.00327755,0.000425442,0.00387737,258,258,258,-7.87219,7.13044,-1.22091,0.000632013,-0.0026426,-0.000612622,-0.000609777,0.00266029,0.00064294,0,0,0,0,0,0,0.00182336,0.00887441,0.00572283,-4578460.0,784821.0,5602980.0,5751.93,659.05,4607.65,-4578460.0,784816.0,5602970.0,5750.51,659.324,4607.3,7275890.0,0.000312707,98.0395,-179.918,-132.871,-176.099,8,1,1443356013,303213,2386,527212,0.812246,0.187754,430.934,0,0.0,0,0,0,0,0.00202747,-0.00327755,0.000425442,0.00387737,1,0,257.2,0.00383551,0.396521,-0.57926,-0.399033,-0.589917,2.51561e-05,-1.79295e-05,1.97882e-05,2.51561e-05,1.79295e-05,-1.97882e-05,258,-0.124904,-0.976908,0.000541967,-0.213662,2,2,2,2,2,0,0,0,0,0,1,1,1,258,0.00135314,10_36.0_50,Firesat_Attack_RWA,2025-08-28 20:59:17.074,2025-08-28 20:59:16.944,2071-06-24 12:13:15,-23.176601179277903,50.19769186810412,36.0,50.0,attack_rwa,Firesat_Attack_RWA_10_36.0_50,baseline
259,2025,10,0,12,13,34,0.877107,-0.404927,900023,51.1187,-0.876646,91.0,0.0,0.0,0.0,0.553398,0.813401,0.0986962,0.14963,0.117385,-0.0012418,0.000150444,-0.993086,-4572730.0,785478.0,5607580.0,5755.53,658.336,4601.45,-0.0010133,0.00150747,-7.77469e-06,0.00203305,-0.00328309,0.000424161,0.00388483,259,259,259,-7.89148,7.14235,-1.21293,0.00230889,-0.00269739,0.000340963,-0.0022864,0.00271523,-0.000310661,0,0,0,0,0,0,0.00185683,0.008901,0.00571933,-4572710.0,785477.0,5607580.0,5756.64,658.225,4601.83,-4572730.0,785478.0,5607580.0,5755.53,658.336,4601.45,7275820.0,0.000322745,98.0394,-179.918,-133.088,-175.824,8,1,1443356014,303214,2386,527248,0.812301,0.187699,431.246,0,0.0,0,0,0,0,0.00203305,-0.00328309,0.000424161,0.00388483,1,0,258.2,0.0033119,0.396707,-0.580475,-0.398263,-0.589117,2.51836e-05,-1.79522e-05,1.9763e-05,2.51836e-05,1.79522e-05,-1.9763e-05,259,-0.124905,-0.977569,0.000205067,-0.210614,2,2,2,2,2,0,0,0,0,0,1,1,1,259,0.00181638,10_36.0_50,Firesat_Attack_RWA,2025-08-28 20:59:17.074,2025-08-28 20:59:16.944,2071-06-24 12:13:16,-23.200608110893885,50.254529281381096,36.0,50.0,attack_rwa,Firesat_Attack_RWA_10_36.0_50,baseline
260,2025,10,0,12,13,35,0.878098,-0.405348,900028,51.1187,-0.876646,91.0,0.0,0.0,0.0,0.552491,0.814415,0.0976654,0.148136,0.117422,-0.00124179,0.000150489,-0.993081,-4566950.0,786121.0,5612190.0,5760.27,657.459,4595.79,-0.000471547,0.00108525,5.31828e-05,0.00202998,-0.00327269,0.000422578,0.00387426,260,260,260,-7.88225,7.1201,-1.20541,0.00127797,-0.0023073,0.000102583,-0.00125544,0.0023252,-7.22597e-05,0,0,0,0,0,0,0.00188851,0.00894374,0.00573267,-4566960.0,786133.0,5612180.0,5761.3,657.401,4596.03,-4566950.0,786121.0,5612190.0,5760.27,657.459,4595.79,7275720.0,0.00033606,98.0394,-179.918,-132.303,-176.551,8,1,1443356015,303215,2386,527284,0.812357,0.187643,431.553,0,0.0,0,0,0,0,0.00202998,-0.00327269,0.000422578,0.00387426,1,0,259.2,0.00453714,0.396555,-0.582162,-0.396898,-0.588475,2.52111e-05,-1.79748e-05,1.97379e-05,2.52111e-05,1.79748e-05,-1.97379e-05,260,-0.124906,-0.978341,0.000149397,-0.207,2,2,2,2,2,0,0,0,0,0,1,1,1,260,0.00118327,10_36.0_50,Firesat_Attack_RWA,2025-08-28 20:59:17.074,2025-08-28 20:59:16.944,2071-06-24 12:13:17,-23.224729634068893,50.31130939887856,36.0,50.0,attack_rwa,Firesat_Attack_RWA_10_36.0_50,baseline
261,2025,10,0,12,13,36,0.87909,-0.405769,900028,51.1187,-0.876646,91.0,0.0,0.0,0.0,0.55179,0.815195,0.0965246,0.147197,0.117458,-0.00124179,0.000150534,-0.993077,-4561200.0,786786.0,5616780.0,5764.57,656.62,4589.73,-0.000661184,0.00148085,0.000806748,0.00202854,-0.00327901,0.000404749,0.00387695,261,261,261,-7.87713,7.13298,-1.13903,0.00152969,-0.00287615,-0.00120924,-0.00150704,0.00289392,0.00123967,0,0,0,0,0,0,0.00188476,0.00894671,0.00575503,-4561190.0,786785.0,5616780.0,5766.03,656.551,4590.24,-4561200.0,786786.0,5616780.0,5764.57,656.62,4589.73,7275750.0,0.000332611,98.0391,-179.918,-132.248,-176.547,8,1,1443356016,303216,2386,527320,0.812412,0.187588,431.854,0,0.0,0,0,0,0,0.00202854,-0.00327901,0.000404749,0.00387695,1,0,260.2,0.00362396,0.396636,-0.583341,-0.395562,-0.588153,2.52384e-05,-1.79973e-05,1.9713e-05,2.52384e-05,1.79973e-05,-1.9713e-05,261,-0.12491,-0.978933,0.000924394,-0.204178,2,2,2,2,2,0,0,0,0,0,1,1,1,261,0.00162175,10_36.0_50,Firesat_Attack_RWA,2025-08-28 20:59:17.074,2025-08-28 20:59:16.944,2071-06-24 12:13:18,-23.2488511572439,50.36814681215554,36.0,50.0,attack_rwa,Firesat_Attack_RWA_10_36.0_50,baseline
262,2025,10,0,12,13,37,0.880081,-0.406191,900031,51.1187,-0.876646,91.0,0.0,0.0,0.0,0.551272,0.815926,0.0958921,0.145499,0.117494,-0.00124178,0.000150579,-0.993073,-4555430.0,787441.0,5621350.0,5769.62,655.795,4584.02,-0.000899928,0.00117836,-0.000159319,0.00203128,-0.00327503,0.000404674,0.00387501,262,262,262,-7.88757,7.12485,-1.13446,0.00174222,-0.00243751,0.000535601,-0.00171931,0.00245548,-0.000505205,0,0,0,0,0,0,0.00194084,0.00900636,0.00575235,-4555430.0,787441.0,5621360.0,5770.71,655.738,4584.42,-4555430.0,787441.0,5621350.0,5769.62,655.795,4584.02,7275690.0,0.000340781,98.0392,-179.918,-131.811,-176.926,8,1,1443356017,303217,2386,527356,0.812467,0.187533,432.152,0,0.0,0,0,0,0,0.00203128,-0.00327503,0.000404674,0.00387501,1,0,261.2,0.00404203,0.396574,-0.584912,-0.394747,-0.587181,2.52659e-05,-1.80194e-05,1.96881e-05,2.52659e-05,1.80194e-05,-1.96881e-05,262,-0.12491,-0.979659,2.39736e-05,-0.200672,2,2,2,2,2,0,0,0,0,0,1,1,1,262,0.0014827,10_36.0_50,Firesat_Attack_RWA,2025-08-28 20:59:17.074,2025-08-28 20:59:16.944,2071-06-24 12:13:19,-23.273029976198423,50.424926929653004,36.0,50.0,attack_rwa,Firesat_Attack_RWA_10_36.0_50,baseline
263,2025,10,0,12,13,38,0.881073,-0.406615,900026,51.1187,-0.876646,91.0,0.0,0.0,0.0,0.550492,0.816771,0.0947133,0.144478,0.11753,-0.00124177,0.000150625,-0.993069,-4549640.0,788105.0,5625940.0,5774.45,655.364,4578.33,-0.000866818,0.00139985,0.000619027,0.00203166,-0.00327858,0.00039181,0.00387688,263,263,263,-7.88992,7.13208,-1.08671,0.00164822,-0.00299296,-0.000899983,-0.00162524,0.00301085,0.000930496,0,0,0,0,0,0,0.00194041,0.00901461,0.00577508,-4549650.0,788098.0,5625940.0,5775.42,654.931,4578.58,-4549640.0,788105.0,5625940.0,5774.45,655.364,4578.33,7275660.0,0.000344174,98.0392,-179.918,-132.455,-176.224,8,1,1443356018,303218,2386,527392,0.812523,0.187477,432.444,0,0.0,0,0,0,0,0.00203166,-0.00327858,0.00039181,0.00387688,1,0,262.2,0.00387517,0.396611,-0.58619,-0.393334,-0.58683,2.52932e-05,-1.80414e-05,1.96633e-05,2.52932e-05,1.80414e-05,-1.96633e-05,263,-0.124909,-0.980268,0.000777649,-0.197672,2,2,2,2,2,0,0,0,0,0,1,1,1,263,0.0016465,10_36.0_50,Firesat_Attack_RWA,2025-08-28 20:59:17.074,2025-08-28 20:59:16.944,2071-06-24 12:13:20,-23.29732338671197,50.48176434292998,36.0,50.0,attack_rwa,Firesat_Attack_RWA_10_36.0_50,baseline
264,2025,10,0,12,13,39,0.882065,-0.407041,900022,51.1187,-0.876646,91.0,0.0,0.0,0.0,0.550006,0.817476,0.0939764,0.142812,0.117566,-0.00124177,0.00015067,-0.993064,-4543870.0,788764.0,5630500.0,5779.12,654.389,4572.36,-0.00121649,0.00104133,-0.000137974,0.0020381,-0.00327388,0.00039156,0.00387627,264,264,264,-7.91379,7.12225,-1.08198,0.00197581,-0.00225056,0.000426883,-0.00195261,0.00226865,-0.000396409,0,0,0,0,0,0,0.0019903,0.00906412,0.00577075,-4543870.0,788757.0,5630520.0,5780.17,654.147,4572.75,-4543870.0,788764.0,5630500.0,5779.12,654.389,4572.36,7275720.0,0.000335558,98.0394,-179.918,-133.069,-175.552,8,1,1443356019,303219,2386,527428,0.812578,0.187422,432.732,0,0.0,0,0,0,0,0.0020381,-0.00327388,0.00039156,0.00387627,1,0,263.2,0.00402601,0.396636,-0.587723,-0.392452,-0.585869,2.53206e-05,-1.8063e-05,1.96387e-05,2.53206e-05,1.8063e-05,-1.96387e-05,264,-0.124906,-0.980982,0.000100133,-0.194098,2,2,2,2,2,0,0,0,0,0,1,1,1,264,0.00160131,10_36.0_50,Firesat_Attack_RWA,2025-08-28 20:59:17.074,2025-08-28 20:59:16.944,2071-06-24 12:13:21,-23.321731388784546,50.53860175620696,36.0,50.0,attack_rwa,Firesat_Attack_RWA_10_36.0_50,baseline
265,2025,10,0,12,13,40,0.883056,-0.407467,900020,51.1187,-0.876646,91.0,0.0,0.0,0.0,0.548863,0.818563,0.0928837,0.141695,0.117603,-0.00124176,0.000150715,-0.99306,-4538100.0,789422.0,5635090.0,5783.66,653.257,4566.31,-0.000266717,0.00120063,0.000556949,0.00202372,-0.00327196,0.000379189,0.00386587,265,265,265,-7.86351,7.11752,-1.03586,0.000418704,-0.00256533,-0.000839268,-0.00039546,0.00258326,0.000869898,0,0,0,0,0,0,0.0019938,0.00909697,0.0058109,-4538090.0,789415.0,5635080.0,5784.85,653.362,4566.9,-4538100.0,789422.0,5635090.0,5783.66,653.257,4566.31,7275660.0,0.000343956,98.0396,-179.918,-133.384,-175.178,8,1,1443356020,303220,2386,527464,0.812634,0.187366,433.015,0,0.0,0,0,0,0,0.00202372,-0.00327196,0.000379189,0.00386587,1,0,264.2,0.00444142,0.396326,-0.589255,-0.390901,-0.585578,2.53478e-05,-1.80846e-05,1.96143e-05,2.53478e-05,1.80846e-05,-1.96143e-05,265,-0.124903,-0.981583,0.000597551,-0.191033,2,2,2,2,2,0,0,0,0,0,1,1,1,265,0.0012299,10_36.0_50,Firesat_Attack_RWA,2025-08-28 20:59:17.074,2025-08-28 20:59:16.944,2071-06-24 12:13:22,-23.346139390857115,50.59538187370442,36.0,50.0,attack_rwa,Firesat_Attack_RWA_10_36.0_50,baseline
266,2025,10,0,12,13,41,0.884047,-0.407894,900023,51.1187,-0.876646,91.0,0.0,0.0,0.0,0.548201,0.819286,0.0925535,0.140284,0.117639,-0.00124176,0.000150761,-0.993056,-4532300.0,790081.0,5639640.0,5788.35,652.452,4560.97,-0.000232514,0.00172993,-0.000516558,0.00200805,-0.00328741,0.000385918,0.00387147,266,266,266,-7.80577,7.15083,-1.05637,0.000452171,-0.00344446,0.000978224,-0.000428547,0.00346251,-0.000947463,0,0,0,0,0,0,0.0020323,0.00915874,0.00583277,-4532300.0,790072.0,5639650.0,5789.51,652.576,4561.07,-4532300.0,790081.0,5639640.0,5788.35,652.452,4560.97,7275640.0,0.000346718,98.0398,-179.918,-132.86,-175.644,8,1,1443356021,303221,2386,527501,0.81269,0.18731,433.294,0,0.0,0,0,0,0,0.00200805,-0.00328741,0.000385918,0.00387147,1,0,265.2,0.00349881,0.395973,-0.590657,-0.39025,-0.584838,2.53751e-05,-1.81063e-05,1.95895e-05,2.53751e-05,1.81063e-05,-1.95895e-05,266,-0.1249,-0.982106,-0.000463807,-0.188329,2,2,2,2,2,0,0,0,0,0,1,1,1,266,0.00174549,10_36.0_50,Firesat_Attack_RWA,2025-08-28 20:59:17.074,2025-08-28 20:59:16.944,2071-06-24 12:13:23,-23.3706046887092,50.652161991201886,36.0,50.0,attack_rwa,Firesat_Attack_RWA_10_36.0_50,baseline
267,2025,10,0,12,13,42,0.885039,-0.408322,900019,51.1187,-0.876646,91.0,0.0,0.0,0.0,0.547363,0.820213,0.0911475,0.139057,0.117675,-0.00124175,0.000150806,-0.993051,-4526520.0,790721.0,5644200.0,5792.6,651.994,4554.88,-1.52791e-05,0.00135739,0.00046742,0.00198967,-0.00329094,0.000374674,0.00386386,267,267,267,-7.73862,7.15955,-1.0152,0.00040302,-0.00247332,-0.000897065,-0.00037936,0.00249113,0.000927819,0,0,0,0,0,0,0.00204285,0.0091583,0.00583369,-4526510.0,790727.0,5644200.0,5794.21,651.776,4555.21,-4526520.0,790721.0,5644200.0,5792.6,651.994,4554.88,7275620.0,0.000349485,98.0399,-179.917,-133.51,-174.936,8,1,1443356022,303222,2386,527537,0.812745,0.187255,433.569,0,0.0,0,0,0,0,0.00198967,-0.00329094,0.000374674,0.00386386,1,0,266.2,0.00449184,0.396093,-0.59212,-0.388618,-0.584363,2.54024e-05,-1.81283e-05,1.95642e-05,2.54024e-05,1.81283e-05,-1.95642e-05,267,-0.124898,-0.982788,0.000462246,-0.184735,2,2,2,2,2,0,0,0,0,0,1,1,1,267,0.00135748,10_36.0_50,Firesat_Attack_RWA,2025-08-28 20:59:17.074,2025-08-28 20:59:16.944,2071-06-24 12:13:24,-23.3951272823408,50.70899940447887,36.0,50.0,attack_rwa,Firesat_Attack_RWA_10_36.0_50,baseline
268,2025,10,0,12,13,43,0.88603,-0.408749,900022,51.1187,-0.876646,91.0,0.0,0.0,0.0,0.54731,0.820574,0.0904034,0.137612,0.117711,-0.00124175,0.000150851,-0.993047,-4520730.0,791384.0,5648750.0,5797.71,651.465,4549.08,-0.00147958,0.00136414,-0.000182441,0.00200299,-0.00328883,0.000372697,0.00386876,268,268,268,-7.78516,7.15485,-1.00429,0.00293299,-0.00256526,0.000279002,-0.0029091,0.00258327,-0.000248406,0,0,0,0,0,0,0.00208395,0.00917493,0.00581058,-4520720.0,791377.0,5648750.0,5798.85,650.948,4549.37,-4520730.0,791384.0,5648750.0,5797.71,651.465,4549.08,7275560.0,0.000358159,98.0398,-179.918,-133.011,-175.376,8,1,1443356023,303223,2386,527573,0.812801,0.187199,433.84,0,0.0,0,0,0,0,0.00200299,-0.00328883,0.000372697,0.00386876,1,0,267.2,0.00333081,0.396477,-0.593244,-0.387978,-0.583387,2.54298e-05,-1.81502e-05,1.95389e-05,2.54298e-05,1.81502e-05,-1.95389e-05,268,-0.124899,-0.983388,8.81422e-05,-0.181516,2,2,2,2,2,0,0,0,0,0,1,1,1,268,0.00201247,10_36.0_50,Firesat_Attack_RWA,2025-08-28 20:59:17.074,2025-08-28 20:59:16.944,2071-06-24 12:13:25,-23.419592580192884,50.76577952197633,36.0,50.0,attack_rwa,Firesat_Attack_RWA_10_36.0_50,baseline
269,2025,10,0,12,13,44,0.887021,-0.409178,900026,51.1187,-0.876646,91.0,0.0,0.0,0.0,0.545977,0.821727,0.0894688,0.136633,0.117748,-0.00124174,0.000150896,-0.993043,-4514930.0,792020.0,5653310.0,5802.66,650.324,4543.32,-0.000107289,0.00194218,0.000490388,0.00199168,-0.00330575,0.000359218,0.00387606,269,269,269,-7.7473,7.19127,-0.953926,0.000399809,-0.00339131,-0.0009302,-0.000375728,0.00340919,0.000961203,0,0,0,0,0,0,0.00208129,0.00922075,0.00587144,-4514920.0,792029.0,5653300.0,5803.48,650.143,4543.54,-4514930.0,792020.0,5653310.0,5802.66,650.324,4543.32,7275530.0,0.000362395,98.0399,-179.917,-132.256,-176.073,8,1,1443356024,303224,2386,527609,0.812857,0.187143,434.106,0,0.0,0,0,0,0,0.00199168,-0.00330575,0.000359218,0.00387606,1,0,268.2,0.00444368,0.395921,-0.59475,-0.386448,-0.583247,2.54572e-05,-1.81718e-05,1.95137e-05,2.54572e-05,1.81718e-05,-1.95137e-05,269,-0.124898,-0.983875,0.000501653,-0.178855,2,2,2,2,2,0,0,0,0,0,1,1,1,269,0.00194514,10_36.0_50,Firesat_Attack_RWA,2025-08-28 20:59:17.074,2025-08-28 20:59:16.944,2071-06-24 12:13:26,-23.444172469604,50.8225596394738,36.0,50.0,attack_rwa,Firesat_Attack_RWA_10_36.0_50,baseline
270,2025,10,0,12,13,45,0.888012,-0.409607,900031,51.1187,-0.876646,91.0,0.0,0.0,0.0,0.54526,0.822507,0.0885567,0.135396,0.117784,-0.00124174,0.000150942,-0.993038,-4509130.0,792685.0,5657850.0,5807.0,649.572,4537.47,-9.71581e-05,0.00211354,0.000614959,0.00197628,-0.00332545,0.000341933,0.00388345,270,270,270,-7.69051,7.23504,-0.887889,0.00056782,-0.00335421,-0.000982066,-0.000543399,0.00337192,0.00101318,0,0,0,0,0,0,0.00210689,0.00924794,0.00587832,-4509120.0,792676.0,5657840.0,5808.13,649.306,4537.72,-4509130.0,792685.0,5657850.0,5807.0,649.572,4537.47,7275550.0,0.000360822,98.0398,-179.918,-131.566,-176.705,8,1,1443356025,303225,2386,527645,0.812912,0.187088,434.369,0,0.0,0,0,0,0,0.00197628,-0.00332545,0.000341933,0.00388345,1,0,269.2,0.00373365,0.395857,-0.596098,-0.38529,-0.58268,2.54852e-05,-1.81932e-05,1.94877e-05,2.54852e-05,1.81932e-05,-1.94877e-05,270,-0.124901,-0.984427,0.000622475,-0.175791,2,2,2,2,2,0,0,0,0,0,1,1,1,270,0.00211577,10_36.0_50,Firesat_Attack_RWA,2025-08-28 20:59:17.074,2025-08-28 20:59:16.944,2071-06-24 12:13:27,-23.46875235901511,50.87933975697126,36.0,50.0,attack_rwa,Firesat_Attack_RWA_10_36.0_50,baseline
271,2025,10,0,12,13,46,0.889004,-0.410038,900038,51.1187,-0.876646,91.0,0.0,0.0,0.0,0.544672,0.823256,0.0873971,0.133951,0.11782,-0.00124173,0.000150987,-0.993034,-4503310.0,793326.0,5662400.0,5811.42,648.58,4531.57,-0.000356557,0.00165939,0.000888269,0.00196824,-0.00332513,0.000321237,0.00387732,271,271,271,-7.66059,7.23546,-0.809559,0.00117879,-0.00246836,-0.00124854,-0.00115419,0.00248592,0.00127957,0,0,0,0,0,0,0.0021413,0.00926614,0.00586519,-4503310.0,793329.0,5662390.0,5812.76,648.508,4531.91,-4503310.0,793326.0,5662400.0,5811.42,648.58,4531.57,7275580.0,0.000356542,98.0399,-179.917,-130.564,-177.649,8,1,1443356026,303226,2386,527681,0.812968,0.187032,434.628,0,0.0,0,0,0,0,0.00196824,-0.00332513,0.000321237,0.00387732,1,0,270.2,0.00416687,0.39604,-0.597541,-0.384003,-0.581927,2.55136e-05,-1.82143e-05,1.94614e-05,2.55136e-05,1.82143e-05,-1.94614e-05,271,-0.124899,-0.985077,0.000936216,-0.172109,2,2,2,2,2,0,0,0,0,0,1,1,1,271,0.00169727,10_36.0_50,Firesat_Attack_RWA,2025-08-28 20:59:17.074,2025-08-28 20:59:16.944,2071-06-24 12:13:28,-23.49344683998525,50.93617717024824,36.0,50.0,attack_rwa,Firesat_Attack_RWA_10_36.0_50,baseline
272,2025,10,0,12,13,47,0.889995,-0.41047,900038,51.1187,-0.876646,91.0,0.0,0.0,0.0,0.544286,0.823863,0.0865965,0.132301,0.117856,-0.00124173,0.000151032,-0.99303,-4497490.0,793972.0,5666900.0,5816.12,647.853,4525.71,-0.000966659,0.00126217,0.000278876,0.00197429,-0.00331004,0.000314542,0.00386693,272,272,272,-7.68224,7.20248,-0.781143,0.00196064,-0.00200048,-8.35485e-05,-0.00193589,0.00201818,0.000114419,0,0,0,0,0,0,0.00218902,0.00930553,0.00585408,-4497500.0,793975.0,5666920.0,5817.42,647.676,4526.07,-4497500.0,793972.0,5666900.0,5816.12,647.853,4525.71,7275600.0,0.000354841,98.0398,-179.918,-130.403,-177.752,8,1,1443356027,303227,2386,527718,0.813024,0.186976,434.882,0,0.0,0,0,0,0,0.00197429,-0.00331004,0.000314542,0.00386693,1,0,271.2,0.00393988,0.396183,-0.598984,-0.383125,-0.580923,2.55419e-05,-1.82351e-05,1.94353e-05,2.55419e-05,1.82351e-05,-1.94353e-05,272,-0.124901,-0.985705,0.00043718,-0.16848,2,2,2,2,2,0,0,0,0,0,1,1,1,272,0.00158981,10_36.0_50,Firesat_Attack_RWA,2025-08-28 20:59:17.074,2025-08-28 20:59:16.944,2071-06-24 12:13:29,-23.5181986167349,50.9929572877457,36.0,50.0,attack_rwa,Firesat_Attack_RWA_10_36.0_50,baseline
273,2025,10,0,12,13,48,0.890986,-0.410901,900033,51.1187,-0.876646,91.0,0.0,0.0,0.0,0.543429,0.824697,0.0858455,0.131112,0.117892,-0.00124172,0.000151077,-0.993026,-4491690.0,794601.0,5671440.0,5820.77,646.817,4519.87,-0.000612807,0.00169834,0.000260511,0.00197164,-0.00331176,0.000310496,0.00386672,273,273,273,-7.67416,7.2051,-0.764211,0.00141716,-0.00272555,-8.38295e-05,-0.00139226,0.00274329,0.000114867,0,0,0,0,0,0,0.00220118,0.00934757,0.00589203,-4491680.0,794618.0,5671430.0,5822.06,646.828,4520.16,-4491690.0,794601.0,5671440.0,5820.77,646.817,4519.87,7275530.0,0.000363803,98.0397,-179.918,-131.239,-176.857,8,1,1443356028,303228,2386,527754,0.81308,0.18692,435.13,0,0.0,0,0,0,0,0.00197164,-0.00331176,0.000310496,0.00386672,1,0,272.2,0.00369233,0.395912,-0.60035,-0.382019,-0.580427,2.557e-05,-1.82557e-05,1.94096e-05,2.557e-05,1.82557e-05,-1.94096e-05,273,-0.124903,-0.986181,0.000357959,-0.165671,2,2,2,2,2,0,0,0,0,0,1,1,1,273,0.00180552,10_36.0_50,Firesat_Attack_RWA,2025-08-28 20:59:17.074,2025-08-28 20:59:16.944,2071-06-24 12:13:30,-23.54289309770504,51.04973740524317,36.0,50.0,attack_rwa,Firesat_Attack_RWA_10_36.0_50,baseline
274,2025,10,0,12,13,49,0.891977,-0.411333,900034,51.1187,-0.876646,91.0,0.0,0.0,0.0,0.542526,0.82564,0.0847549,0.129618,0.117929,-0.00124171,0.000151123,-0.993021,-4485840.0,795262.0,5675940.0,5825.44,646.273,4514.08,-0.000100421,0.00124257,0.000507842,0.00195882,-0.0033001,0.000301261,0.00384946,274,274,274,-7.62816,7.1801,-0.728535,0.000386819,-0.00230904,-0.000569677,-0.000361875,0.00232667,0.000600652,0,0,0,0,0,0,0.0022312,0.00938092,0.00589834,-4485860.0,795258.0,5675950.0,5826.7,645.96,4514.31,-4485840.0,795262.0,5675940.0,5825.44,646.273,4514.08,7275520.0,0.000364973,98.0394,-179.918,-131.042,-176.996,8,1,1443356029,303229,2386,527790,0.813136,0.186864,435.373,0,0.0,0,0,0,0,0.00195882,-0.0033001,0.000301261,0.00384946,1,0,273.2,0.00452708,0.395798,-0.601979,-0.380607,-0.579745,2.55981e-05,-1.82762e-05,1.93839e-05,2.55981e-05,1.82762e-05,-1.93839e-05,274,-0.124908,-0.986794,0.000517391,-0.161982,2,2,2,2,2,0,0,0,0,0,1,1,1,274,0.00124662,10_36.0_50,Firesat_Attack_RWA,2025-08-28 20:59:17.074,2025-08-28 20:59:16.944,2071-06-24 12:13:31,-23.56764487445469,51.10651752274063,36.0,50.0,attack_rwa,Firesat_Attack_RWA_10_36.0_50,baseline
275,2025,10,0,12,13,50,0.892968,-0.411767,900028,51.1187,-0.876646,91.0,0.0,0.0,0.0,0.542183,0.826174,0.0840236,0.128117,0.117965,-0.00124171,0.000151168,-0.993017,-4480020.0,795908.0,5680460.0,5830.09,645.412,4507.83,-0.000853717,0.00117897,-5.14255e-05,0.00195875,-0.00329149,0.00030202,0.00384211,275,275,275,-7.62676,7.16061,-0.728077,0.00187273,-0.00221605,0.00038944,-0.00184764,0.00223381,-0.000358593,0,0,0,0,0,0,0.00226584,0.00941119,0.00589559,-4480020.0,795906.0,5680460.0,5831.38,645.153,4508.42,-4480020.0,795908.0,5680460.0,5830.09,645.412,4507.83,7275570.0,0.00035731,98.0395,-179.918,-131.936,-176.044,8,1,1443356030,303230,2386,527826,0.813192,0.186808,435.611,0,0.0,0,0,0,0,0.00195875,-0.00329149,0.00030202,0.00384211,1,0,274.2,0.00357345,0.395937,-0.603277,-0.379812,-0.578821,2.56259e-05,-1.82967e-05,1.93584e-05,2.56259e-05,1.82967e-05,-1.93584e-05,275,-0.124906,-0.987331,8.41853e-05,-0.158672,2,2,2,2,2,0,0,0,0,0,1,1,1,275,0.00145561,10_36.0_50,Firesat_Attack_RWA,2025-08-28 20:59:17.074,2025-08-28 20:59:16.944,2071-06-24 12:13:32,-23.59251124276337,51.16329764023809,36.0,50.0,attack_rwa,Firesat_Attack_RWA_10_36.0_50,baseline
276,2025,10,0,12,13,51,0.893959,-0.412202,900028,51.1187,-0.876646,91.0,0.0,0.0,0.0,0.541378,0.826968,0.0831756,0.126947,0.118001,-0.0012417,0.000151213,-0.993013,-4474180.0,796531.0,5684960.0,5834.84,644.661,4502.15,-0.000644271,0.00154356,0.000110865,0.00195755,-0.00329498,0.000300288,0.00384435,276,276,276,-7.62346,7.16753,-0.720194,0.00136621,-0.00283048,-5.55555e-05,-0.00134099,0.00284829,8.65335e-05,0,0,0,0,0,0,0.00227721,0.00944051,0.00592272,-4474190.0,796549.0,5684970.0,5836.01,644.317,4502.55,-4474180.0,796531.0,5684960.0,5834.84,644.661,4502.15,7275580.0,0.00035675,98.0394,-179.918,-131.843,-176.079,8,1,1443356031,303231,2386,527863,0.813248,0.186752,435.844,0,0.0,0,0,0,0,0.00195755,-0.00329498,0.000300288,0.00384435,1,0,275.2,0.00366952,0.395763,-0.604599,-0.378655,-0.578318,2.56534e-05,-1.83171e-05,1.93332e-05,2.56534e-05,1.83171e-05,-1.93332e-05,276,-0.124908,-0.987791,0.000209403,-0.155788,2,2,2,2,2,0,0,0,0,0,1,1,1,276,0.00167262,10_36.0_50,Firesat_Attack_RWA,2025-08-28 20:59:17.074,2025-08-28 20:59:16.944,2071-06-24 12:13:33,-23.61743490685156,51.22007775773556,36.0,50.0,attack_rwa,Firesat_Attack_RWA_10_36.0_50,baseline
277,2025,10,0,12,13,52,0.89495,-0.412637,900025,51.1187,-0.876646,91.0,0.0,0.0,0.0,0.54069,0.827699,0.0823146,0.125673,0.118037,-0.0012417,0.000151259,-0.993008,-4468360.0,797202.0,5689450.0,5839.36,643.769,4496.42,-0.000675092,0.00171766,0.000149246,0.00195505,-0.00330419,0.000295718,0.00385063,277,277,277,-7.61472,7.18777,-0.701396,0.00120621,-0.00295687,-0.000216776,-0.00118078,0.0029747,0.00024786,0,0,0,0,0,0,0.00229904,0.00946899,0.00593524,-4468350.0,797187.0,5689460.0,5840.63,643.457,4496.64,-4468360.0,797202.0,5689450.0,5839.36,643.769,4496.42,7275520.0,0.000363911,98.0393,-179.918,-132.301,-175.562,8,1,1443356032,303232,2386,527899,0.813304,0.186696,436.073,0,0.0,0,0,0,0,0.00195505,-0.00330419,0.000295718,0.00385063,1,0,276.2,0.00367223,0.395693,-0.605928,-0.377555,-0.577694,2.56811e-05,-1.83375e-05,1.93078e-05,2.56811e-05,1.83375e-05,-1.93078e-05,277,-0.124911,-0.98827,0.000250039,-0.152715,2,2,2,2,2,0,0,0,0,0,1,1,1,277,0.00184556,10_36.0_50,Firesat_Attack_RWA,2025-08-28 20:59:17.074,2025-08-28 20:59:16.944,2071-06-24 12:13:34,-23.64235857093975,51.27685787523303,36.0,50.0,attack_rwa,Firesat_Attack_RWA_10_36.0_50,baseline
278,2025,10,0,12,13,53,0.89594,-0.413075,900026,51.1187,-0.876646,91.0,0.0,0.0,0.0,0.53983,0.828591,0.0812725,0.124159,0.118073,-0.00124169,0.000151304,-0.993004,-4462530.0,797841.0,5693950.0,5844.13,642.719,4490.43,-0.000245175,0.00128299,0.000303579,0.00194225,-0.00329721,0.000287115,0.0038375,278,278,278,-7.56885,7.17322,-0.667892,0.000641443,-0.00214592,-0.000478177,-0.000615931,0.00216365,0.000509234,0,0,0,0,0,0,0.00233104,0.009505,0.00594139,-4462510.0,797837.0,5693950.0,5845.2,642.68,4490.72,-4462530.0,797841.0,5693950.0,5844.13,642.719,4490.43,7275420.0,0.000378293,98.0395,-179.918,-132.17,-175.636,8,1,1443356033,303233,2386,527935,0.81336,0.18664,436.297,0,0.0,0,0,0,0,0.00194225,-0.00329721,0.000287115,0.0038375,1,0,277.2,0.00443397,0.395587,-0.607528,-0.376208,-0.576965,2.57087e-05,-1.83579e-05,1.92822e-05,2.57087e-05,1.83579e-05,-1.92822e-05,278,-0.124906,-0.988831,0.000336603,-0.149041,2,2,2,2,2,0,0,0,0,0,1,1,1,278,0.00130621,10_36.0_50,Firesat_Attack_RWA,2025-08-28 20:59:17.074,2025-08-28 20:59:16.944,2071-06-24 12:13:35,-23.66745412236648,51.333580696950975,36.0,50.0,attack_rwa,Firesat_Attack_RWA_10_36.0_50,baseline
279,2025,10,0,12,13,54,0.89693,-0.413513,900031,51.1187,-0.876646,91.0,0.0,0.0,0.0,0.539006,0.829404,0.0807269,0.122657,0.11811,-0.00124169,0.000151349,-0.993,-4456670.0,798495.0,5698450.0,5848.44,642.109,4484.54,0.000162371,0.00141737,-0.000367155,0.00192273,-0.00329296,0.000291379,0.00382431,279,279,279,-7.4976,7.16327,-0.680182,0.00014181,-0.00266935,0.000622047,-0.000116114,0.0026871,-0.000590994,0,0,0,0,0,0,0.00236679,0.00956231,0.00596299,-4456670.0,798483.0,5698440.0,5849.76,641.877,4484.85,-4456670.0,798495.0,5698450.0,5848.44,642.109,4484.54,7275370.0,0.000385525,98.0397,-179.918,-131.343,-176.404,8,1,1443356034,303234,2386,527972,0.813416,0.186584,436.515,0,0.0,0,0,0,0,0.00192273,-0.00329296,0.000291379,0.00382431,1,0,278.2,0.00394712,0.395225,-0.609055,-0.375289,-0.576201,2.57362e-05,-1.83784e-05,1.92567e-05,2.57362e-05,1.83784e-05,-1.92567e-05,279,-0.124904,-0.989295,-0.000386844,-0.145929,2,2,2,2,2,0,0,0,0,0,1,1,1,279,0.00142664,10_36.0_50,Firesat_Attack_RWA,2025-08-28 20:59:17.074,2025-08-28 20:59:16.944,2071-06-24 12:13:36,-23.692549673793213,51.39030351866893,36.0,50.0,attack_rwa,Firesat_Attack_RWA_10_36.0_50,baseline
280,2025,10,0,12,13,55,0.897921,-0.413953,900035,51.1187,-0.876646,91.0,0.0,0.0,0.0,0.538645,0.82999,0.0795629,0.121027,0.118146,-0.00124168,0.000151394,-0.992995,-4450830.0,799135.0,5702930.0,5853.41,641.155,4478.88,-0.000572465,0.000657165,-0.000291419,0.00191937,-0.00327015,0.000294414,0.00380323,280,280,280,-7.48378,7.1138,-0.689878,0.00155936,-0.001528,0.00025159,-0.00153375,0.0015458,-0.000220859,0,0,0,0,0,0,0.00240095,0.00956616,0.00593582,-4450820.0,799130.0,5702930.0,5854.36,641.093,4478.98,-4450830.0,799135.0,5702930.0,5853.41,641.155,4478.88,7275410.0,0.000380225,98.0399,-179.917,-130.847,-176.842,8,1,1443356035,303235,2386,528008,0.813472,0.186528,436.729,0,0.0,0,0,0,0,0.00191937,-0.00327015,0.000294414,0.00380323,1,0,279.2,0.00423489,0.395597,-0.61047,-0.374129,-0.575202,2.57632e-05,-1.83992e-05,1.92313e-05,2.57632e-05,1.83992e-05,-1.92313e-05,280,-0.1249,-0.989877,-0.000207421,-0.141927,2,2,2,2,2,0,0,0,0,0,1,1,1,280,0.00087154,10_36.0_50,Firesat_Attack_RWA,2025-08-28 20:59:17.074,2025-08-28 20:59:16.944,2071-06-24 12:13:37,-23.71775981677897,51.44708363616639,36.0,50.0,attack_rwa,Firesat_Attack_RWA_10_36.0_50,baseline
281,2025,10,0,12,13,56,0.898911,-0.414392,900035,51.1187,-0.876646,91.0,0.0,0.0,0.0,0.53795,0.830661,0.0791061,0.11981,0.118182,-0.00124168,0.00015144,-0.992991,-4444950.0,799755.0,5707400.0,5857.84,640.559,4472.77,-0.000548415,0.00137379,-0.000842417,0.00191834,-0.00327179,0.000305237,0.00380497,281,281,281,-7.48065,7.11557,-0.727005,0.00145233,-0.00303234,0.000978059,-0.00142655,0.00305033,-0.0009472,0,0,0,0,0,0,0.00241676,0.00961188,0.00597329,-4444960.0,799771.0,5707400.0,5858.96,640.263,4473.08,-4444950.0,799755.0,5707400.0,5857.84,640.559,4472.77,7275410.0,0.000379897,98.0399,-179.917,-130.742,-176.889,8,1,1443356036,303236,2386,528045,0.813528,0.186472,436.936,0,0.0,0,0,0,0,0.00191834,-0.00327179,0.000305237,0.00380497,1,0,280.2,0.00323993,0.39529,-0.611718,-0.373355,-0.57459,2.57897e-05,-1.84202e-05,1.92064e-05,2.57897e-05,1.84202e-05,-1.92064e-05,281,-0.124901,-0.990238,-0.000758205,-0.139387,2,2,2,2,2,0,0,0,0,0,1,1,1,281,0.00147921,10_36.0_50,Firesat_Attack_RWA,2025-08-28 20:59:17.074,2025-08-28 20:59:16.944,2071-06-24 12:13:38,-23.74291266398521,51.503806457884345,36.0,50.0,attack_rwa,Firesat_Attack_RWA_10_36.0_50,baseline
282,2025,10,0,12,13,57,0.899902,-0.414831,900030,51.1187,-0.876646,91.0,0.0,0.0,0.0,0.537256,0.831426,0.0775092,0.118657,0.118218,-0.00124167,0.000151485,-0.992987,-4439110.0,800402.0,5711860.0,5862.36,639.64,4467.19,-0.000702074,0.000951006,0.00059206,0.00191946,-0.00326589,0.000286346,0.00379899,282,282,282,-7.48504,7.10329,-0.658406,0.00152016,-0.00211085,-0.00165898,-0.00149446,0.00212865,0.00168978,0,0,0,0,0,0,0.00241736,0.00959134,0.00596767,-4439100.0,800404.0,5711870.0,5863.58,639.389,4467.16,-4439110.0,800402.0,5711860.0,5862.36,639.64,4467.19,7275430.0,0.000377566,98.0396,-179.918,-131.509,-176.063,8,1,1443356037,303237,2386,528081,0.813584,0.186416,437.14,0,0.0,0,0,0,0,0.00191946,-0.00326589,0.000286346,0.00379899,1,0,281.2,0.00444702,0.395637,-0.613005,-0.371649,-0.574084,2.5816e-05,-1.84411e-05,1.91815e-05,2.5816e-05,1.84411e-05,-1.91815e-05,282,-0.124906,-0.990748,0.000681572,-0.135716,2,2,2,2,2,0,0,0,0,0,1,1,1,282,0.00118208,10_36.0_50,Firesat_Attack_RWA,2025-08-28 20:59:17.074,2025-08-28 20:59:16.944,2071-06-24 12:13:39,-23.76806551119145,51.560586575381805,36.0,50.0,attack_rwa,Firesat_Attack_RWA_10_36.0_50,baseline
283,2025,10,0,12,13,58,0.900892,-0.415272,900029,51.1187,-0.876646,91.0,0.0,0.0,0.0,0.536449,0.832156,0.0769166,0.117569,0.118254,-0.00124166,0.00015153,-0.992983,-4433230.0,801049.0,5716330.0,5867.26,638.802,4460.93,-0.000466654,0.00173662,0.000454165,0.00191423,-0.00328073,0.000266497,0.00380769,283,283,283,-7.46682,7.13467,-0.582113,0.00110212,-0.00352444,-0.00110797,-0.00107606,0.00354217,0.001139,0,0,0,0,0,0,0.00243394,0.00963911,0.00600589,-4433240.0,801043.0,5716330.0,5868.15,638.564,4461.23,-4433230.0,801049.0,5716330.0,5867.26,638.802,4460.93,7275350.0,0.000387268,98.0396,-179.918,-131.627,-175.887,8,1,1443356038,303238,2386,528117,0.81364,0.18636,437.338,0,0.0,0,0,0,0,0.00191423,-0.00328073,0.000266497,0.00380769,1,0,282.2,0.00329874,0.395316,-0.614228,-0.370701,-0.573612,2.58427e-05,-1.84615e-05,1.91566e-05,2.58427e-05,1.84615e-05,-1.91566e-05,283,-0.124905,-0.991083,0.000511946,-0.133246,2,2,2,2,2,0,0,0,0,0,1,1,1,283,0.00179822,10_36.0_50,Firesat_Attack_RWA,2025-08-28 20:59:17.074,2025-08-28 20:59:16.944,2071-06-24 12:13:40,-23.79333294995672,51.61730939709976,36.0,50.0,attack_rwa,Firesat_Attack_RWA_10_36.0_50,baseline
284,2025,10,0,12,13,59,0.901883,-0.415715,900027,51.1187,-0.876646,91.0,0.0,0.0,0.0,0.535612,0.833011,0.0760817,0.115864,0.118291,-0.00124166,0.000151575,-0.992978,-4427370.0,801678.0,5720790.0,5871.48,637.855,4455.16,-8.0291e-06,0.00121216,8.863e-05,0.00189953,-0.00328087,0.000257689,0.00379983,284,284,284,-7.4137,7.13623,-0.546416,0.00040023,-0.00230868,-0.000338752,-0.000373931,0.00232634,0.000369783,0,0,0,0,0,0,0.00248349,0.00969327,0.00600581,-4427360.0,801683.0,5720790.0,5872.74,637.749,4455.32,-4427370.0,801678.0,5720790.0,5871.48,637.855,4455.16,7275380.0,0.000383057,98.0397,-179.918,-131.751,-175.705,8,1,1443356039,303239,2386,528154,0.813696,0.186304,437.533,0,0.0,0,0,0,0,0.00189953,-0.00328087,0.000257689,0.00379983,1,0,283.2,0.00448787,0.395109,-0.615906,-0.369537,-0.572706,2.58698e-05,-1.84816e-05,1.91314e-05,2.58698e-05,1.84816e-05,-1.91314e-05,284,-0.124904,-0.991583,8.89256e-05,-0.129473,2,2,2,2,2,0,0,0,0,0,1,1,1,284,0.00121219,10_36.0_50,Firesat_Attack_RWA,2025-08-28 20:59:17.074,2025-08-28 20:59:16.944,2071-06-24 12:13:41,-23.81871498028102,51.67408951459723,36.0,50.0,attack_rwa,Firesat_Attack_RWA_10_36.0_50,baseline
285,2025,10,0,12,14,0,0.902873,-0.416158,900031,51.1187,-0.876646,91.0,0.0,0.0,0.0,0.534901,0.833746,0.0751605,0.114455,0.118327,-0.00124165,0.000151621,-0.992974,-4421490.0,802343.0,5725260.0,5876.0,637.06,4449.13,5.10591e-05,0.00109255,0.000143369,0.00188416,-0.00327152,0.000249997,0.00378357,285,285,285,-7.35708,7.1156,-0.516006,0.000555744,-0.00236771,-0.000427096,-0.000529371,0.00238526,0.000458023,0,0,0,0,0,0,0.00250983,0.00972022,0.00601091,-4421490.0,802322.0,5725240.0,5877.3,636.928,4449.42,-4421490.0,802343.0,5725260.0,5876.0,637.06,4449.13,7275380.0,0.000383746,98.0397,-179.918,-131.22,-176.178,8,1,1443356040,303240,2386,528190,0.813752,0.186248,437.722,0,0.0,0,0,0,0,0.00188416,-0.00327152,0.000249997,0.00378357,1,0,284.2,0.00393961,0.395055,-0.617316,-0.368375,-0.571972,2.58967e-05,-1.85018e-05,1.91061e-05,2.58967e-05,1.85018e-05,-1.91061e-05,285,-0.124904,-0.992017,0.000135823,-0.126104,2,2,2,2,2,0,0,0,0,0,1,1,1,285,0.00109375,10_36.0_50,Firesat_Attack_RWA,2025-08-28 20:59:17.074,2025-08-28 20:59:16.944,2071-06-24 12:13:42,-23.84409701060531,51.730812336315175,36.0,50.0,attack_rwa,Firesat_Attack_RWA_10_36.0_50,baseline
286,2025,10,0,12,14,1,0.903864,-0.416604,900037,51.1187,-0.876646,91.0,0.0,0.0,0.0,0.534494,0.834279,0.0738946,0.11329,0.118363,-0.00124165,0.000151666,-0.99297,-4415610.0,802958.0,5729690.0,5880.65,636.031,4443.29,-0.000719711,0.00101534,0.000944272,0.00188661,-0.00326395,0.000226855,0.00377679,286,286,286,-7.36476,7.09862,-0.42986,0.00180366,-0.00224026,-0.00170587,-0.00177724,0.00225766,0.00173666,0,0,0,0,0,0,0.00251803,0.00970816,0.00600258,-4415610.0,802966.0,5729700.0,5881.86,636.153,4443.54,-4415610.0,802958.0,5729690.0,5880.65,636.031,4443.29,7275450.0,0.000374369,98.04,-179.917,-130.311,-177.028,8,1,1443356041,303241,2386,528227,0.813809,0.186191,437.906,0,0.0,0,0,0,0,0.00188661,-0.00326395,0.000226855,0.00377679,1,0,285.2,0.00369271,0.395447,-0.618421,-0.367104,-0.571325,2.59236e-05,-1.85217e-05,1.9081e-05,2.59236e-05,1.85217e-05,-1.9081e-05,286,-0.124899,-0.992434,0.00102519,-0.122774,2,2,2,2,2,0,0,0,0,0,1,1,1,286,0.00124455,10_36.0_50,Firesat_Attack_RWA,2025-08-28 20:59:17.074,2025-08-28 20:59:16.944,2071-06-24 12:13:43,-23.869650928268147,51.78759245381264,36.0,50.0,attack_rwa,Firesat_Attack_RWA_10_36.0_50,baseline
287,2025,10,0,12,14,2,0.904853,-0.417048,900033,51.1187,-0.876646,91.0,0.0,0.0,0.0,0.533736,0.83498,0.0736461,0.111846,0.118399,-0.00124164,0.000151711,-0.992965,-4409730.0,803609.0,5734130.0,5885.04,635.314,4437.25,-0.000447623,0.00156808,-0.000140611,0.00188422,-0.00327384,0.000225069,0.00378404,287,287,287,-7.35728,7.11943,-0.418535,0.00117641,-0.00314907,0.000352574,-0.00114961,0.00316663,-0.000321581,0,0,0,0,0,0,0.00255885,0.00978586,0.00603678,-4409730.0,803600.0,5734130.0,5886.41,635.308,4437.58,-4409730.0,803609.0,5734130.0,5885.04,635.314,4437.25,7275380.0,0.000383928,98.04,-179.917,-130.85,-176.431,8,1,1443356042,303242,2386,528263,0.813865,0.186135,438.086,0,0.0,0,0,0,0,0.00188422,-0.00327384,0.000225069,0.00378404,1,0,286.2,0.00358543,0.394969,-0.619824,-0.366466,-0.570544,2.59507e-05,-1.85411e-05,1.9056e-05,2.59507e-05,1.85411e-05,-1.9056e-05,287,-0.1249,-0.992765,-8.62083e-05,-0.120072,2,2,2,2,2,0,0,0,0,0,1,1,1,287,0.00163072,10_36.0_50,Firesat_Attack_RWA,2025-08-28 20:59:17.074,2025-08-28 20:59:16.944,2071-06-24 12:13:44,-23.895090254371954,51.84425797975108,36.0,50.0,attack_rwa,Firesat_Attack_RWA_10_36.0_50,baseline
288,2025,10,0,12,14,3,0.905843,-0.417495,900032,51.1187,-0.876646,91.0,0.0,0.0,0.0,0.533218,0.835643,0.0722892,0.110245,0.118435,-0.00124164,0.000151757,-0.992961,-4403840.0,804230.0,5738560.0,5889.57,634.486,4431.23,-0.000835667,0.000649589,0.00040786,0.00188722,-0.00325536,0.000216345,0.00376905,288,288,288,-7.36806,7.08026,-0.385551,0.00184844,-0.00165117,-0.000698238,-0.00182171,0.00166871,0.000729005,0,0,0,0,0,0,0.00259081,0.00978868,0.00601013,-4403840.0,804238.0,5738560.0,5890.96,634.497,4431.63,-4403840.0,804230.0,5738560.0,5889.57,634.486,4431.23,7275340.0,0.000388992,98.0401,-179.917,-131.021,-176.202,8,1,1443356043,303243,2386,528300,0.813921,0.186079,438.261,0,0.0,0,0,0,0,0.00188722,-0.00325536,0.000216345,0.00376905,1,0,287.2,0.00452144,0.395323,-0.621285,-0.365057,-0.569613,2.59777e-05,-1.85605e-05,1.90311e-05,2.59777e-05,1.85605e-05,-1.90311e-05,288,-0.124898,-0.99326,0.000501717,-0.115908,2,2,2,2,2,0,0,0,0,0,1,1,1,288,0.00105844,10_36.0_50,Firesat_Attack_RWA,2025-08-28 20:59:17.074,2025-08-28 20:59:16.944,2071-06-24 12:13:45,-23.920701467814304,51.90098080146903,36.0,50.0,attack_rwa,Firesat_Attack_RWA_10_36.0_50,baseline
289,2025,10,0,12,14,4,0.906833,-0.417941,900032,51.1187,-0.876646,91.0,0.0,0.0,0.0,0.532549,0.836312,0.0714267,0.108962,0.118472,-0.00124163,0.000151802,-0.992957,-4397950.0,804869.0,5743000.0,5894.24,633.908,4425.59,-0.000899689,0.000807643,0.000509712,0.00189178,-0.00324213,0.000203748,0.00375922,289,289,289,-7.38547,7.05005,-0.336938,0.00183825,-0.00227394,-0.000773804,-0.00181147,0.0022915,0.000804548,0,0,0,0,0,0,0.00260733,0.00981835,0.00603031,-4397950.0,804868.0,5742990.0,5895.51,633.643,4425.69,-4397950.0,804869.0,5743000.0,5894.24,633.908,4425.59,7275340.0,0.00038978,98.04,-179.917,-131.069,-176.096,8,1,1443356044,303244,2386,528336,0.813977,0.186023,438.43,0,0.0,0,0,0,0,0.00189178,-0.00324213,0.000203748,0.00375922,1,0,288.2,0.00362528,0.39527,-0.622569,-0.363967,-0.568945,2.60044e-05,-1.85794e-05,1.90068e-05,2.60044e-05,1.85794e-05,-1.90068e-05,289,-0.1249,-0.993616,0.000607618,-0.112814,2,2,2,2,2,0,0,0,0,0,1,1,1,289,0.00120902,10_36.0_50,Firesat_Attack_RWA,2025-08-28 20:59:17.074,2025-08-28 20:59:16.944,2071-06-24 12:13:46,-23.94625538547714,51.95770362318698,36.0,50.0,attack_rwa,Firesat_Attack_RWA_10_36.0_50,baseline
290,2025,10,0,12,14,5,0.907824,-0.418389,900035,51.1187,-0.876646,91.0,0.0,0.0,0.0,0.531559,0.837141,0.0711516,0.107599,0.118508,-0.00124163,0.000151847,-0.992952,-4392050.0,805502.0,5747430.0,5898.21,633.04,4419.5,-0.000114521,0.00146924,-0.000357853,0.00187961,-0.0032556,0.000209059,0.00376505,290,290,290,-7.34259,7.0785,-0.352629,0.00037101,-0.00324456,0.00070094,-0.000343874,0.00326222,-0.000669928,0,0,0,0,0,0,0.00263747,0.00989466,0.00607746,-4392050.0,805502.0,5747420.0,5900.06,632.813,4419.79,-4392050.0,805502.0,5747430.0,5898.21,633.04,4419.5,7275400.0,0.000381755,98.04,-179.917,-130.591,-176.516,8,1,1443356045,303245,2386,528373,0.814034,0.185966,438.594,0,0.0,0,0,0,0,0.00187961,-0.0032556,0.000209059,0.00376505,1,0,289.2,0.0037939,0.394617,-0.624029,-0.363174,-0.568305,2.6031e-05,-1.85982e-05,1.89827e-05,2.6031e-05,1.85982e-05,-1.89827e-05,290,-0.124901,-0.993907,-0.000343163,-0.110219,2,2,2,2,2,0,0,0,0,0,1,1,1,290,0.0014737,10_36.0_50,Firesat_Attack_RWA,2025-08-28 20:59:17.074,2025-08-28 20:59:16.944,2071-06-24 12:13:47,-23.971923894699,52.01448374068445,36.0,50.0,attack_rwa,Firesat_Attack_RWA_10_36.0_50,baseline
291,2025,10,0,12,14,6,0.908814,-0.418838,900036,51.1187,-0.876646,91.0,0.0,0.0,0.0,0.530759,0.83788,0.0700075,0.10654,0.118544,-0.00124162,0.000151892,-0.992948,-4386140.0,806124.0,5751840.0,5903.39,632.033,4413.42,3.56123e-05,0.0017037,0.000503039,0.00186238,-0.00327415,0.000198596,0.003772,291,291,291,-7.27927,7.11964,-0.31398,0.000290839,-0.00329715,-0.000946953,-0.00026352,0.00331458,0.000978089,0,0,0,0,0,0,0.00264078,0.00989517,0.00608761,-4386150.0,806133.0,5751840.0,5904.6,631.97,4413.85,-4386140.0,806124.0,5751840.0,5903.39,632.033,4413.42,7275410.0,0.000380182,98.0399,-179.917,-130.444,-176.604,8,1,1443356046,303246,2386,528410,0.81409,0.18591,438.755,0,0.0,0,0,0,0,0.00186238,-0.00327415,0.000198596,0.003772,1,0,290.2,0.00380437,0.394618,-0.625242,-0.361778,-0.567861,2.60579e-05,-1.86173e-05,1.89578e-05,2.60579e-05,1.86173e-05,-1.89578e-05,291,-0.124902,-0.994237,0.000496398,-0.107202,2,2,2,2,2,0,0,0,0,0,1,1,1,291,0.00170407,10_36.0_50,Firesat_Attack_RWA,2025-08-28 20:59:17.074,2025-08-28 20:59:16.944,2071-06-24 12:13:48,-23.99764969970037,52.0712065624024,36.0,50.0,attack_rwa,Firesat_Attack_RWA_10_36.0_50,baseline
292,2025,10,0,12,14,7,0.909804,-0.419286,900033,51.1187,-0.876646,91.0,0.0,0.0,0.0,0.530374,0.838435,0.0690697,0.10469,0.11858,-0.00124161,0.000151938,-0.992944,-4380260.0,806758.0,5756240.0,5907.73,631.156,4407.66,-0.000544106,0.000811373,7.36581e-05,0.00185848,-0.00325923,0.000193524,0.00375686,292,292,292,-7.26376,7.08846,-0.292055,0.00134013,-0.00165849,-0.000132186,-0.00131271,0.00167596,0.00016305,0,0,0,0,0,0,0.00269838,0.00992556,0.00605238,-4380240.0,806760.0,5756250.0,5909.13,631.107,4407.88,-4380260.0,806758.0,5756240.0,5907.73,631.156,4407.66,7275370.0,0.000385828,98.0398,-179.918,-130.783,-176.207,8,1,1443356047,303247,2386,528446,0.814146,0.185854,438.911,0,0.0,0,0,0,0,0.00185848,-0.00325923,0.000193524,0.00375686,1,0,291.2,0.00436246,0.39484,-0.626758,-0.360789,-0.566663,2.60849e-05,-1.86362e-05,1.89327e-05,2.60849e-05,1.86362e-05,-1.89327e-05,292,-0.124905,-0.994675,0.000129128,-0.103065,2,2,2,2,2,0,0,0,0,0,1,1,1,292,0.000976922,10_36.0_50,Firesat_Attack_RWA,2025-08-28 20:59:17.074,2025-08-28 20:59:16.944,2071-06-24 12:13:49,-24.023318208922237,52.12792938412035,36.0,50.0,attack_rwa,Firesat_Attack_RWA_10_36.0_50,baseline
293,2025,10,0,12,14,8,0.910793,-0.419737,900033,51.1187,-0.876646,91.0,0.0,0.0,0.0,0.529561,0.839159,0.0683773,0.10345,0.118616,-0.00124161,0.000151983,-0.992939,-4374320.0,807409.0,5760660.0,5912.28,630.759,4401.63,-0.000253171,0.00122224,-3.40376e-07,0.00185053,-0.00325439,0.000191397,0.00374862,293,293,293,-7.23545,7.07653,-0.28206,0.000907959,-0.00281003,-7.086e-05,-0.000880436,0.0028275,0.000101781,0,0,0,0,0,0,0.00271322,0.0099643,0.00608417,-4374330.0,807393.0,5760650.0,5913.62,630.284,4401.91,-4374320.0,807409.0,5760660.0,5912.28,630.759,4401.63,7275300.0,0.000394776,98.0398,-179.918,-130.711,-176.22,8,1,1443356048,303248,2386,528483,0.814203,0.185797,439.062,0,0.0,0,0,0,0,0.00185053,-0.00325439,0.000191397,0.00374862,1,0,292.2,0.00357971,0.394571,-0.628063,-0.359755,-0.566063,2.61116e-05,-1.86552e-05,1.8908e-05,2.61116e-05,1.86552e-05,-1.8908e-05,293,-0.124903,-0.994965,2.48817e-05,-0.100226,2,2,2,2,2,0,0,0,0,0,1,1,1,293,0.00124818,10_36.0_50,Firesat_Attack_RWA,2025-08-28 20:59:17.074,2025-08-28 20:59:16.944,2071-06-24 12:13:50,-24.049158605482635,52.184594910058784,36.0,50.0,attack_rwa,Firesat_Attack_RWA_10_36.0_50,baseline
294,2025,10,0,12,14,9,0.911783,-0.420191,900035,51.1187,-0.876646,91.0,0.0,0.0,0.0,0.529055,0.839735,0.0673553,0.102028,0.118653,-0.0012416,0.000152028,-0.992935,-4368430.0,808027.0,5765040.0,5916.87,629.707,4395.53,-0.000673613,0.000971924,0.000210474,0.00185095,-0.00324942,0.000184519,0.00374417,294,294,294,-7.23637,7.06581,-0.255096,0.0015446,-0.00208363,-0.000496469,-0.00151699,0.00210111,0.000527301,0,0,0,0,0,0,0.00273687,0.00997585,0.00607694,-4368420.0,808029.0,5765050.0,5918.16,629.496,4395.98,-4368430.0,808027.0,5765040.0,5916.87,629.707,4395.53,7275380.0,0.000384678,98.0401,-179.917,-130.409,-176.464,8,1,1443356049,303249,2386,528519,0.814259,0.185741,439.209,0,0.0,0,0,0,0,0.00185095,-0.00324942,0.000184519,0.00374417,1,0,293.2,0.00382228,0.394743,-0.62935,-0.358628,-0.565229,2.61382e-05,-1.86741e-05,1.88833e-05,2.61382e-05,1.86741e-05,-1.88833e-05,294,-0.124899,-0.995311,0.000274327,-0.0967256,2,2,2,2,2,0,0,0,0,0,1,1,1,294,0.00118254,10_36.0_50,Firesat_Attack_RWA,2025-08-28 20:59:17.074,2025-08-28 20:59:16.944,2071-06-24 12:13:51,-24.07517088938157,52.24131773177674,36.0,50.0,attack_rwa,Firesat_Attack_RWA_10_36.0_50,baseline
295,2025,10,0,12,14,10,0.912771,-0.420643,900036,51.1187,-0.876646,91.0,0.0,0.0,0.0,0.528238,0.840448,0.0666268,0.100864,0.118689,-0.0012416,0.000152073,-0.992931,-4362500.0,808654.0,5769430.0,5921.26,628.9,4389.55,-0.000394208,0.00147008,0.000288867,0.00184573,-0.00325533,0.000175211,0.00374628,295,295,295,-7.21821,7.07799,-0.218703,0.00098568,-0.00304764,-0.000596103,-0.000957876,0.00306507,0.000627076,0,0,0,0,0,0,0.00275167,0.0100118,0.00610597,-4362500.0,808657.0,5769440.0,5922.62,628.651,4389.99,-4362500.0,808654.0,5769430.0,5921.26,628.9,4389.55,7275260.0,0.000401054,98.04,-179.917,-130.321,-176.494,8,1,1443356050,303250,2386,528556,0.814315,0.185685,439.35,0,0.0,0,0,0,0,0.00184573,-0.00325533,0.000175211,0.00374628,1,0,294.2,0.00349912,0.394491,-0.630601,-0.357562,-0.564684,2.61648e-05,-1.86927e-05,1.88587e-05,2.61648e-05,1.86927e-05,-1.88587e-05,295,-0.1249,-0.995574,0.000324367,-0.0939778,2,2,2,2,2,0,0,0,0,0,1,1,1,295,0.00152202,10_36.0_50,Firesat_Attack_RWA,2025-08-28 20:59:17.074,2025-08-28 20:59:16.944,2071-06-24 12:13:52,-24.10106858172149,52.29792596193567,36.0,50.0,attack_rwa,Firesat_Attack_RWA_10_36.0_50,baseline
296,2025,10,0,12,14,11,0.913761,-0.421096,900037,51.1187,-0.876646,91.0,0.0,0.0,0.0,0.527783,0.840937,0.0658676,0.0996591,0.118725,-0.00124159,0.000152119,-0.992926,-4356590.0,809289.0,5773840.0,5925.85,628.098,4383.63,-0.000956086,0.00186359,0.00027887,0.00185014,-0.00327526,0.000166492,0.00376538,296,296,296,-7.23366,7.12165,-0.18426,0.00204649,-0.00328493,-0.000518067,-0.00201834,0.00330241,0.000549172,0,0,0,0,0,0,0.00277238,0.0100302,0.00610934,-4356580.0,809285.0,5773830.0,5927.11,627.811,4384.01,-4356590.0,809289.0,5773840.0,5925.85,628.098,4383.63,7275230.0,0.000405512,98.04,-179.917,-130.219,-176.538,8,1,1443356051,303251,2386,528592,0.814372,0.185628,439.488,0,0.0,0,0,0,0,0.00185014,-0.00327526,0.000166492,0.00376538,1,0,295.2,0.00314688,0.394554,-0.631693,-0.356679,-0.563978,2.61917e-05,-1.87111e-05,1.88339e-05,2.61917e-05,1.87111e-05,-1.88339e-05,296,-0.1249,-0.995839,0.000363968,-0.0911241,2,2,2,2,2,0,0,0,0,0,1,1,1,296,0.00209453,10_36.0_50,Firesat_Attack_RWA,2025-08-28 20:59:17.074,2025-08-28 20:59:16.944,2071-06-24 12:13:53,-24.127023569840915,52.354648783653616,36.0,50.0,attack_rwa,Firesat_Attack_RWA_10_36.0_50,baseline
297,2025,10,0,12,14,12,0.91475,-0.42155,900044,51.1187,-0.876646,91.0,0.0,0.0,0.0,0.526529,0.842006,0.0650407,0.0977874,0.118761,-0.00124159,0.000152164,-0.992922,-4350650.0,809901.0,5778200.0,5930.4,627.199,4377.6,0.000514007,0.00105089,-8.0904e-05,0.00182748,-0.00326311,0.000165491,0.00374365,297,297,297,-7.1533,7.09658,-0.177718,-0.000677389,-0.00199712,7.17858e-05,0.000705626,0.00201451,-4.06811e-05,0,0,0,0,0,0,0.00282625,0.0101042,0.00612193,-4350660.0,809913.0,5778210.0,5931.57,626.976,4378.08,-4350650.0,809901.0,5778200.0,5930.4,627.199,4377.6,7275230.0,0.000406467,98.04,-179.917,-129.245,-177.454,8,1,1443356052,303252,2386,528629,0.814428,0.185572,439.621,0,0.0,0,0,0,0,0.00182748,-0.00326311,0.000165491,0.00374365,1,0,296.2,0.00525448,0.394002,-0.633643,-0.355283,-0.563058,2.62188e-05,-1.87294e-05,1.88088e-05,2.62188e-05,1.87294e-05,-1.88088e-05,297,-0.124901,-0.996202,-0.000125087,-0.0870716,2,2,2,2,2,0,0,0,0,0,1,1,1,297,0.00116986,10_36.0_50,Firesat_Attack_RWA,2025-08-28 20:59:17.074,2025-08-28 20:59:16.944,2071-06-24 12:13:54,-24.15303585373985,52.41131430959205,36.0,50.0,attack_rwa,Firesat_Attack_RWA_10_36.0_50,baseline
298,2025,10,0,12,14,13,0.915739,-0.422005,900038,51.1187,-0.876646,91.0,0.0,0.0,0.0,0.526385,0.84229,0.064079,0.0967526,0.118797,-0.00124158,0.000152209,-0.992918,-4344740.0,810542.0,5782570.0,5935.08,626.296,4371.92,-0.000836769,0.00151471,0.000356948,0.00182743,-0.00326556,0.000156218,0.00374537,298,298,298,-7.15018,7.10074,-0.142394,0.00181873,-0.00266626,-0.000753324,-0.00179038,0.0026836,0.000784301,0,0,0,0,0,0,0.00282822,0.010085,0.00611404,-4344720.0,810535.0,5782580.0,5936.07,626.112,4372.05,-4344740.0,810542.0,5782570.0,5935.08,626.296,4371.92,7275160.0,0.000415204,98.0399,-179.917,-130.081,-176.56,8,1,1443356053,303253,2386,528666,0.814485,0.185515,439.749,0,0.0,0,0,0,0,0.00182743,-0.00326556,0.000156218,0.00374537,1,0,297.2,0.00289597,0.394435,-0.634468,-0.354412,-0.562373,2.62456e-05,-1.87479e-05,1.87837e-05,2.62456e-05,1.87479e-05,-1.87837e-05,298,-0.124903,-0.996441,0.0004256,-0.0842897,2,2,2,2,2,0,0,0,0,0,1,1,1,298,0.00173047,10_36.0_50,Firesat_Attack_RWA,2025-08-28 20:59:17.074,2025-08-28 20:59:16.944,2071-06-24 12:13:55,-24.179105433418307,52.46797983553049,36.0,50.0,attack_rwa,Firesat_Attack_RWA_10_36.0_50,baseline
299,2025,10,0,12,14,14,0.916727,-0.422462,900037,51.1187,-0.876646,91.0,0.0,0.0,0.0,0.525454,0.843116,0.0631313,0.0952311,0.118834,-0.00124158,0.000152254,-0.992913,-4338800.0,811149.0,5786940.0,5939.46,625.581,4365.57,-0.000217299,0.00116365,0.000487548,0.00181937,-0.00325631,0.000143119,0.00373285,299,299,299,-7.12225,7.081,-0.0919608,0.000780426,-0.00214095,-0.000862556,-0.00075199,0.0021582,0.000893533,0,0,0,0,0,0,0.00286126,0.0101289,0.00612554,-4338790.0,811162.0,5786940.0,5940.5,625.282,4366.03,-4338800.0,811149.0,5786940.0,5939.46,625.581,4365.57,7275010.0,0.000435358,98.04,-179.917,-130.123,-176.459,8,1,1443356054,303254,2386,528702,0.814541,0.185459,439.872,0,0.0,0,0,0,0,0.00181937,-0.00325631,0.000143119,0.00373285,1,0,298.2,0.00436472,0.394216,-0.636018,-0.353102,-0.5616,2.62725e-05,-1.87661e-05,1.87587e-05,2.62725e-05,1.87661e-05,-1.87587e-05,299,-0.124902,-0.996738,0.000503391,-0.0807015,2,2,2,2,2,0,0,0,0,0,1,1,1,299,0.00118377,10_36.0_50,Firesat_Attack_RWA,2025-08-28 20:59:17.074,2025-08-28 20:59:16.944,2071-06-24 12:13:56,-24.205289604655785,52.52458806568941,36.0,50.0,attack_rwa,Firesat_Attack_RWA_10_36.0_50,baseline
300,2025,10,0,12,14,15,0.917716,-0.422918,900037,76.5311,-68.5336,102.0,0.0,0.0,0.0,0.524995,0.843659,0.0620838,0.0936196,0.11887,-0.00124157,0.0001523,-0.992909,-4332830.0,811783.0,5791320.0,5943.86,624.79,4359.73,1.0315,-0.890108,1.05406,0.00181978,-0.00322909,0.000129607,0.00370883,300,300,300,-7.12292,7.02137,-0.0398973,-0.21,0.21,-0.21,2.1013,-1.84819,2.11084,0,0,0,0,0,0,0.00289575,0.0101459,0.00610774,-4332850.0,811782.0,5791310.0,5944.98,624.406,4360.05,-4332830.0,811783.0,5791320.0,5943.86,624.79,4359.73,7275000.0,0.000436726,98.0398,-179.918,-130.116,-176.408,8,1,1443356055,303255,2386,528739,0.814598,0.185402,439.99,0,0.0,0,0,0,0,0.00181978,-0.00322909,0.000129607,0.00370883,1,0,299.2,0.00409846,0.394441,-0.637387,-0.351981,-0.560592,2.62992e-05,-1.87839e-05,1.87342e-05,2.62992e-05,1.87839e-05,-1.87342e-05,300,-0.124906,-0.997042,0.000625067,-0.0768503,2,2,2,2,2,0,0,0,0,0,1,1,1,300,1.49887,10_36.0_50,Firesat_Attack_RWA,2025-08-28 20:59:17.074,2025-08-28 20:59:16.944,2071-06-24 12:13:57,-24.23141648011375,52.581253591627856,36.0,50.0,attack_rwa,Firesat_Attack_RWA_10_36.0_50,baseline
301,2025,10,0,12,14,16,0.918707,-0.423378,900037,76.5311,-68.5336,102.0,0.0,0.0,0.0,0.524117,0.8444,0.0613829,0.0923177,0.118906,-0.00124157,0.000152345,-0.992905,-4326900.0,812424.0,5795670.0,5948.18,623.748,4354.11,1.0305,-0.8942,1.05084,-0.000946112,0.00138073,-0.00263605,0.00312255,301,301,301,2.86204,-2.96679,9.94861,-0.21,0.21,-0.21,2.03315,-1.77968,1.90208,0,0,0,0,0,0,0.00290145,0.00913684,0.00508733,-4326890.0,812408.0,5795670.0,5949.52,623.586,4354.1,-4326900.0,812424.0,5795670.0,5948.18,623.748,4354.11,7275160.0,0.000415644,98.0398,-179.917,-130.115,-176.35,8,1,1443356056,303256,2386,528776,0.814654,0.185346,440.027,0,0.0,0,0,0,0,-0.000946112,0.00138073,-0.00263605,0.00312255,1,0,300.2,0.00374543,0.394124,-0.638741,-0.350903,-0.55995,2.63087e-05,-1.87912e-05,1.87443e-05,2.63087e-05,1.87912e-05,-1.87443e-05,301,-0.124904,-0.997266,0.000524473,-0.0738977,2,2,2,2,2,0,0,0,0,0,1,1,1,301,1.5015,10_36.0_50,Firesat_Attack_RWA,2025-08-28 20:59:17.074,2025-08-28 20:59:16.944,2071-06-24 12:13:58,-24.257772538689768,52.63803370912533,36.0,50.0,attack_rwa,Firesat_Attack_RWA_10_36.0_50,baseline
302,2025,10,0,12,14,17,0.919696,-0.423838,900040,76.5311,-68.5336,102.0,0.0,0.0,0.0,0.524303,0.844309,0.0616771,0.0918885,0.118942,-0.00124156,0.00015239,-0.9929,-4320950.0,813013.0,5800020.0,5952.57,622.928,4347.86,1.02719,-0.897938,1.04711,-0.00374761,0.00604792,-0.00543714,0.00895457,302,302,302,13.2379,-13.3445,20.3244,-0.21,0.21,-0.21,1.96756,-1.68896,1.83305,0,0,0,0,0,0,0.00285477,0.00916849,0.00515972,-4320950.0,813035.0,5800020.0,5953.97,622.768,4348.11,-4320950.0,813013.0,5800020.0,5952.57,622.928,4347.86,7275140.0,0.000417764,98.04,-179.917,-129.691,-176.717,8,1,1443356057,303257,2386,528812,0.814711,0.185289,439.893,0,0.0,0,0,0,0,-0.00374761,0.00604792,-0.00543714,0.00895457,1,0,301.2,0.00112039,0.394108,-0.638913,-0.351251,-0.559547,2.62831e-05,-1.87775e-05,1.88244e-05,2.62831e-05,1.87775e-05,-1.88244e-05,302,-0.124902,-0.997297,-0.000442842,-0.0734759,2,2,2,2,2,0,0,0,0,0,1,1,1,302,1.50145,10_36.0_50,Firesat_Attack_RWA,2025-08-28 20:59:17.074,2025-08-28 20:59:16.944,2071-06-24 12:13:59,-24.284128597265784,52.69469923506376,36.0,50.0,attack_rwa,Firesat_Attack_RWA_10_36.0_50,baseline
303,2025,10,0,12,14,18,0.920685,-0.424296,900043,76.5311,-68.5336,102.0,0.0,0.0,0.0,0.525287,0.843401,0.0648026,0.0924563,0.118978,-0.00124155,0.000152436,-0.992896,-4314990.0,813649.0,5804370.0,5957.21,622.156,4341.88,1.02219,-0.89826,1.0428,-0.00654952,0.0107141,-0.00823887,0.0150189,303,303,303,23.6137,-23.7221,30.7002,-0.21,0.21,-0.21,1.89834,-1.59134,1.75815,0,0,0,0,0,0,0.00276173,0.00920403,0.00527578,-4314990.0,813648.0,5804370.0,5958.41,621.865,4342.13,-4314990.0,813649.0,5804370.0,5957.21,622.156,4341.88,7275100.0,0.000423142,98.0396,-179.918,-129.367,-176.982,8,1,1443356058,303258,2386,528849,0.814767,0.185233,439.55,0,0.0,0,0,0,0,-0.00654952,0.0107141,-0.00823887,0.0150189,1,0,302.2,0.00689456,0.393121,-0.637843,-0.354376,-0.559491,2.62214e-05,-1.87439e-05,1.8974e-05,2.62214e-05,1.87439e-05,-1.8974e-05,303,-0.124909,-0.996959,-0.0052443,-0.0777512,2,2,2,2,2,0,0,0,0,0,1,1,1,303,1.4966,10_36.0_50,Firesat_Attack_RWA,2025-08-28 20:59:17.074,2025-08-28 20:59:16.944,2071-06-24 12:14:00,-24.31037006428278,52.7513647610022,36.0,50.0,attack_rwa,Firesat_Attack_RWA_10_36.0_50,baseline
304,2025,10,0,12,14,19,0.921674,-0.424758,900046,76.5311,-68.5336,102.0,0.0,0.0,0.0,0.527469,0.841434,0.0690903,0.0948252,0.119015,-0.00124155,0.000152481,-0.992892,-4309040.0,814273.0,5808710.0,5961.67,621.05,4335.89,1.01336,-0.897906,1.03879,-0.00935184,0.0153791,-0.0110412,0.021116,304,304,304,33.9895,-34.0998,41.076,-0.21,0.21,-0.21,1.82151,-1.4924,1.68512,0,0,0,0,0,0,0.00262128,0.00924313,0.00543475,-4309030.0,814271.0,5808710.0,5962.85,621.029,4336.14,-4309040.0,814273.0,5808710.0,5961.67,621.05,4335.89,7275110.0,0.000422861,98.0396,-179.918,-128.967,-177.324,8,1,1443356059,303259,2386,528886,0.814824,0.185176,438.925,0,0.0,0,0,0,0,-0.00935184,0.0153791,-0.0110412,0.021116,1,0,303.2,0.0114244,0.392449,-0.634873,-0.359139,-0.560303,2.61213e-05,-1.86923e-05,1.9192e-05,2.61213e-05,1.86923e-05,-1.9192e-05,304,-0.124909,-0.996213,-0.0101965,-0.0863438,2,2,2,2,2,0,0,0,0,0,1,1,1,304,1.48726,10_36.0_50,Firesat_Attack_RWA,2025-08-28 20:59:17.074,2025-08-28 20:59:16.944,2071-06-24 12:14:01,-24.33684071441782,52.80803028694064,36.0,50.0,attack_rwa,Firesat_Attack_RWA_10_36.0_50,baseline
305,2025,10,0,12,14,20,0.922662,-0.425221,900048,76.5311,-68.5336,102.0,0.0,0.0,0.0,0.530774,0.838441,0.0762246,0.0973956,0.119051,-0.00124154,0.000152526,-0.992887,-4303070.0,814906.0,5813040.0,5966.0,620.336,4329.74,1.00353,-0.894622,1.0325,-0.0121545,0.0200432,-0.0138443,0.0272236,305,305,305,44.3653,-44.4775,51.4519,-0.21,0.21,-0.21,1.74269,-1.38758,1.60698,0,0,0,0,0,0,0.00243046,0.0092821,0.0056344,-4303070.0,814894.0,5813040.0,5967.28,620.206,4330.13,-4303070.0,814906.0,5813040.0,5966.0,620.336,4329.74,7275070.0,0.000427874,98.0397,-179.918,-128.727,-177.505,8,1,1443356060,303260,2386,528922,0.81488,0.18512,437.905,0,0.0,0,0,0,0,-0.0121545,0.0200432,-0.0138443,0.0272236,1,0,304.2,0.0175937,0.391064,-0.630947,-0.366879,-0.560692,2.59795e-05,-1.86255e-05,1.94771e-05,2.59795e-05,1.86255e-05,-1.94771e-05,305,-0.124907,-0.994953,-0.019773,-0.0983698,2,2,2,2,2,0,0,0,0,0,1,1,1,305,1.47436,10_36.0_50,Firesat_Attack_RWA,2025-08-28 20:59:17.074,2025-08-28 20:59:16.944,2071-06-24 12:14:02,-24.36336866033238,52.86463851709957,36.0,50.0,attack_rwa,Firesat_Attack_RWA_10_36.0_50,baseline
306,2025,10,0,12,14,21,0.923651,-0.425686,900045,76.5311,-68.5336,102.0,0.0,0.0,0.0,0.535047,0.834249,0.0858359,0.101909,0.119087,-0.00124154,0.000152571,-0.992883,-4297110.0,815524.0,5817370.0,5970.28,619.653,4323.6,0.990086,-0.888326,1.02624,-0.0149575,0.0247062,-0.0166481,0.0333358,306,306,306,54.7411,-54.8552,61.8277,-0.21,0.21,-0.21,1.65663,-1.27685,1.52899,0,0,0,0,0,0,0.00218653,0.00931847,0.00587266,-4297100.0,815520.0,5817370.0,5971.73,619.404,4324.1,-4297110.0,815524.0,5817370.0,5970.28,619.653,4323.6,7275070.0,0.000428497,98.04,-179.917,-129.056,-177.118,8,1,1443356061,303261,2386,528959,0.814936,0.185064,436.341,0,0.0,0,0,0,0,-0.0149575,0.0247062,-0.0166481,0.0333358,1,0,305.2,0.0243787,0.389051,-0.624924,-0.377203,-0.561985,2.57917e-05,-1.85475e-05,1.98274e-05,2.57917e-05,1.85475e-05,-1.98274e-05,306,-0.124903,-0.992699,-0.0313714,-0.116463,2,2,2,2,2,0,0,0,0,0,1,1,1,306,1.45524,10_36.0_50,Firesat_Attack_RWA,2025-08-28 20:59:17.074,2025-08-28 20:59:16.944,2071-06-24 12:14:03,-24.39001119780596,52.921304043038,36.0,50.0,attack_rwa,Firesat_Attack_RWA_10_36.0_50,baseline
307,2025,10,0,12,14,22,0.92464,-0.426151,900049,76.5311,-68.5336,102.0,0.0,0.0,0.0,0.54058,0.828556,0.0978694,0.10812,0.119123,-0.00124153,0.000152617,-0.992879,-4291130.0,816157.0,5821700.0,5974.93,618.559,4317.71,0.97285,-0.879385,1.01907,-0.0177607,0.0293681,-0.0194526,0.0394504,307,307,307,65.1169,-65.2328,72.2035,-0.21,0.21,-0.21,1.56292,-1.16083,1.4474,0,0,0,0,0,0,0.00188606,0.00934792,0.00614588,-4291130.0,816143.0,5821690.0,5976.15,618.589,4318.09,-4291130.0,816157.0,5821700.0,5974.93,618.559,4317.71,7275050.0,0.000431096,98.0401,-179.917,-128.557,-177.559,8,1,1443356062,303262,2386,528995,0.814992,0.185008,434.046,0,0.0,0,0,0,0,-0.0177607,0.0293681,-0.0194526,0.0394504,1,0,306.2,0.0313944,0.386682,-0.616698,-0.390234,-0.563807,2.55528e-05,-1.84628e-05,2.02404e-05,2.55528e-05,1.84628e-05,-2.02404e-05,307,-0.1249,-0.989096,-0.0449798,-0.140235,2,2,2,2,2,0,0,0,0,0,1,1,1,307,1.43021,10_36.0_50,Firesat_Attack_RWA,2025-08-28 20:59:17.074,2025-08-28 20:59:16.944,2071-06-24 12:14:04,-24.416653735279542,52.97796956897644,36.0,50.0,attack_rwa,Firesat_Attack_RWA_10_36.0_50,baseline
308,2025,10,0,12,14,23,0.925629,-0.426618,900051,76.5311,-68.5336,102.0,0.0,0.0,0.0,0.547181,0.821468,0.111701,0.115353,0.119159,-0.00124153,0.000152662,-0.992874,-4285130.0,816762.0,5826010.0,5979.39,617.867,4311.36,0.952693,-0.868581,1.01026,-0.020564,0.0340291,-0.0222581,0.0455662,308,308,308,75.4927,-75.6105,82.5793,-0.21,0.21,-0.21,1.46352,-1.04105,1.36555,0,0,0,0,0,0,0.0015259,0.00936622,0.00644959,-4285150.0,816766.0,5826010.0,5980.61,617.784,4312.1,-4285130.0,816762.0,5826010.0,5979.39,617.867,4311.36,7275150.0,0.000418357,98.0403,-179.917,-128.211,-177.847,8,1,1443356063,303263,2386,529031,0.815047,0.184953,430.799,0,0.0,0,0,0,0,-0.020564,0.0340291,-0.0222581,0.0455662,1,0,307.2,0.0367381,0.384155,-0.606744,-0.40535,-0.565666,2.52569e-05,-1.83773e-05,2.07124e-05,2.52569e-05,1.83773e-05,-2.07124e-05,308,-0.124897,-0.983966,-0.0600324,-0.167947,2,2,2,2,2,0,0,0,0,0,1,1,1,308,1.40101,10_36.0_50,Firesat_Attack_RWA,2025-08-28 20:59:17.074,2025-08-28 20:59:16.944,2071-06-24 12:14:05,-24.443410864312156,53.03463509491488,36.0,50.0,attack_rwa,Firesat_Attack_RWA_10_36.0_50,baseline
309,2025,10,0,12,14,24,0.926618,-0.427084,900044,76.5311,-68.5336,102.0,0.0,0.0,0.0,0.554091,0.813257,0.127813,0.123535,0.119196,-0.00124152,0.000152707,-0.99287,-4279160.0,817368.0,5830300.0,5983.6,616.994,4305.84,0.930512,-0.854281,1.00024,-0.0233673,0.0386891,-0.0250644,0.0516827,309,309,309,85.8685,-85.9882,92.9551,-0.21,0.21,-0.21,1.35999,-0.914293,1.27939,0,0,0,0,0,0,0.00110151,0.00936736,0.00677887,-4279160.0,817380.0,5830320.0,5985.08,616.914,4306.06,-4279160.0,817368.0,5830300.0,5983.6,616.994,4305.84,7275180.0,0.000412581,98.0402,-179.917,-129.007,-176.992,8,1,1443356064,303264,2386,529067,0.815102,0.184898,426.344,0,0.0,0,0,0,0,-0.0233673,0.0386891,-0.0250644,0.0516827,1,0,308.2,0.0420363,0.380574,-0.595324,-0.422512,-0.567659,2.48975e-05,-1.82976e-05,2.12389e-05,2.48975e-05,1.82976e-05,-2.12389e-05,309,-0.124899,-0.976746,-0.077176,-0.200029,2,2,2,2,2,0,0,0,0,0,1,1,1,309,1.36722,10_36.0_50,Firesat_Attack_RWA,2025-08-28 20:59:17.074,2025-08-28 20:59:16.944,2071-06-24 12:14:06,-24.470110697565254,53.09130062085332,36.0,50.0,attack_rwa,Firesat_Attack_RWA_10_36.0_50,baseline
310,2025,10,0,12,14,25,0.927606,-0.427551,900040,76.5311,-68.5336,102.0,0.0,0.0,0.0,0.562191,0.803053,0.145944,0.133218,0.119232,-0.00124152,0.000152752,-0.992866,-4273180.0,817987.0,5834600.0,5987.87,615.866,4299.52,0.904061,-0.837546,0.988218,-0.0261705,0.0433482,-0.0278717,0.0577996,310,310,310,96.2444,-96.3658,103.331,-0.21,0.21,-0.21,1.24784,-0.782698,1.18714,0,0,0,0,0,0,0.000610023,0.00934534,0.00712635,-4273180.0,817991.0,5834610.0,5989.48,616.029,4299.98,-4273180.0,817987.0,5834600.0,5987.87,615.866,4299.52,7275080.0,0.000426466,98.04,-179.917,-129.611,-176.33,8,1,1443356065,303265,2386,529102,0.815157,0.184843,420.398,0,0.0,0,0,0,0,-0.0261705,0.0433482,-0.0278717,0.0577996,1,0,309.2,0.048672,0.37681,-0.581412,-0.442009,-0.569739,2.44679e-05,-1.82315e-05,2.1814e-05,2.44679e-05,1.82315e-05,-2.1814e-05,310,-0.124903,-0.966797,-0.0949754,-0.237243,2,1,2,2,2,0,0,0,0,0,1,1,1,310,1.32782,10_36.0_50,Firesat_Attack_RWA,2025-08-28 20:59:17.074,2025-08-28 20:59:16.944,2071-06-24 12:14:07,-24.49686782659786,53.14790885101225,36.0,50.0,attack_rwa,Firesat_Attack_RWA_10_36.0_50,baseline
311,2025,10,0,12,14,26,0.928594,-0.428019,900038,76.5311,-68.5336,102.0,0.0,0.0,0.0,0.57064,0.791093,0.166795,0.143949,0.119268,-0.00124151,0.000152798,-0.992861,-4267190.0,818604.0,5838910.0,5992.23,615.449,4293.72,0.874773,-0.81643,0.973913,-0.0289735,0.0480066,-0.03068,0.0639168,311,311,311,106.62,-106.744,113.707,-0.21,0.21,-0.21,1.13002,-0.642411,1.0897,0,0,0,0,0,0,4.80442e-05,0.00929289,0.00748389,-4267190.0,818605.0,5838910.0,5993.88,615.17,4293.92,-4267190.0,818604.0,5838910.0,5992.23,615.449,4293.72,7275010.0,0.000436039,98.04,-179.917,-129.819,-176.064,8,1,1443356066,303266,2386,529137,0.81521,0.18479,412.652,0,0.0,0,0,0,0,-0.0289735,0.0480066,-0.03068,0.0639168,1,0,310.2,0.0552958,0.371771,-0.56546,-0.463936,-0.571668,2.39613e-05,-1.81878e-05,2.24303e-05,2.39613e-05,1.81878e-05,-2.24303e-05,311,-0.124904,-0.953245,-0.114708,-0.279582,2,1,2,2,2,0,0,0,0,0,1,1,1,311,1.28272,10_36.0_50,Firesat_Attack_RWA,2025-08-28 20:59:17.074,2025-08-28 20:59:16.944,2071-06-24 12:14:08,-24.523682251409983,53.20451708117117,36.0,50.0,attack_rwa,Firesat_Attack_RWA_10_36.0_50,baseline
312,2025,10,0,12,14,27,0.929582,-0.428488,900038,76.5311,-68.5336,102.0,0.0,0.0,0.0,0.579568,0.777133,0.189414,0.155843,0.119304,-0.0012415,0.000152843,-0.992857,-4261200.0,819216.0,5843190.0,5996.62,614.78,4287.48,0.841787,-0.79228,0.957232,-0.0317761,0.0526642,-0.0334894,0.0700341,312,312,312,116.996,-117.121,124.083,-0.21,0.21,-0.21,1.00487,-0.495953,0.988542,0,0,0,0,0,0,-0.00058678,0.00920291,0.00784215,-4261190.0,819219.0,5843200.0,5998.27,614.319,4287.88,-4261200.0,819216.0,5843190.0,5996.62,614.78,4287.48,7275000.0,0.000437933,98.0399,-179.917,-129.734,-176.091,8,1,1443356067,303267,2386,529171,0.815263,0.184737,402.778,0,0.0,0,0,0,0,-0.0317761,0.0526642,-0.0334894,0.0700341,1,0,311.2,0.060919,0.366111,-0.547203,-0.487586,-0.573404,2.33711e-05,-1.8176e-05,2.30786e-05,2.33711e-05,1.8176e-05,-2.30786e-05,312,-0.124904,-0.93574,-0.134191,-0.326166,2,1,2,2,2,0,0,0,0,0,1,1,1,312,1.23254,10_36.0_50,Firesat_Attack_RWA,2025-08-28 20:59:17.074,2025-08-28 20:59:16.944,2071-06-24 12:14:09,-24.550553972001616,53.26112531133009,36.0,50.0,attack_rwa,Firesat_Attack_RWA_10_36.0_50,baseline
313,2025,10,0,12,14,28,0.93057,-0.428959,900036,76.5311,-68.5336,102.0,0.0,0.0,0.0,0.58866,0.761112,0.213517,0.169111,0.11934,-0.0012415,0.000152888,-0.992853,-4255200.0,819831.0,5847480.0,6001.32,613.78,4281.42,0.804757,-0.764932,0.938509,-0.034578,0.0573213,-0.0362999,0.0761515,313,313,313,127.372,-127.499,134.458,-0.21,0.21,-0.21,0.871568,-0.343208,0.881106,0,0,0,0,0,0,-0.00129543,0.00906728,0.00818941,-4255190.0,819832.0,5847480.0,6002.66,613.464,4281.8,-4255200.0,819831.0,5847480.0,6001.32,613.78,4281.42,7274920.0,0.000448465,98.0399,-179.917,-130.0,-175.767,8,1,1443356068,303268,2386,529204,0.815314,0.184686,390.44,0,0.0,0,0,0,0,-0.034578,0.0573213,-0.0362999,0.0761515,1,0,312.2,0.0662256,0.359734,-0.526468,-0.512545,-0.575083,2.26915e-05,-1.82065e-05,2.37476e-05,2.26915e-05,1.82065e-05,-2.37476e-05,313,-0.124905,-0.913676,-0.152231,-0.376858,2,0,1,2,2,0,0,0,0,0,1,1,1,313,1.17708,10_36.0_50,Firesat_Attack_RWA,2025-08-28 20:59:17.074,2025-08-28 20:59:16.944,2071-06-24 12:14:10,-24.57754028415228,53.31773354148902,36.0,50.0,attack_rwa,Firesat_Attack_RWA_10_36.0_50,baseline
314,2025,10,0,12,14,29,0.931558,-0.42943,900039,76.5311,-68.5336,102.0,0.0,0.0,0.0,0.598313,0.742104,0.240274,0.183226,0.119377,-0.00124149,0.000152933,-0.992848,-4249210.0,820439.0,5851760.0,6005.87,612.751,4275.42,0.763538,-0.732916,0.915187,-0.0373791,0.0619289,-0.0391116,0.0822321,314,314,314,137.748,-137.782,144.834,-0.21,0.181621,-0.21,0.729925,-0.182152,0.764473,0,0,0,0,0,0,-0.00226927,0.00887752,0.00868462,-4249190.0,820444.0,5851760.0,6007.02,612.61,4275.77,-4249210.0,820439.0,5851760.0,6005.87,612.751,4275.42,7274890.0,0.00045292,98.0399,-179.917,-129.565,-176.143,8,1,1443356069,303269,2386,529236,0.815363,0.184637,375.304,0,0.0,0,0,0,0,-0.0373791,0.0619289,-0.0391116,0.0822321,1,0,313.2,0.0740179,0.352294,-0.502802,-0.539999,-0.575743,2.19178e-05,-1.82906e-05,2.44239e-05,2.19178e-05,1.82906e-05,-2.44239e-05,314,-0.124906,-0.885565,-0.170403,-0.432132,2,0,1,2,2,0,0,0,0,0,1,1,1,314,1.11528,10_36.0_50,Firesat_Attack_RWA,2025-08-28 20:59:17.074,2025-08-28 20:59:16.944,2071-06-24 12:14:11,-24.60452659630294,53.37434177164794,36.0,50.0,attack_rwa,Firesat_Attack_RWA_10_36.0_50,baseline
315,2025,10,0,12,14,30,0.932546,-0.429903,900046,76.5311,-68.5336,102.0,0.0,0.0,0.0,0.607367,0.720798,0.268825,0.198214,0.119413,-0.00124149,0.000152979,-0.992844,-4243200.0,821063.0,5856040.0,6009.69,612.063,4269.53,0.719072,-0.696133,0.888817,-0.0401792,0.0640888,-0.0419243,0.0864834,315,315,315,148.123,-142.772,155.21,-0.21,0.0624635,-0.21,0.58177,-0.0629948,0.640194,0,0,0,0,0,0,-0.00531353,0.00861863,0.0108058,-4243190.0,821055.0,5856030.0,6011.36,611.755,4269.74,-4243200.0,821063.0,5856040.0,6009.69,612.063,4269.53,7274850.0,0.000458277,98.0398,-179.918,-128.779,-176.871,8,1,1443356070,303270,2386,529266,0.81541,0.18459,357.293,0,0.0,0,0,0,0,-0.0401792,0.0640888,-0.0419243,0.0864834,1,0,314.2,0.0793974,0.343334,-0.476752,-0.56858,-0.5758,2.10739e-05,-1.84392e-05,2.50697e-05,2.10739e-05,1.84392e-05,-2.50697e-05,315,-0.124907,-0.851129,-0.186953,-0.490538,2,0,1,2,2,0,0,0,0,0,1,1,1,315,1.04816,10_36.0_50,Firesat_Attack_RWA,2025-08-28 20:59:17.074,2025-08-28 20:59:16.944,2071-06-24 12:14:12,-24.63162750001263,53.43095000180687,36.0,50.0,attack_rwa,Firesat_Attack_RWA_10_36.0_50,baseline
316,2025,10,0,12,14,31,0.933534,-0.430377,900047,76.5311,-68.5336,102.0,0.0,0.0,0.0,0.616348,0.696733,0.298537,0.213434,0.119449,-0.00124148,0.000153024,-0.99284,-4237170.0,821668.0,5860290.0,6014.12,611.08,4263.3,0.671235,-0.656048,0.857713,-0.0429779,0.0639399,-0.0447376,0.0890891,316,316,316,158.499,-142.573,165.586,-0.21,-0.0146648,-0.21,0.426992,0.0141455,0.508168,0,0,0,0,0,0,-0.00770435,0.00826551,0.0121044,-4237180.0,821669.0,5860300.0,6015.73,610.928,4263.69,-4237170.0,821668.0,5860290.0,6014.12,611.08,4263.3,7274840.0,0.000460018,98.0399,-179.917,-128.586,-177.006,8,1,1443356071,303271,2386,529295,0.815454,0.184546,336.913,0,0.0,0,0,0,0,-0.0429779,0.0639399,-0.0447376,0.0890891,1,0,315.2,0.084251,0.333649,-0.448309,-0.59807,-0.574465,2.02308e-05,-1.86591e-05,2.56181e-05,2.02308e-05,1.86591e-05,-2.56181e-05,316,-0.124905,-0.810524,-0.20082,-0.550202,2,0,0,2,2,0,0,0,0,0,1,1,1,316,0.976987,10_36.0_50,Firesat_Attack_RWA,2025-08-28 20:59:17.074,2025-08-28 20:59:16.944,2071-06-24 12:14:13,-24.65878569950183,53.48755823196579,36.0,50.0,attack_rwa,Firesat_Attack_RWA_10_36.0_50,baseline
317,2025,10,0,12,14,32,0.934522,-0.430852,900045,76.5311,-68.5336,102.0,0.0,0.0,0.0,0.625271,0.669928,0.328444,0.228816,0.119485,-0.00124148,0.000153069,-0.992835,-4231170.0,822275.0,5864570.0,6018.93,610.357,4257.21,0.619798,-0.613961,0.821997,-0.0457751,0.0623019,-0.0475513,0.0907635,317,317,317,168.875,-139.026,175.962,-0.21,-0.0643684,-0.21,0.26493,0.0638735,0.363565,0,0,0,0,0,0,-0.00962396,0.00780182,0.0128716,-4231160.0,822279.0,5864560.0,6020.13,610.069,4257.62,-4231170.0,822275.0,5864570.0,6018.93,610.357,4257.21,7274850.0,0.000459047,98.0399,-179.917,-128.857,-176.677,8,1,1443356072,303272,2386,529322,0.815496,0.184504,314.75,0,0.0,0,0,0,0,-0.0457751,0.0623019,-0.0475513,0.0907635,1,0,316.2,0.0878509,0.323805,-0.41753,-0.627687,-0.57169,1.94484e-05,-1.89513e-05,2.60282e-05,1.94484e-05,1.89513e-05,-2.60282e-05,317,-0.124906,-0.76439,-0.210024,-0.609588,1,0,0,2,2,0,0,0,0,0,1,1,1,317,0.902753,10_36.0_50,Firesat_Attack_RWA,2025-08-28 20:59:17.074,2025-08-28 20:59:16.944,2071-06-24 12:14:14,-24.686001194770547,53.54416646212472,36.0,50.0,attack_rwa,Firesat_Attack_RWA_10_36.0_50,baseline
318,2025,10,0,12,14,33,0.935509,-0.431328,900050,76.5311,-68.5336,102.0,0.0,0.0,0.0,0.63461,0.640353,0.358226,0.242676,0.119521,-0.00124147,0.000153115,-0.992831,-4225160.0,822896.0,5868810.0,6023.07,609.58,4251.19,0.566691,-0.571325,0.779009,-0.047819,0.0597288,-0.050365,0.0916014,318,318,318,176.572,-133.373,186.338,-0.114477,-0.0955294,-0.205321,0.115397,0.0951772,0.20403,0,0,0,0,0,0,-0.0111745,0.0057063,0.0121721,-4225140.0,822888.0,5868820.0,6024.46,609.218,4251.57,-4225160.0,822896.0,5868810.0,6023.07,609.58,4251.19,7274820.0,0.000462724,98.0399,-179.917,-128.313,-177.163,8,1,1443356073,303273,2386,529348,0.815535,0.184465,291.393,0,0.0,0,0,0,0,-0.047819,0.0597288,-0.050365,0.0916014,1,0,317.2,0.0903614,0.314372,-0.385354,-0.657439,-0.56608,1.87733e-05,-1.93046e-05,2.62847e-05,1.87733e-05,1.93046e-05,-2.62847e-05,318,-0.124906,-0.714177,-0.215556,-0.665948,1,0,0,2,2,0,0,0,0,0,1,1,1,318,0.828171,10_36.0_50,Firesat_Attack_RWA,2025-08-28 20:59:17.074,2025-08-28 20:59:16.944,2071-06-24 12:14:15,-24.71327398581877,53.60071739650413,36.0,50.0,attack_rwa,Firesat_Attack_RWA_10_36.0_50,baseline
319,2025,10,0,12,14,34,0.936497,-0.431806,900052,76.5311,-68.5336,102.0,0.0,0.0,0.0,0.643661,0.608844,0.387637,0.254454,0.119558,-0.00124146,0.00015316,-0.992826,-4219110.0,823510.0,5873080.0,6027.8,608.631,4245.34,0.513957,-0.528048,0.729417,-0.0482039,0.0565611,-0.0519128,0.0906516,319,319,319,178.171,-126.381,192.196,-0.00066257,-0.115401,-0.0574538,0.00149419,0.115092,0.0563455,0,0,0,0,0,0,-0.0106387,0.00458203,0.010761,-4219120.0,823502.0,5873060.0,6028.8,608.4,4245.49,-4219110.0,823510.0,5873080.0,6027.8,608.631,4245.34,7274780.0,0.000469252,98.0401,-179.917,-128.05,-177.367,8,1,1443356074,303274,2386,529371,0.815571,0.184429,267.443,0,0.0,0,0,0,0,-0.0482039,0.0565611,-0.0519128,0.0906516,1,0,318.2,0.0911891,0.304917,-0.352787,-0.686722,-0.557655,1.82307e-05,-1.96853e-05,2.64055e-05,1.82307e-05,1.96853e-05,-2.64055e-05,319,-0.124903,-0.660985,-0.218064,-0.718016,1,0,0,2,2,0,0,0,0,0,1,1,1,319,0.754656,10_36.0_50,Firesat_Attack_RWA,2025-08-28 20:59:17.074,2025-08-28 20:59:16.944,2071-06-24 12:14:16,-24.74066136842603,53.65732562666306,36.0,50.0,attack_rwa,Firesat_Attack_RWA_10_36.0_50,baseline
320,2025,10,0,12,14,35,0.937485,-0.432286,900052,76.5311,-68.5336,102.0,0.0,0.0,0.0,0.653144,0.575215,0.415093,0.265007,0.119594,-0.00124146,0.000153205,-0.992822,-4213080.0,824117.0,5877290.0,6031.8,607.611,4239.01,0.459265,-0.486887,0.674265,-0.0471877,0.0530934,-0.0515932,0.0877921,320,320,320,174.55,-118.705,191.124,0.0874377,-0.124935,0.0595787,-0.0867059,0.12467,-0.0605209,0,0,0,0,0,0,-0.00990938,0.00364389,0.00944668,-4213080.0,824114.0,5877310.0,6033.2,607.577,4239.44,-4213080.0,824117.0,5877290.0,6031.8,607.611,4239.01,7274870.0,0.000456417,98.0402,-179.917,-128.015,-177.344,8,1,1443356075,303275,2386,529392,0.815604,0.184396,243.576,0,0.0,0,0,0,0,-0.0471877,0.0530934,-0.0515932,0.0877921,1,0,319.2,0.0913553,0.296936,-0.319187,-0.714652,-0.547011,1.78078e-05,-2.00736e-05,2.6423e-05,1.78078e-05,2.00736e-05,-2.6423e-05,320,-0.124901,-0.606982,-0.213853,-0.765402,0,0,0,2,1,0,0,0,0,0,1,1,1,320,0.682484,10_36.0_50,Firesat_Attack_RWA,2025-08-28 20:59:17.074,2025-08-28 20:59:16.944,2071-06-24 12:14:17,-24.768163342592302,53.71393385682198,36.0,50.0,attack_rwa,Firesat_Attack_RWA_10_36.0_50,baseline
321,2025,10,0,12,14,36,0.938472,-0.432765,900044,76.5311,-68.5336,102.0,0.0,0.0,0.0,0.66177,0.541017,0.441278,0.273195,0.11963,-0.00124145,0.00015325,-0.992818,-4207060.0,824697.0,5881540.0,6036.08,606.739,4233.17,0.407028,-0.446232,0.614506,-0.045163,0.0494696,-0.0497815,0.0834574,321,321,321,167.16,-110.672,184.495,0.149488,-0.129922,0.157188,-0.148844,0.129701,-0.157991,0,0,0,0,0,0,-0.00927728,0.00284524,0.00835853,-4207050.0,824719.0,5881540.0,6037.55,606.71,4233.31,-4207060.0,824697.0,5881540.0,6036.08,606.739,4233.17,7274800.0,0.000465534,98.0402,-179.917,-128.873,-176.428,8,1,1443356076,303276,2386,529411,0.815634,0.184366,220.372,0,0.0,0,0,0,0,-0.045163,0.0494696,-0.0497815,0.0834574,1,0,320.2,0.0893707,0.288983,-0.286477,-0.741049,-0.534103,1.7482e-05,-2.04576e-05,2.63673e-05,1.7482e-05,2.04576e-05,-2.63673e-05,321,-0.124901,-0.552987,-0.206874,-0.807099,0,0,0,2,1,0,0,0,0,0,1,1,1,321,0.613561,10_36.0_50,Firesat_Attack_RWA,2025-08-28 20:59:17.074,2025-08-28 20:59:16.944,2071-06-24 12:14:18,-24.79560802097907,53.77048479120139,36.0,50.0,attack_rwa,Firesat_Attack_RWA_10_36.0_50,baseline
322,2025,10,0,12,14,37,0.93946,-0.433244,900047,76.5311,-68.5336,102.0,0.0,0.0,0.0,0.669373,0.506833,0.465441,0.280043,0.119666,-0.00124145,0.000153296,-0.992813,-4201010.0,825338.0,5885780.0,6040.54,606.1,4226.73,0.356365,-0.406897,0.552569,-0.042535,0.0457978,-0.0471407,0.0782874,322,322,322,157.516,-102.523,174.737,0.195959,-0.131455,0.21,-0.195359,0.131312,-0.249466,0,0,0,0,0,0,-0.00911961,0.0017636,0.0073831,-4201010.0,825319.0,5885770.0,6041.88,605.811,4227.24,-4201010.0,825338.0,5885780.0,6040.54,606.1,4226.73,7274780.0,0.000468825,98.0399,-179.917,-128.519,-176.723,8,1,1443356077,303277,2386,529429,0.81566,0.18434,198.278,0,0.0,0,0,0,0,-0.042535,0.0457978,-0.0471407,0.0782874,1,0,321.2,0.0861959,0.281352,-0.254547,-0.765204,-0.520105,1.72328e-05,-2.08293e-05,2.62615e-05,1.72328e-05,2.08293e-05,-2.62615e-05,322,-0.124907,-0.500204,-0.195712,-0.8435,0,0,0,2,1,0,0,0,0,0,1,1,1,322,0.547709,10_36.0_50,Firesat_Attack_RWA,2025-08-28 20:59:17.074,2025-08-28 20:59:16.944,2071-06-24 12:14:19,-24.82305269936584,53.82709302136032,36.0,50.0,attack_rwa,Firesat_Attack_RWA_10_36.0_50,baseline
323,2025,10,0,12,14,38,0.940448,-0.433728,900051,76.5311,-68.5336,102.0,0.0,0.0,0.0,0.675343,0.473958,0.487141,0.286303,0.119702,-0.00124144,0.000153341,-0.992809,-4194970.0,825943.0,5890000.0,6044.67,605.156,4220.89,0.308032,-0.369108,0.491584,-0.039764,0.0421498,-0.0443495,0.0729703,323,323,323,147.287,-94.4201,164.362,0.21,-0.130367,0.21,-0.233987,0.130295,-0.330664,0,0,0,0,0,0,-0.0095274,0.000913531,0.00695881,-4194970.0,825934.0,5890000.0,6046.22,605.024,4221.19,-4194970.0,825943.0,5890000.0,6044.67,605.156,4220.89,7274850.0,0.000459914,98.0402,-179.917,-127.995,-177.189,8,1,1443356078,303278,2386,529445,0.815685,0.184315,177.579,0,0.0,0,0,0,0,-0.039764,0.0421498,-0.0443495,0.0729703,1,0,322.2,0.080665,0.273795,-0.224027,-0.786404,-0.506377,1.70486e-05,-2.11802e-05,2.6122e-05,1.70486e-05,2.11802e-05,-2.6122e-05,323,-0.1249,-0.449759,-0.180719,-0.874676,0,0,0,2,1,0,0,0,0,0,1,1,1,323,0.485508,10_36.0_50,Firesat_Attack_RWA,2025-08-28 20:59:17.074,2025-08-28 20:59:16.944,2071-06-24 12:14:20,-24.85078385665017,53.88370125151924,36.0,50.0,attack_rwa,Firesat_Attack_RWA_10_36.0_50,baseline
324,2025,10,0,12,14,39,0.941435,-0.434211,900053,76.5311,-68.5336,102.0,0.0,0.0,0.0,0.680803,0.442076,0.506505,0.290737,0.119739,-0.00124144,0.000153386,-0.992805,-4188940.0,826529.0,5894220.0,6049.12,604.445,4214.95,0.262926,-0.334384,0.429006,-0.036955,0.0386205,-0.0415572,0.0677069,324,324,324,136.911,-86.5732,153.986,0.21,-0.125613,0.21,-0.265369,0.125595,-0.416178,0,0,0,0,0,0,-0.00978608,0.000193363,0.00654044,-4188920.0,826541.0,5894220.0,6050.54,604.186,4215.1,-4188940.0,826529.0,5894220.0,6049.12,604.445,4214.95,7274820.0,0.000463079,98.0403,-179.917,-127.753,-177.373,8,1,1443356079,303279,2386,529459,0.815706,0.184294,158.421,0,0.0,0,0,0,0,-0.036955,0.0386205,-0.0415572,0.0677069,1,0,323.2,0.0759232,0.267162,-0.195368,-0.805398,-0.491722,1.69243e-05,-2.15047e-05,2.59587e-05,1.69243e-05,2.15047e-05,-2.59587e-05,324,-0.124899,-0.403285,-0.163759,-0.900302,0,0,0,1,1,0,0,0,0,0,1,1,1,324,0.428648,10_36.0_50,Firesat_Attack_RWA,2025-08-28 20:59:17.074,2025-08-28 20:59:16.944,2071-06-24 12:14:21,-24.87845771815499,53.94025218589866,36.0,50.0,attack_rwa,Firesat_Attack_RWA_10_36.0_50,baseline
325,2025,10,0,12,14,40,0.942422,-0.434693,900056,76.5311,-68.5336,102.0,0.0,0.0,0.0,0.684564,0.412518,0.523847,0.294593,0.119775,-0.00124143,0.000153431,-0.9928,-4182870.0,827133.0,5898430.0,6053.34,603.433,4208.86,0.221785,-0.30106,0.368849,-0.0341462,0.0352264,-0.0387641,0.0625261,325,325,325,126.536,-79.0246,143.61,0.21,-0.12102,0.21,-0.2889,0.121046,-0.500025,0,0,0,0,0,0,-0.00997629,-0.000471227,0.00612311,-4182880.0,827139.0,5898430.0,6054.82,603.292,4209.0,-4182870.0,827133.0,5898430.0,6053.34,603.433,4208.86,7274750.0,0.000474307,98.0401,-179.917,-127.449,-177.619,8,1,1443356080,303280,2386,529471,0.815725,0.184275,140.872,0,0.0,0,0,0,0,-0.0341462,0.0352264,-0.0387641,0.0625261,1,0,324.2,0.0693854,0.260296,-0.168943,-0.82176,-0.477927,1.68527e-05,-2.17995e-05,2.57802e-05,1.68527e-05,2.17995e-05,-2.57802e-05,325,-0.124903,-0.359925,-0.145793,-0.92152,0,0,0,1,1,0,0,0,0,0,1,1,1,325,0.376147,10_36.0_50,Firesat_Attack_RWA,2025-08-28 20:59:17.074,2025-08-28 20:59:16.944,2071-06-24 12:14:22,-24.906074283880294,53.99680312027807,36.0,50.0,attack_rwa,Firesat_Attack_RWA_10_36.0_50,baseline
326,2025,10,0,12,14,41,0.943409,-0.435178,900052,76.5311,-68.5336,102.0,0.0,0.0,0.0,0.687886,0.384164,0.539045,0.29776,0.119811,-0.00124143,0.000153477,-0.992796,-4176830.0,827741.0,5902620.0,6057.98,602.75,4202.85,0.182676,-0.270393,0.308828,-0.0313378,0.0320034,-0.03597,0.0574467,326,326,326,116.16,-71.852,133.234,0.21,-0.114789,0.21,-0.308404,0.11485,-0.585514,0,0,0,0,0,0,-0.0100764,-0.00107859,0.00569455,-4176820.0,827739.0,5902630.0,6059.14,602.422,4202.87,-4176830.0,827741.0,5902620.0,6057.98,602.75,4202.85,7274710.0,0.000478849,98.0401,-179.917,-127.878,-177.132,8,1,1443356081,303281,2386,529482,0.815742,0.184258,124.943,0,0.0,0,0,0,0,-0.0313378,0.0320034,-0.03597,0.0574467,1,0,325.2,0.064995,0.2543,-0.143901,-0.836115,-0.464258,1.6826e-05,-2.20629e-05,2.55946e-05,1.6826e-05,2.20629e-05,-2.55946e-05,326,-0.124904,-0.320399,-0.125926,-0.938875,0,0,0,1,0,0,0,0,0,0,1,1,1,326,0.327782,10_36.0_50,Firesat_Attack_RWA,2025-08-28 20:59:17.074,2025-08-28 20:59:16.944,2071-06-24 12:14:23,-24.93386273694414,54.05335405465748,36.0,50.0,attack_rwa,Firesat_Attack_RWA_10_36.0_50,baseline
327,2025,10,0,12,14,42,0.944395,-0.435664,900050,76.5311,-68.5336,102.0,0.0,0.0,0.0,0.690307,0.357671,0.552629,0.300247,0.119847,-0.00124142,0.000153522,-0.992792,-4170760.0,828342.0,5906830.0,6062.28,601.711,4196.31,0.146911,-0.241444,0.249867,-0.0285299,0.0289531,-0.0331751,0.0524674,327,327,327,105.784,-65.0622,122.858,0.21,-0.108652,0.21,-0.321273,0.108738,-0.671485,0,0,0,0,0,0,-0.0101323,-0.00162969,0.00528361,-4170760.0,828342.0,5906830.0,6063.42,601.572,4196.72,-4170760.0,828342.0,5906830.0,6062.28,601.711,4196.31,7274600.0,0.000494323,98.0401,-179.917,-128.186,-176.766,8,1,1443356082,303282,2386,529492,0.815757,0.184243,110.6,0,0.0,0,0,0,0,-0.0285299,0.0289531,-0.0331751,0.0524674,1,0,326.2,0.0599505,0.248491,-0.120773,-0.848631,-0.4511,1.68357e-05,-2.22942e-05,2.5409e-05,1.68357e-05,2.22942e-05,-2.5409e-05,327,-0.124903,-0.284152,-0.105989,-0.952903,0,0,0,1,0,0,0,0,0,0,1,1,1,327,0.283576,10_36.0_50,Firesat_Attack_RWA,2025-08-28 20:59:17.074,2025-08-28 20:59:16.944,2071-06-24 12:14:24,-24.961708485787497,54.10984769325738,36.0,50.0,attack_rwa,Firesat_Attack_RWA_10_36.0_50,baseline
328,2025,10,0,12,14,43,0.945383,-0.436151,900050,76.5311,-68.5336,102.0,0.0,0.0,0.0,0.692381,0.333187,0.564585,0.301393,0.119883,-0.00124141,0.000153567,-0.992787,-4164680.0,828952.0,5911030.0,6066.38,600.802,4190.42,0.11528,-0.215346,0.190921,-0.0257225,0.0261075,-0.0303794,0.0476041,328,328,328,95.4082,-58.7244,112.483,0.21,-0.101209,0.21,-0.325928,0.101313,-0.760144,0,0,0,0,0,0,-0.0101209,-0.00212486,0.0048742,-4164690.0,828944.0,5911020.0,6067.75,600.722,4190.62,-4164680.0,828952.0,5911030.0,6066.38,600.802,4190.42,7274650.0,0.000487101,98.0402,-179.917,-128.16,-176.734,8,1,1443356083,303283,2386,529501,0.815771,0.184229,97.7747,0,0.0,0,0,0,0,-0.0257225,0.0261075,-0.0303794,0.0476041,1,0,327.2,0.0547022,0.243333,-0.100059,-0.859615,-0.437995,1.6873e-05,-2.24934e-05,2.52299e-05,1.6873e-05,2.24934e-05,-2.52299e-05,328,-0.124903,-0.252233,-0.087293,-0.963721,0,0,0,1,0,0,0,0,0,0,1,1,1,328,0.244872,10_36.0_50,Firesat_Attack_RWA,2025-08-28 20:59:17.074,2025-08-28 20:59:16.944,2071-06-24 12:14:25,-24.989611530410368,54.1664559234163,36.0,50.0,attack_rwa,Firesat_Attack_RWA_10_36.0_50,baseline
329,2025,10,0,12,14,44,0.94637,-0.43664,900052,76.5311,-68.5336,102.0,0.0,0.0,0.0,0.693486,0.310558,0.575155,0.303032,0.11992,-0.00124141,0.000153612,-0.992783,-4158640.0,829544.0,5915210.0,6070.8,599.826,4184.58,0.0855619,-0.190179,0.134526,-0.0229156,0.0234324,-0.027583,0.0428372,329,329,329,85.0324,-52.7673,102.107,0.21,-0.0955667,0.21,-0.326676,0.0956803,-0.842002,0,0,0,0,0,0,-0.0101103,-0.00256598,0.00450913,-4158620.0,829547.0,5915210.0,6072.07,599.882,4184.55,-4158640.0,829544.0,5915210.0,6070.8,599.826,4184.58,7274720.0,0.000476785,98.0402,-179.917,-127.8,-177.035,8,1,1443356084,303284,2386,529508,0.815783,0.184217,86.3734,0,0.0,0,0,0,0,-0.0229156,0.0234324,-0.027583,0.0428372,1,0,328.2,0.0501081,0.238175,-0.0805821,-0.868906,-0.426358,1.69295e-05,-2.26614e-05,2.50632e-05,1.69295e-05,2.26614e-05,-2.50632e-05,329,-0.124902,-0.222592,-0.0679718,-0.972539,0,0,0,0,0,0,0,0,0,0,1,1,1,329,0.20892,10_36.0_50,Firesat_Attack_RWA,2025-08-28 20:59:17.074,2025-08-28 20:59:16.944,2071-06-24 12:14:26,-25.017629166592265,54.22300685779572,36.0,50.0,attack_rwa,Firesat_Attack_RWA_10_36.0_50,baseline
330,2025,10,0,12,14,45,0.947357,-0.43713,900055,76.5311,-68.5336,102.0,0.0,0.0,0.0,0.694332,0.290158,0.584485,0.303462,0.119956,-0.0012414,0.000153658,-0.992778,-4152530.0,830153.0,5919400.0,6074.54,599.13,4178.12,0.0602253,-0.167641,0.0784567,-0.0201093,0.0209462,-0.0247859,0.0381768,330,330,330,74.6566,-47.2281,91.731,0.21,-0.0886817,0.21,-0.318767,0.0887988,-0.927802,0,0,0,0,0,0,-0.0100525,-0.0029551,0.00415398,-4152550.0,830146.0,5919400.0,6076.33,599.021,4178.43,-4152530.0,830153.0,5919400.0,6074.54,599.13,4178.12,7274680.0,0.000483586,98.0402,-179.917,-127.475,-177.302,8,1,1443356085,303285,2386,529515,0.815793,0.184207,76.2969,0,0.0,0,0,0,0,-0.0201093,0.0209462,-0.0247859,0.0381768,1,0,329.2,0.044906,0.233517,-0.0636246,-0.877034,-0.415009,1.69973e-05,-2.27995e-05,2.49139e-05,1.69973e-05,2.27995e-05,-2.49139e-05,330,-0.124902,-0.196847,-0.0509985,-0.979107,0,0,0,0,0,0,0,0,0,0,1,1,1,330,0.178367,10_36.0_50,Firesat_Attack_RWA,2025-08-28 20:59:17.074,2025-08-28 20:59:16.944,2071-06-24 12:14:27,-25.04570409855368,54.27955779217513,36.0,50.0,attack_rwa,Firesat_Attack_RWA_10_36.0_50,baseline
331,2025,10,0,12,14,46,0.948344,-0.437621,900051,76.5311,-68.5336,102.0,0.0,0.0,0.0,0.69495,0.271466,0.592352,0.30409,0.119992,-0.0012414,0.000153703,-0.992774,-4146480.0,830741.0,5923560.0,6079.45,598.285,4172.14,0.0365486,-0.147189,0.0239241,-0.0173036,0.0186553,-0.0219882,0.0336291,331,331,331,64.2808,-42.1231,81.3552,0.21,-0.0817827,0.21,-0.307473,0.0818978,-1.00917,0,0,0,0,0,0,-0.00997645,-0.00329445,0.00382518,-4146470.0,830747.0,5923570.0,6080.68,598.176,4172.31,-4146480.0,830741.0,5923560.0,6079.45,598.285,4172.14,7274760.0,0.000472286,98.0403,-179.917,-127.923,-176.796,8,1,1443356086,303286,2386,529521,0.815802,0.184198,67.4282,0,0.0,0,0,0,0,-0.0173036,0.0186553,-0.0219882,0.0336291,1,0,330.2,0.0405989,0.22951,-0.0479532,-0.883833,-0.404802,1.70687e-05,-2.29091e-05,2.47864e-05,1.70687e-05,2.29091e-05,-2.47864e-05,331,-0.124901,-0.174233,-0.0339397,-0.984119,0,0,0,0,0,0,0,0,0,0,1,1,1,331,0.151805,10_36.0_50,Firesat_Attack_RWA,2025-08-28 20:59:17.074,2025-08-28 20:59:16.944,2071-06-24 12:14:28,-25.0738363262946,54.33610872655454,36.0,50.0,attack_rwa,Firesat_Attack_RWA_10_36.0_50,baseline
332,2025,10,0,12,14,47,0.94933,-0.438112,900048,76.5311,-68.5336,102.0,0.0,0.0,0.0,0.695001,0.254955,0.59969,0.303879,0.120028,-0.00124139,0.000153748,-0.99277,-4140390.0,831339.0,5927720.0,6083.62,597.539,4165.98,0.0172005,-0.127984,-0.0300007,-0.0144985,0.016534,-0.01919,0.0291862,332,332,332,53.9049,-37.3966,70.9794,0.21,-0.0759961,0.21,-0.287626,0.0761043,-1.09414,0,0,0,0,0,0,-0.00990824,-0.00358601,0.00353831,-4140390.0,831342.0,5927730.0,6084.93,597.297,4166.13,-4140390.0,831339.0,5927720.0,6083.62,597.539,4165.98,7274640.0,0.000488635,98.0402,-179.917,-128.298,-176.362,8,1,1443356087,303287,2386,529526,0.81581,0.18419,59.6494,0,0.0,0,0,0,0,-0.0144985,0.016534,-0.01919,0.0291862,1,0,331.2,0.0361405,0.225344,-0.0345488,-0.889874,-0.395159,1.71365e-05,-2.29921e-05,2.46849e-05,1.71365e-05,2.29921e-05,-2.46849e-05,332,-0.124902,-0.153803,-0.0198437,-0.987902,0,0,0,0,0,0,0,0,0,0,1,1,1,332,0.129225,10_36.0_50,Firesat_Attack_RWA,2025-08-28 20:59:17.074,2025-08-28 20:59:16.944,2071-06-24 12:14:29,-25.101968554035523,54.392602365154445,36.0,50.0,attack_rwa,Firesat_Attack_RWA_10_36.0_50,baseline
333,2025,10,0,12,14,48,0.950316,-0.438604,900044,76.5311,-68.5336,102.0,0.0,0.0,0.0,0.69494,0.240534,0.605991,0.303277,0.120064,-0.00124139,0.000153794,-0.992765,-4134300.0,831932.0,5931890.0,6087.69,596.57,4159.95,0.000886336,-0.111107,-0.0830303,-0.0116939,0.0145942,-0.0163912,0.0248678,333,333,333,43.5291,-33.0731,60.6036,0.21,-0.0693814,0.21,-0.26176,0.0694786,-1.18028,0,0,0,0,0,0,-0.00981804,-0.00383218,0.00326993,-4134300.0,831937.0,5931890.0,6089.19,596.425,4159.96,-4134300.0,831932.0,5931890.0,6087.69,596.57,4159.95,7274560.0,0.00049906,98.0402,-179.917,-128.707,-175.895,8,1,1443356088,303288,2386,529531,0.815818,0.184182,52.8477,0,0.0,0,0,0,0,-0.0116939,0.0145942,-0.0163912,0.0248678,1,0,332.2,0.0314974,0.221679,-0.0230815,-0.895,-0.386395,1.71943e-05,-2.30501e-05,2.4613e-05,1.71943e-05,2.30501e-05,-2.4613e-05,333,-0.124903,-0.136405,-0.00763807,-0.990624,0,0,0,0,0,0,0,0,0,0,1,1,1,333,0.111168,10_36.0_50,Firesat_Attack_RWA,2025-08-28 20:59:17.074,2025-08-28 20:59:16.944,2071-06-24 12:14:30,-25.13015807755596,54.44909600375434,36.0,50.0,attack_rwa,Firesat_Attack_RWA_10_36.0_50,baseline
334,2025,10,0,12,14,49,0.951303,-0.439098,900043,76.5311,-68.5336,102.0,0.0,0.0,0.0,0.694521,0.2284,0.611182,0.3032,0.120101,-0.00124138,0.000153839,-0.992761,-4128220.0,832536.0,5936050.0,6091.77,595.961,4153.83,-0.0133067,-0.0960923,-0.133603,-0.00888998,0.0128367,-0.0135919,0.0207015,334,334,334,33.1533,-29.1556,50.2278,0.21,-0.0629936,0.21,-0.231694,0.0630765,-1.26435,0,0,0,0,0,0,-0.00972675,-0.00403526,0.00303153,-4128210.0,832532.0,5936050.0,6093.45,595.556,4153.82,-4128220.0,832536.0,5936050.0,6091.77,595.961,4153.83,7274530.0,0.000503186,98.0401,-179.917,-128.765,-175.779,8,1,1443356089,303289,2386,529535,0.815824,0.184176,46.9073,0,0.0,0,0,0,0,-0.00888998,0.0128367,-0.0135919,0.0207015,1,0,333.2,0.0264103,0.218359,-0.0131857,-0.899012,-0.379372,1.72359e-05,-2.30847e-05,2.4574e-05,1.72359e-05,2.30847e-05,-2.4574e-05,334,-0.124904,-0.121449,0.00347304,-0.992592,0,0,0,0,0,0,0,0,0,1,1,1,1,334,0.0970473,10_36.0_50,Firesat_Attack_RWA,2025-08-28 20:59:17.074,2025-08-28 20:59:16.944,2071-06-24 12:14:31,-25.158462192635422,54.50564693813375,36.0,50.0,attack_rwa,Firesat_Attack_RWA_10_36.0_50,baseline
335,2025,10,0,12,14,50,0.952289,-0.439593,900048,76.5311,-68.5336,102.0,0.0,0.0,0.0,0.693695,0.218236,0.615974,0.302879,0.120137,-0.00124138,0.000153884,-0.992757,-4122130.0,833112.0,5940230.0,6096.27,594.762,4147.65,-0.0243415,-0.0822062,-0.183506,-0.00609599,0.0112347,-0.0107922,0.0167287,335,335,335,22.8077,-25.5861,39.8519,0.195704,-0.0575115,0.21,-0.195541,0.0575764,-1.34948,0,0,0,0,0,0,-0.00965543,-0.00413629,0.00289263,-4122120.0,833127.0,5940200.0,6097.69,594.695,4147.7,-4122130.0,833112.0,5940230.0,6096.27,594.762,4147.65,7274520.0,0.000504408,98.0401,-179.917,-128.227,-176.258,8,1,1443356090,303290,2386,529539,0.81583,0.18417,41.7217,0,0.0,0,0,0,0,-0.00609599,0.0112347,-0.0107922,0.0167287,1,0,334.2,0.0225451,0.214933,-0.00504369,-0.902464,-0.373279,1.72556e-05,-2.30971e-05,2.45709e-05,1.72556e-05,2.30971e-05,-2.45709e-05,335,-0.124905,-0.10797,0.0121764,-0.99408,0,0,0,0,0,0,0,0,0,0,1,1,1,335,0.0857606,10_36.0_50,Firesat_Attack_RWA,2025-08-28 20:59:17.074,2025-08-28 20:59:16.944,2071-06-24 12:14:32,-25.1868236034944,54.56214057673365,36.0,50.0,attack_rwa,Firesat_Attack_RWA_10_36.0_50,baseline
336,2025,10,0,12,14,51,0.953276,-0.440088,900058,76.5311,-68.5336,102.0,0.0,0.0,0.0,0.692559,0.210297,0.620411,0.302037,0.120173,-0.00124137,0.000153929,-0.992752,-4116000.0,833713.0,5944370.0,6100.5,593.823,4141.4,-0.031611,-0.0699868,-0.232895,-0.00363061,0.00978629,-0.00799202,0.0131463,336,336,336,13.6339,-22.3586,29.4761,0.158819,-0.0522303,0.21,-0.158695,0.0522697,-1.43197,0,0,0,0,0,0,-0.00958377,-0.00362719,0.00331467,-4116020.0,833714.0,5944360.0,6101.93,593.788,4141.64,-4116000.0,833713.0,5944370.0,6100.5,593.822,4141.4,7274600.0,0.000494075,98.0398,-179.918,-127.125,-177.303,8,1,1443356091,303291,2386,529542,0.815835,0.184165,37.1991,0,0.0,0,0,0,0,-0.00363061,0.00978629,-0.00799202,0.0131463,1,0,335.2,0.018406,0.211458,0.000976003,-0.905447,-0.368036,1.72489e-05,-2.30916e-05,2.46032e-05,1.72489e-05,2.30916e-05,-2.46032e-05,336,-0.124911,-0.0962196,0.0176877,-0.995203,0,0,0,0,0,0,0,0,0,1,1,1,1,336,0.0768135,10_36.0_50,Firesat_Attack_RWA,2025-08-28 20:59:17.074,2025-08-28 20:59:16.944,2071-06-24 12:14:33,-25.215185014353374,54.61869151111306,36.0,50.0,attack_rwa,Firesat_Attack_RWA_10_36.0_50,baseline
337,2025,10,0,12,14,52,0.954264,-0.440587,900057,76.5311,-68.5336,102.0,0.0,0.0,0.0,0.690899,0.204107,0.624548,0.301561,0.120209,-0.00124136,0.000153975,-0.992748,-4109920.0,834337.0,5948500.0,6104.85,593.037,4135.49,-0.0366964,-0.0583726,-0.281089,-0.00164772,0.00845626,-0.00519151,0.0100586,337,337,337,6.25308,-19.397,19.1003,0.127817,-0.048345,0.21,-0.127732,0.048365,-1.51731,0,0,0,0,0,0,-0.00954078,-0.00317708,0.00368517,-4109910.0,834311.0,5948500.0,6106.23,592.949,4135.52,-4109920.0,834337.0,5948500.0,6104.85,593.037,4135.49,7274700.0,0.000480402,98.0399,-179.917,-127.144,-177.225,8,1,1443356092,303292,2386,529545,0.815839,0.184161,33.2612,0,0.0,0,0,0,0,-0.00164772,0.00845626,-0.00519151,0.0100586,1,0,336.2,0.0152862,0.207725,0.00577314,-0.907883,-0.364095,1.72116e-05,-2.30797e-05,2.46627e-05,1.72116e-05,2.30797e-05,-2.46627e-05,337,-0.124909,-0.0851169,0.0216286,-0.996136,0,0,0,0,0,0,0,0,0,1,1,1,1,337,0.0689628,10_36.0_50,Firesat_Attack_RWA,2025-08-28 20:59:17.074,2025-08-28 20:59:16.944,2071-06-24 12:14:34,-25.2437756083304,54.67529974127199,36.0,50.0,attack_rwa,Firesat_Attack_RWA_10_36.0_50,baseline
338,2025,10,0,12,14,53,0.955249,-0.441088,900061,76.5311,-68.5336,102.0,0.0,0.0,0.0,0.68967,0.199683,0.627624,0.300948,0.120245,-0.00124136,0.00015402,-0.992743,-4103810.0,834912.0,5952640.0,6108.98,592.407,4129.19,-0.0401833,-0.0498787,-0.329081,-6.62848e-05,0.00729554,-0.00239073,0.00767756,338,338,338,0.364432,-16.8089,8.72451,0.101995,-0.0415516,0.21,-0.101946,0.0415575,-1.60002,0,0,0,0,0,0,-0.00945385,-0.00278033,0.0039567,-4103810.0,834915.0,5952630.0,6110.44,592.162,4129.37,-4103810.0,834912.0,5952640.0,6108.98,592.407,4129.19,7274670.0,0.000485201,98.0403,-179.917,-126.656,-177.655,8,1,1443356093,303293,2386,529548,0.815843,0.184157,29.8397,0,0.0,0,0,0,0,-6.62848e-05,0.00729554,-0.00239073,0.00767756,1,0,337.2,0.0111218,0.204954,0.0090463,-0.909698,-0.361056,1.71404e-05,-2.30723e-05,2.47414e-05,1.71404e-05,2.30723e-05,-2.47414e-05,338,-0.124901,-0.0771001,0.0240514,-0.996733,0,0,0,0,0,0,0,0,0,1,1,1,1,338,0.0640624,10_36.0_50,Firesat_Attack_RWA,2025-08-28 20:59:17.074,2025-08-28 20:59:16.944,2071-06-24 12:14:35,-25.272480793866453,54.731736084092375,36.0,50.0,attack_rwa,Firesat_Attack_RWA_10_36.0_50,baseline
339,2025,10,0,12,14,54,0.956236,-0.441587,900064,76.5311,-68.5336,102.0,0.0,0.0,0.0,0.68764,0.197213,0.630768,0.300648,0.120282,-0.00124135,0.000154065,-0.992739,-4097700.0,835494.0,5956760.0,6113.11,591.658,4123.1,-0.0408285,-0.0416101,-0.375701,0.00115193,0.00626731,0.000410269,0.00638549,339,339,339,-4.17806,-14.5188,-1.6513,0.0780975,-0.0373005,0.21,-0.0780858,0.0372967,-1.67929,0,0,0,0,0,0,-0.00940889,-0.00237935,0.00424165,-4097700.0,835504.0,5956760.0,6114.68,591.282,4123.24,-4097700.0,835494.0,5956760.0,6113.11,591.658,4123.1,7274700.0,0.000480855,98.0402,-179.917,-126.312,-177.941,8,1,1443356094,303294,2386,529550,0.815847,0.184153,26.8602,0,0.0,0,0,0,0,0.00115193,0.00626731,0.000410269,0.00638549,1,0,338.2,0.00898729,0.201488,0.0108971,-0.911109,-0.359394,1.70313e-05,-2.30783e-05,2.48332e-05,1.70313e-05,2.30783e-05,-2.48332e-05,339,-0.124904,-0.0689586,0.024118,-0.997328,0,0,0,0,0,0,0,0,0,1,1,1,1,339,0.0583038,10_36.0_50,Firesat_Attack_RWA,2025-08-28 20:59:17.074,2025-08-28 20:59:16.944,2071-06-24 12:14:36,-25.30107138784349,54.788287018471785,36.0,50.0,attack_rwa,Firesat_Attack_RWA_10_36.0_50,baseline
340,2025,10,0,12,14,55,0.957222,-0.442087,900063,76.5311,-68.5336,102.0,0.0,0.0,0.0,0.685468,0.196152,0.633305,0.300969,0.120318,-0.00124135,0.00015411,-0.992735,-4091590.0,836072.0,5960870.0,6117.79,590.716,4116.95,-0.0406649,-0.0346441,-0.421313,0.00206928,0.00535794,0.00321143,0.00658048,340,340,340,-7.60169,-12.4934,-12.0271,0.0589251,-0.0330123,0.21,-0.0589489,0.0330027,-1.75735,0,0,0,0,0,0,-0.00936612,-0.00202439,0.0044655,-4091580.0,836088.0,5960880.0,6118.9,590.372,4117.07,-4091590.0,836072.0,5960870.0,6117.79,590.716,4116.95,7274660.0,0.000486573,98.04,-179.917,-126.481,-177.713,8,1,1443356095,303295,2386,529552,0.81585,0.18415,24.2711,0,0.0,0,0,0,0,0.00206928,0.00535794,0.00321143,0.00658048,1,0,339.2,0.00703771,0.198254,0.0119503,-0.911941,-0.359048,1.6881e-05,-2.31055e-05,2.49324e-05,1.6881e-05,2.31055e-05,-2.49324e-05,340,-0.124908,-0.0619962,0.0235622,-0.997798,0,0,0,0,0,0,0,0,1,1,1,1,1,340,0.0534278,10_36.0_50,Firesat_Attack_RWA,2025-08-28 20:59:17.074,2025-08-28 20:59:16.944,2071-06-24 12:14:37,-25.329719277600024,54.84478065707169,36.0,50.0,attack_rwa,Firesat_Attack_RWA_10_36.0_50,baseline
341,2025,10,0,12,14,56,0.958207,-0.442587,900061,76.5311,-68.5336,102.0,0.0,0.0,0.0,0.683473,0.196016,0.635301,0.301389,0.120354,-0.00124134,0.000154156,-0.99273,-4085470.0,836659.0,5964990.0,6121.5,589.894,4110.7,-0.0398788,-0.0292554,-0.467436,0.00274552,0.00457633,0.00601269,0.00803947,341,341,341,-10.129,-10.7518,-22.4029,0.0436435,-0.0283393,0.21,-0.0437022,0.028327,-1.8393,0,0,0,0,0,0,-0.00931746,-0.0017024,0.0046355,-4085470.0,836670.0,5964990.0,6123.1,589.449,4110.87,-4085470.0,836659.0,5964990.0,6121.5,589.894,4110.7,7274560.0,0.000499874,98.0397,-179.918,-126.704,-177.432,8,1,1443356096,303296,2386,529554,0.815853,0.184147,22.023,0,0.0,0,0,0,0,0.00274552,0.00457633,0.00601269,0.00803947,1,0,340.2,0.00571303,0.195474,0.0123023,-0.912432,-0.359313,1.66866e-05,-2.31595e-05,2.50349e-05,1.66866e-05,2.31595e-05,-2.50349e-05,341,-0.124914,-0.0564784,0.0223466,-0.998154,0,0,0,0,0,0,0,0,1,1,1,1,1,341,0.0494641,10_36.0_50,Firesat_Attack_RWA,2025-08-28 20:59:17.074,2025-08-28 20:59:16.944,2071-06-24 12:14:38,-25.358367167356565,54.90121699989208,36.0,50.0,attack_rwa,Firesat_Attack_RWA_10_36.0_50,baseline
342,2025,10,0,12,14,57,0.959193,-0.44309,900064,76.5311,-68.5336,102.0,0.0,0.0,0.0,0.680866,0.197826,0.636785,0.30297,0.12039,-0.00124134,0.000154201,-0.992726,-4079350.0,837280.0,5969120.0,6125.81,588.614,4104.6,-0.038047,-0.0246928,-0.511019,0.00321858,0.00390637,0.00881403,0.010164,342,342,342,-11.9026,-9.25948,-32.7787,0.0306305,-0.0245562,0.21,-0.0307234,0.0245442,-1.9198,0,0,0,0,0,0,-0.00928294,-0.00138661,0.00479036,-4079340.0,837257.0,5969100.0,6127.3,588.575,4104.72,-4079350.0,837280.0,5969120.0,6125.81,588.614,4104.6,7274560.0,0.000500377,98.0396,-179.918,-126.413,-177.665,8,1,1443356097,303297,2386,529556,0.815856,0.184144,20.0687,0,0.0,0,0,0,0,0.00321858,0.00390637,0.00881403,0.010164,1,0,341.2,0.00768663,0.192488,0.0117272,-0.912153,-0.361647,1.64443e-05,-2.32446e-05,2.5138e-05,1.64443e-05,2.32446e-05,-2.5138e-05,342,-0.124916,-0.0515013,0.0202645,-0.998467,0,0,0,0,0,0,0,0,1,1,1,1,1,342,0.0453615,10_36.0_50,Firesat_Attack_RWA,2025-08-28 20:59:17.074,2025-08-28 20:59:16.944,2071-06-24 12:14:39,-25.38718694445165,54.95771063849197,36.0,50.0,attack_rwa,Firesat_Attack_RWA_10_36.0_50,baseline
343,2025,10,0,12,14,58,0.960179,-0.443598,900073,76.5311,-68.5336,102.0,0.0,0.0,0.0,0.677996,0.200685,0.638038,0.304883,0.120426,-0.00124133,0.000154246,-0.992721,-4073210.0,837868.0,5973210.0,6130.18,588.219,4098.21,-0.0352706,-0.0208929,-0.554482,0.00351716,0.00332968,0.0116154,0.0125847,343,343,343,-13.0291,-7.97541,-43.1545,0.0191001,-0.0211399,0.21,-0.0192268,0.0211309,-1.98421,0,0,0,0,0,0,-0.00925907,-0.00107222,0.0049325,-4073220.0,837857.0,5973210.0,6131.49,587.787,4098.6,-4073210.0,837868.0,5973210.0,6130.18,588.219,4098.21,7274610.0,0.000495085,98.04,-179.917,-125.321,-178.699,8,1,1443356098,303298,2386,529557,0.815858,0.184142,18.3711,0,0.0,0,0,0,0,0.00351716,0.00332968,0.0116154,0.0125847,1,0,342.2,0.00930409,0.189418,0.0104825,-0.911533,-0.364854,1.6151e-05,-2.33637e-05,2.52392e-05,1.6151e-05,2.33637e-05,-2.52392e-05,343,-0.124908,-0.0469798,0.0172856,-0.998746,0,0,0,0,0,0,0,0,1,1,1,1,1,343,0.0409971,10_36.0_50,Firesat_Attack_RWA,2025-08-28 20:59:17.074,2025-08-28 20:59:16.944,2071-06-24 12:14:40,-25.41629320044429,55.01420427709187,36.0,50.0,attack_rwa,Firesat_Attack_RWA_10_36.0_50,baseline
344,2025,10,0,12,14,59,0.961165,-0.444105,900071,76.5311,-68.5336,102.0,0.0,0.0,0.0,0.67499,0.204441,0.638715,0.30763,0.120463,-0.00124132,0.000154291,-0.992717,-4067090.0,838461.0,5977290.0,6134.29,587.032,4092.38,-0.0327527,-0.0179151,-0.596799,0.00368295,0.00284075,0.0144169,0.0151486,344,344,344,-13.6615,-6.88658,-53.5304,0.0108766,-0.0180349,0.21,-0.0110366,0.018031,-2.04416,0,0,0,0,0,0,-0.0092372,-0.000782759,0.00503499,-4067080.0,838451.0,5977300.0,6135.71,586.966,4092.4,-4067090.0,838461.0,5977290.0,6134.29,587.032,4092.38,7274610.0,0.000494127,98.0403,-179.917,-125.597,-178.365,8,1,1443356099,303299,2386,529559,0.815861,0.184139,16.8987,0,0.0,0,0,0,0,0.00368295,0.00284075,0.0144169,0.0151486,1,0,343.2,0.0111622,0.186567,0.008981,-0.910363,-0.369258,1.58034e-05,-2.35187e-05,2.53367e-05,1.58034e-05,2.35187e-05,-2.53367e-05,344,-0.124903,-0.0432577,0.0145361,-0.998958,0,0,0,0,0,0,0,0,1,1,1,1,1,344,0.0373343,10_36.0_50,Firesat_Attack_RWA,2025-08-28 20:59:17.074,2025-08-28 20:59:16.944,2071-06-24 12:14:41,-25.445342160657425,55.070697915691774,36.0,50.0,attack_rwa,Firesat_Attack_RWA_10_36.0_50,baseline
345,2025,10,0,12,15,0,0.962149,-0.444613,900065,76.5311,-68.5336,102.0,0.0,0.0,0.0,0.671389,0.209694,0.639103,0.311149,0.120499,-0.00124132,0.000154337,-0.992713,-4060940.0,839036.0,5981370.0,6138.32,586.235,4086.33,-0.0291846,-0.0155795,-0.63703,0.00372984,0.00242813,0.0172183,0.0177842,345,345,345,-13.8546,-5.96778,-63.9062,0.00308157,-0.0152002,0.21,-0.00327463,0.0152042,-2.09876,0,0,0,0,0,0,-0.00922057,-0.000471615,0.00514356,-4060950.0,839041.0,5981380.0,6139.9,586.125,4086.16,-4060940.0,839036.0,5981370.0,6138.32,586.235,4086.33,7274530.0,0.000505709,98.0404,-179.917,-126.22,-177.683,8,1,1443356100,303300,2386,529560,0.815863,0.184137,15.6234,0,0.0,0,0,0,0,0.00372984,0.00242813,0.0172183,0.0177842,1,0,344.2,0.0145739,0.183395,0.00669613,-0.908615,-0.375154,1.53981e-05,-2.371e-05,2.54293e-05,1.53981e-05,2.371e-05,-2.54293e-05,345,-0.1249,-0.0397595,0.0107935,-0.999151,0,0,0,0,0,0,0,0,1,1,1,1,1,345,0.0330842,10_36.0_50,Firesat_Attack_RWA,2025-08-28 20:59:17.074,2025-08-28 20:59:16.944,2071-06-24 12:14:42,-25.47444841665007,55.12707696273264,36.0,50.0,attack_rwa,Firesat_Attack_RWA_10_36.0_50,baseline
346,2025,10,0,12,15,1,0.963135,-0.445121,900061,76.5311,-68.5336,102.0,0.0,0.0,0.0,0.667866,0.215349,0.638799,0.31546,0.120535,-0.00124131,0.000154382,-0.992708,-4054800.0,839621.0,5985460.0,6142.86,585.67,4079.66,-0.0267513,-0.0139665,-0.676584,0.00370486,0.00208917,0.0200197,0.0204665,346,346,346,-13.7784,-5.21253,-74.282,-0.000977906,-0.0126139,0.21,0.000752302,0.0126267,-2.14674,0,0,0,0,0,0,-0.00920167,-0.000199506,0.00519742,-4054800.0,839624.0,5985460.0,6144.1,585.238,4079.95,-4054800.0,839621.0,5985460.0,6142.86,585.67,4079.66,7274490.0,0.000510538,98.0404,-179.917,-126.703,-177.142,8,1,1443356101,303301,2386,529561,0.815865,0.184135,14.52,0,0.0,0,0,0,0,0.00370486,0.00208917,0.0200197,0.0204665,1,0,345.2,0.0158821,0.180684,0.00453657,-0.906346,-0.381929,1.49314e-05,-2.39371e-05,2.55161e-05,1.49314e-05,2.39371e-05,-2.55161e-05,346,-0.124902,-0.0372335,0.00801485,-0.999274,0,0,0,0,0,0,0,0,1,1,1,1,1,346,0.0301788,10_36.0_50,Firesat_Attack_RWA,2025-08-28 20:59:17.074,2025-08-28 20:59:16.944,2071-06-24 12:14:43,-25.503554672642714,55.18357060133254,36.0,50.0,attack_rwa,Firesat_Attack_RWA_10_36.0_50,baseline
347,2025,10,0,12,15,2,0.96412,-0.445631,900059,76.5311,-68.5336,102.0,0.0,0.0,0.0,0.663886,0.221971,0.638015,0.320813,0.120571,-0.00124131,0.000154427,-0.992704,-4048650.0,840211.0,5989540.0,6146.92,584.544,4073.61,-0.0245045,-0.0125827,-0.713958,0.00363417,0.00180476,0.0228211,0.023179,347,347,347,-13.5329,-4.5792,-84.6578,-0.00375878,-0.0107838,0.21,0.00350069,0.0108075,-2.18386,0,0,0,0,0,0,-0.0091926,7.66283e-05,0.00524375,-4048660.0,840208.0,5989540.0,6148.3,584.364,4073.75,-4048650.0,840211.0,5989540.0,6146.92,584.544,4073.61,7274490.0,0.00051014,98.0403,-179.917,-126.85,-176.937,8,1,1443356102,303302,2386,529563,0.815866,0.184134,13.5668,0,0.0,0,0,0,0,0.00363417,0.00180476,0.0228211,0.023179,1,0,346.2,0.0188647,0.177873,0.00218276,-0.903421,-0.390112,1.43997e-05,-2.41977e-05,2.55971e-05,1.43997e-05,2.41977e-05,-2.55971e-05,347,-0.124902,-0.0349446,0.00545749,-0.999374,0,0,0,0,0,0,0,0,1,1,1,1,1,347,0.0275471,10_36.0_50,Firesat_Attack_RWA,2025-08-28 20:59:17.074,2025-08-28 20:59:16.944,2071-06-24 12:14:44,-25.532775520194388,55.24000694415293,36.0,50.0,attack_rwa,Firesat_Attack_RWA_10_36.0_50,baseline
348,2025,10,0,12,15,3,0.965106,-0.446142,900061,76.5311,-68.5336,102.0,0.0,0.0,0.0,0.659197,0.230056,0.636801,0.327136,0.120607,-0.0012413,0.000154472,-0.9927,-4042520.0,840787.0,5993610.0,6151.31,583.573,4067.35,-0.0216204,-0.0117133,-0.748184,0.00351696,0.00156952,0.0256225,0.0259103,348,348,348,-13.1172,-4.05475,-95.0336,-0.00699141,-0.00893247,0.21,0.00670134,0.00897024,-2.20252,0,0,0,0,0,0,-0.00917799,0.000385409,0.00530106,-4042510.0,840792.0,5993610.0,6152.47,583.497,4067.57,-4042520.0,840787.0,5993610.0,6151.31,583.573,4067.35,7274490.0,0.00051051,98.0403,-179.917,-126.593,-177.136,8,1,1443356103,303303,2386,529564,0.815868,0.184132,12.7476,0,0.0,0,0,0,0,0.00351696,0.00156952,0.0256225,0.0259103,1,0,347.2,0.0226991,0.174729,-0.000812927,-0.899737,-0.399929,1.37995e-05,-2.44886e-05,2.56721e-05,1.37995e-05,2.44886e-05,-2.56721e-05,348,-0.124902,-0.0328694,0.00224594,-0.999457,0,0,0,0,0,0,0,0,1,1,1,1,1,348,0.0245901,10_36.0_50,Firesat_Attack_RWA,2025-08-28 20:59:17.074,2025-08-28 20:59:16.944,2071-06-24 12:14:45,-25.56205366352557,55.29650058275283,36.0,50.0,attack_rwa,Firesat_Attack_RWA_10_36.0_50,baseline
349,2025,10,0,12,15,4,0.96609,-0.446653,900063,76.5311,-68.5336,102.0,0.0,0.0,0.0,0.654453,0.238668,0.635083,0.333764,0.120644,-0.0012413,0.000154518,-0.992695,-4036370.0,841371.0,5997660.0,6154.99,582.778,4061.47,-0.0190426,-0.0117176,-0.781108,0.00336613,0.00139486,0.0284238,0.0286564,349,349,349,-12.5771,-3.6636,-105.409,-0.00899262,-0.00666374,0.21,0.00867166,0.00671773,-2.20969,0,0,0,0,0,0,-0.00914604,0.000698698,0.00533744,-4036360.0,841373.0,5997670.0,6156.59,582.609,4061.35,-4036370.0,841371.0,5997660.0,6154.99,582.778,4061.47,7274380.0,0.00052587,98.0403,-179.917,-126.434,-177.236,8,1,1443356104,303304,2386,529565,0.81587,0.18413,12.0444,0,0.0,0,0,0,0,0.00336613,0.00139486,0.0284238,0.0286564,1,0,348.2,0.0239626,0.171828,-0.00406616,-0.895608,-0.410298,1.3127e-05,-2.48059e-05,2.57411e-05,1.3127e-05,2.48059e-05,-2.57411e-05,349,-0.124904,-0.0316635,-0.000962843,-0.999498,0,0,0,0,0,0,0,0,1,1,1,1,1,349,0.0223594,10_36.0_50,Firesat_Attack_RWA,2025-08-28 20:59:17.074,2025-08-28 20:59:16.944,2071-06-24 12:14:46,-25.59133180685676,55.352879629793705,36.0,50.0,attack_rwa,Firesat_Attack_RWA_10_36.0_50,baseline
350,2025,10,0,12,15,5,0.967074,-0.447166,900062,76.5311,-68.5336,102.0,0.0,0.0,0.0,0.648924,0.247839,0.632826,0.342059,0.12068,-0.00124129,0.000154563,-0.992691,-4030210.0,841938.0,6001720.0,6159.21,581.986,4055.23,-0.0174605,-0.0105982,-0.810287,0.00321011,0.00122819,0.0312251,0.0314137,350,350,350,-12.0167,-3.2927,-115.785,-0.00888771,-0.00673714,0.21,0.00853466,0.00680881,-2.20536,0,0,0,0,0,0,-0.00914917,0.00100051,0.00536389,-4030210.0,841952.0,6001730.0,6160.72,581.719,4055.12,-4030210.0,841938.0,6001720.0,6159.21,581.986,4055.23,7274270.0,0.000540505,98.0402,-179.917,-126.565,-177.047,8,1,1443356105,303305,2386,529566,0.815871,0.184129,11.4434,0,0.0,0,0,0,0,0.00321011,0.00122819,0.0312251,0.0314137,1,0,349.2,0.0274661,0.168593,-0.0068206,-0.890588,-0.422353,1.23786e-05,-2.51444e-05,2.58043e-05,1.23786e-05,2.51444e-05,-2.58043e-05,350,-0.124906,-0.0298065,-0.00272455,-0.999552,0,0,0,0,0,0,0,0,1,1,1,1,1,350,0.0204256,10_36.0_50,Firesat_Attack_RWA,2025-08-28 20:59:17.074,2025-08-28 20:59:16.944,2071-06-24 12:14:47,-25.62072454174697,55.409258676834575,36.0,50.0,attack_rwa,Firesat_Attack_RWA_10_36.0_50,baseline
351,2025,10,0,12,15,6,0.968059,-0.447679,900063,76.5311,-68.5336,102.0,0.0,0.0,0.0,0.64283,0.258187,0.630147,0.350749,0.120716,-0.00124129,0.000154608,-0.992686,-4024060.0,842522.0,6005790.0,6163.5,581.219,4049.02,-0.0151239,-0.0103747,-0.83649,0.00303971,0.00108734,0.0340263,0.0341792,351,351,351,-11.4063,-2.97649,-126.161,-0.0100798,-0.00566228,0.21,0.00969668,0.00575587,-2.18622,0,0,0,0,0,0,-0.00911586,0.00134872,0.00540154,-4024050.0,842527.0,6005780.0,6164.86,580.803,4048.91,-4024060.0,842522.0,6005790.0,6163.5,581.219,4049.02,7274240.0,0.000545075,98.0399,-179.917,-126.456,-177.098,8,1,1443356106,303306,2386,529567,0.815873,0.184127,10.9442,0,0.0,0,0,0,0,0.00303971,0.00108734,0.0340263,0.0341792,1,0,350.2,0.0301261,0.165138,-0.0103135,-0.884898,-0.435407,1.15516e-05,-2.54979e-05,2.58617e-05,1.15516e-05,2.54979e-05,-2.58617e-05,351,-0.124911,-0.028467,-0.00547339,-0.99958,0,0,0,0,0,0,0,0,1,1,1,1,1,351,0.0183405,10_36.0_50,Firesat_Attack_RWA,2025-08-28 20:59:17.074,2025-08-28 20:59:16.944,2071-06-24 12:14:48,-25.650117276637182,55.46569501965496,36.0,50.0,attack_rwa,Firesat_Attack_RWA_10_36.0_50,baseline
352,2025,10,0,12,15,7,0.969044,-0.448194,900067,76.5311,-68.5336,102.0,0.0,0.0,0.0,0.636093,0.269693,0.626637,0.360523,0.120752,-0.00124128,0.000154653,-0.992682,-4017880.0,843106.0,6009830.0,6167.64,580.186,4042.65,-0.0131553,-0.010634,-0.858339,0.00286113,0.000981866,0.0368275,0.0369515,352,352,352,-10.7661,-2.73754,-136.537,-0.010527,-0.00429349,0.21,0.0101152,0.00441171,-2.14599,0,0,0,0,0,0,-0.00906451,0.00170594,0.00542521,-4017880.0,843105.0,6009830.0,6168.99,579.92,4042.72,-4017880.0,843106.0,6009830.0,6167.64,580.186,4042.65,7274230.0,0.0005473,98.0399,-179.917,-126.048,-177.447,8,1,1443356107,303307,2386,529568,0.815874,0.184126,10.5354,0,0.0,0,0,0,0,0.00286113,0.000981866,0.0368275,0.0369515,1,0,351.2,0.0338004,0.161633,-0.0141324,-0.87816,-0.450012,1.06427e-05,-2.58596e-05,2.59134e-05,1.06427e-05,2.58596e-05,-2.59134e-05,352,-0.124913,-0.0277401,-0.00801952,-0.999583,0,0,0,0,0,0,0,0,1,1,1,1,1,352,0.016916,10_36.0_50,Firesat_Attack_RWA,2025-08-28 20:59:17.074,2025-08-28 20:59:16.944,2071-06-24 12:14:49,-25.679624603086417,55.52213136247535,36.0,50.0,attack_rwa,Firesat_Attack_RWA_10_36.0_50,baseline
353,2025,10,0,12,15,8,0.970029,-0.448712,900066,76.5311,-68.5336,102.0,0.0,0.0,0.0,0.629254,0.281104,0.622449,0.370915,0.120788,-0.00124127,0.000154699,-0.992677,-4011700.0,843699.0,6013870.0,6171.83,579.413,4036.49,-0.0125564,-0.0106646,-0.877871,0.0027031,0.000896023,0.0396286,0.0397308,353,353,353,-10.2007,-2.542,-146.913,-0.0086871,-0.0037986,0.21,0.00824744,0.0039427,-2.09678,0,0,0,0,0,0,-0.00901104,0.00204629,0.0054161,-4011710.0,843687.0,6013870.0,6173.16,579.063,4036.5,-4011700.0,843699.0,6013870.0,6171.83,579.413,4036.49,7274250.0,0.000544267,98.0399,-179.917,-126.131,-177.307,8,1,1443356108,303308,2386,529568,0.815875,0.184125,10.2055,0,0.0,0,0,0,0,0.0027031,0.000896023,0.0396286,0.0397308,1,0,352.2,0.0347876,0.158432,-0.0175185,-0.870805,-0.46507,9.64865e-06,-2.62213e-05,2.59598e-05,9.64865e-06,2.62213e-05,-2.59598e-05,353,-0.124911,-0.0274181,-0.00922257,-0.999582,0,0,0,0,0,0,0,0,1,1,1,1,1,353,0.0164743,10_36.0_50,Firesat_Attack_RWA,2025-08-28 20:59:17.074,2025-08-28 20:59:16.944,2071-06-24 12:14:50,-25.7093038168742,55.57856770529573,36.0,50.0,attack_rwa,Firesat_Attack_RWA_10_36.0_50,baseline
354,2025,10,0,12,15,9,0.971015,-0.449232,900065,76.5311,-68.5336,102.0,0.0,0.0,0.0,0.621301,0.293792,0.617869,0.38198,0.120825,-0.00124127,0.000154744,-0.992673,-4005520.0,844270.0,6017900.0,6176.11,578.432,4030.02,-0.0108562,-0.0109055,-0.892775,0.00254497,0.000826971,0.0424297,0.042514,354,354,354,-9.63917,-2.38223,-157.288,-0.00910754,-0.00305703,0.21,0.0086419,0.00323301,-2.03244,0,0,0,0,0,0,-0.00893669,0.00244938,0.00544782,-4005530.0,844271.0,6017900.0,6177.33,578.226,4030.29,-4005520.0,844270.0,6017900.0,6176.11,578.432,4030.02,7274310.0,0.000535775,98.0401,-179.917,-126.187,-177.193,8,1,1443356109,303309,2386,529569,0.815877,0.184123,9.94868,0,0.0,0,0,0,0,0.00254497,0.000826971,0.0424297,0.042514,1,0,353.2,0.0383492,0.154545,-0.0215655,-0.862492,-0.481412,8.56715e-06,-2.65738e-05,2.60015e-05,8.56715e-06,2.65738e-05,-2.60015e-05,354,-0.124908,-0.0268692,-0.0114515,-0.999573,0,0,0,0,0,0,0,0,1,1,1,1,1,354,0.0153881,10_36.0_50,Firesat_Attack_RWA,2025-08-28 20:59:17.074,2025-08-28 20:59:16.944,2071-06-24 12:14:51,-25.739097622221,55.63506134389563,36.0,50.0,attack_rwa,Firesat_Attack_RWA_10_36.0_50,baseline
355,2025,10,0,12,15,10,0.972,-0.449751,900063,76.5311,-68.5336,102.0,0.0,0.0,0.0,0.612593,0.307081,0.612486,0.394071,0.120861,-0.00124126,0.000154789,-0.992669,-3999360.0,844838.0,6021930.0,6180.03,577.523,4023.85,-0.00976049,-0.0107952,-0.903285,0.00239296,0.000761886,0.0452307,0.0453004,355,355,355,-9.10031,-2.23051,-167.664,-0.00847707,-0.00309619,0.21,0.0079869,0.00330671,-1.95589,0,0,0,0,0,0,-0.00885231,0.00285417,0.00546396,-3999350.0,844847.0,6021930.0,6181.49,577.342,4024.07,-3999360.0,844838.0,6021930.0,6180.03,577.523,4023.85,7274330.0,0.0005323,98.0401,-179.917,-126.304,-177.017,8,1,1443356110,303310,2386,529570,0.815878,0.184122,9.76012,0,0.0,0,0,0,0,0.00239296,0.000761886,0.0452307,0.0453004,1,0,354.2,0.0413579,0.150499,-0.0255159,-0.853088,-0.498939,7.39631e-06,-2.69074e-05,2.60384e-05,7.39631e-06,2.69074e-05,-2.60384e-05,355,-0.124909,-0.0263475,-0.0129291,-0.999569,0,0,0,0,0,0,0,0,1,1,1,1,1,355,0.0145536,10_36.0_50,Firesat_Attack_RWA,2025-08-28 20:59:17.074,2025-08-28 20:59:16.944,2071-06-24 12:14:52,-25.76883413178829,55.69149768671602,36.0,50.0,attack_rwa,Firesat_Attack_RWA_10_36.0_50,baseline
356,2025,10,0,12,15,11,0.972984,-0.450272,900068,76.5311,-68.5336,102.0,0.0,0.0,0.0,0.60331,0.320967,0.606362,0.4066,0.120897,-0.00124126,0.000154834,-0.992664,-3993170.0,845443.0,6025960.0,6184.04,576.687,4017.96,-0.00889522,-0.0110352,-0.910063,0.00225235,0.00070832,0.0480316,0.0480896,356,356,356,-8.60459,-2.10186,-178.04,-0.0077266,-0.00275404,0.21,0.00721518,0.00300274,-1.86551,0,0,0,0,0,0,-0.008733,0.00327514,0.00547349,-3993170.0,845423.0,6025950.0,6185.58,576.464,4017.86,-3993170.0,845443.0,6025960.0,6184.04,576.687,4017.96,7274300.0,0.000537527,98.04,-179.917,-125.817,-177.446,8,1,1443356111,303311,2386,529571,0.815879,0.184121,9.63742,0,0.0,0,0,0,0,0.00225235,0.00070832,0.0480316,0.0480896,1,0,355.2,0.0435188,0.146408,-0.0297045,-0.842747,-0.517166,6.13503e-06,-2.72113e-05,2.60708e-05,6.13503e-06,2.72113e-05,-2.60708e-05,356,-0.12491,-0.0263214,-0.0143249,-0.999551,0,0,0,0,0,0,0,0,1,1,1,1,1,356,0.0141741,10_36.0_50,Firesat_Attack_RWA,2025-08-28 20:59:17.074,2025-08-28 20:59:16.944,2071-06-24 12:14:53,-25.798685232914604,55.74787673375689,36.0,50.0,attack_rwa,Firesat_Attack_RWA_10_36.0_50,baseline
357,2025,10,0,12,15,12,0.973969,-0.450797,900070,76.5311,-68.5336,102.0,0.0,0.0,0.0,0.592821,0.33542,0.599363,0.420501,0.120933,-0.00124125,0.00015488,-0.99266,-3986980.0,846003.0,6029960.0,6188.05,575.897,4011.66,-0.00846812,-0.0100931,-0.91142,0.00212913,0.000627402,0.0508325,0.0508809,357,357,357,-8.17379,-1.91283,-188.416,-0.00650456,-0.00384954,0.21,0.00597249,0.00413969,-1.76167,0,0,0,0,0,0,-0.00861945,0.00370549,0.00548041,-3986980.0,846007.0,6029970.0,6189.72,575.645,4011.65,-3986980.0,846003.0,6029960.0,6188.05,575.897,4011.66,7274360.0,0.000529624,98.0403,-179.917,-125.617,-177.587,8,1,1443356112,303312,2386,529572,0.81588,0.18412,9.58121,0,0.0,0,0,0,0,0.00212913,0.000627402,0.0508325,0.0508809,1,0,356.2,0.0473783,0.14183,-0.0335709,-0.830998,-0.536843,4.78321e-06,-2.74739e-05,2.6099e-05,4.78321e-06,2.74739e-05,-2.6099e-05,357,-0.124905,-0.0255638,-0.0147207,-0.999565,0,0,0,0,0,0,0,0,1,1,1,1,1,357,0.013175,10_36.0_50,Firesat_Attack_RWA,2025-08-28 20:59:17.074,2025-08-28 20:59:16.944,2071-06-24 12:14:54,-25.82876551715897,55.80431307657727,36.0,50.0,attack_rwa,Firesat_Attack_RWA_10_36.0_50,baseline
358,2025,10,0,12,15,13,0.974953,-0.45132,900066,76.5311,-68.5336,102.0,0.0,0.0,0.0,0.582002,0.350877,0.591486,0.433939,0.120969,-0.00124125,0.000154925,-0.992655,-3980790.0,846573.0,6033980.0,6192.33,574.995,4005.31,-0.00777197,-0.0112898,-0.909424,0.00201497,0.000592761,0.0536332,0.0536744,358,358,358,-7.77841,-1.81962,-198.792,-0.00592221,-0.0017442,0.21,0.0053783,0.0020807,-1.65491,0,0,0,0,0,0,-0.00840836,0.00416514,0.00548935,-3980790.0,846580.0,6033970.0,6193.85,574.751,4005.39,-3980790.0,846573.0,6033980.0,6192.33,574.995,4005.31,7274340.0,0.000531599,98.0402,-179.917,-126.029,-177.117,8,1,1443356113,303313,2386,529572,0.815882,0.184118,9.59108,0,0.0,0,0,0,0,0.00201497,0.000592761,0.0536332,0.0536744,1,0,357.2,0.0489324,0.137486,-0.0385244,-0.81834,-0.556717,3.34155e-06,-2.76827e-05,2.61232e-05,3.34155e-06,2.76827e-05,-2.61232e-05,358,-0.124906,-0.0266764,-0.0162942,-0.999511,0,0,0,0,0,0,0,0,1,1,1,1,1,358,0.0137064,10_36.0_50,Firesat_Attack_RWA,2025-08-28 20:59:17.074,2025-08-28 20:59:16.944,2071-06-24 12:14:55,-25.858731209844315,55.86069212361815,36.0,50.0,attack_rwa,Firesat_Attack_RWA_10_36.0_50,baseline
359,2025,10,0,12,15,14,0.975938,-0.451845,900065,76.5311,-68.5336,102.0,0.0,0.0,0.0,0.569568,0.36672,0.582802,0.448832,0.121005,-0.00124124,0.00015497,-0.992651,-3974590.0,847165.0,6037960.0,6196.67,574.091,3999.02,-0.00709268,-0.0105922,-0.901777,0.00190788,0.000541318,0.056434,0.0564688,359,359,359,-7.40994,-1.69136,-209.168,-0.00568399,-0.00299427,0.21,0.0051274,0.00338109,-1.52702,0,0,0,0,0,0,-0.00822818,0.00463924,0.00550754,-3974590.0,847153.0,6037980.0,6197.97,573.869,3999.15,-3974590.0,847165.0,6037960.0,6196.67,574.091,3999.02,7274350.0,0.000529904,98.0402,-179.917,-126.094,-176.994,8,1,1443356114,303314,2386,529573,0.815883,0.184117,9.6526,0,0.0,0,0,0,0,0.00190788,0.000541318,0.056434,0.0564688,1,0,358.2,0.0530236,0.132282,-0.0429599,-0.804094,-0.578004,1.81117e-06,-2.78246e-05,2.61437e-05,1.81117e-06,2.78246e-05,-2.61437e-05,359,-0.124907,-0.0262547,-0.0169033,-0.999512,0,0,0,0,0,0,0,0,1,0,1,1,1,359,0.0127476,10_36.0_50,Firesat_Attack_RWA,2025-08-28 20:59:17.074,2025-08-28 20:59:16.944,2071-06-24 12:14:56,-25.88881149408868,55.91712846643853,36.0,50.0,attack_rwa,Firesat_Attack_RWA_10_36.0_50,baseline
360,2025,10,0,12,15,15,0.976922,-0.452372,900061,76.5311,-68.5336,102.0,0.0,0.0,0.0,0.556481,0.382966,0.573124,0.463892,0.121042,-0.00124123,0.000155015,-0.992647,-3968400.0,847728.0,6041980.0,6200.59,573.061,3992.64,-0.00678984,-0.0103275,-0.890236,0.0018114,0.000482283,0.0592346,0.0592642,360,360,360,-7.08072,-1.54211,-219.543,-0.00463615,-0.0031494,0.21,0.00407339,0.00358955,-1.4041,0,0,0,0,0,0,-0.00798978,0.00511597,0.00551315,-3968390.0,847731.0,6041970.0,6202.08,573.024,3992.87,-3968400.0,847728.0,6041980.0,6200.59,573.061,3992.64,7274320.0,0.00053462,98.0404,-179.917,-126.43,-176.6,8,1,1443356115,303315,2386,529574,0.815884,0.184116,9.77257,0,0.0,0,0,0,0,0.0018114,0.000482283,0.0592346,0.0592642,1,0,359.2,0.0549803,0.127112,-0.0476298,-0.78866,-0.599658,1.95717e-07,-2.7886e-05,2.61607e-05,1.95717e-07,2.7886e-05,-2.61607e-05,360,-0.124904,-0.0265031,-0.0173174,-0.999499,0,0,0,0,0,0,0,0,1,1,1,1,1,360,0.0123596,10_36.0_50,Firesat_Attack_RWA,2025-08-28 20:59:17.074,2025-08-28 20:59:16.944,2071-06-24 12:14:57,-25.91900636989208,55.973507513479404,36.0,50.0,attack_rwa,Firesat_Attack_RWA_10_36.0_50,baseline
361,2025,10,0,12,15,16,0.977905,-0.452899,900067,76.5311,-68.5336,102.0,0.0,0.0,0.0,0.542318,0.399693,0.562434,0.47938,0.121078,-0.00124123,0.000155061,-0.992642,-3962210.0,848295.0,6045940.0,6204.69,572.538,3987.0,-0.00653988,-0.00998278,-0.874254,0.00167985,-0.00194352,0.0620256,0.0620787,361,361,361,50.0,0.384809,-229.919,-0.00738678,-0.024559,0.21,0.00243998,-0.0460451,-1.26233,0,0,0,0,0,0,-0.0565268,-0.778787,-0.831906,-3962190.0,848301.0,6045960.0,6206.13,572.131,3986.64,-3962210.0,848295.0,6045940.0,6204.69,572.538,3987.0,7274250.0,0.000543468,98.0403,-179.917,-125.879,-177.092,8,1,1443356116,303316,2386,529575,0.815885,0.184115,10.4251,0,0.0,0,0,0,0,0.00167985,-0.00194352,0.0620256,0.0620787,1,0,360.2,0.057779,0.121642,-0.0524481,-0.77178,-0.621939,-1.4704e-06,-2.78536e-05,2.6175e-05,-1.4704e-06,2.78536e-05,-2.6175e-05,361,-0.124906,-0.0268304,-0.0175703,-0.999486,0,0,0,0,0,0,0,0,1,1,1,1,1,361,0.0119343,10_36.0_50,Firesat_Attack_RWA,2025-08-28 20:59:17.074,2025-08-28 20:59:16.944,2071-06-24 12:14:58,-25.94920124569547,56.02982926474077,36.0,50.0,attack_rwa,Firesat_Attack_RWA_10_36.0_50,RWA
362,2025,10,0,12,15,17,0.978888,-0.453427,900066,76.5311,-68.5336,102.0,0.0,0.0,0.0,0.527546,0.41726,0.550074,0.494983,0.121114,-0.00124122,0.000155106,-0.992638,-3956000.0,848892.0,6049950.0,6208.39,571.629,3980.36,-0.00739322,-0.0110608,-0.853438,0.00148,-0.00371584,0.0647847,0.064908,362,362,362,50.0,0.829511,-240.295,-0.00679205,0.011784,0.21,-0.00297469,-0.0845616,-1.11877,0,0,0,0,0,0,-0.107218,-0.76833,-0.826048,-3955990.0,848873.0,6049940.0,6210.16,571.254,3980.34,-3956000.0,848892.0,6049950.0,6208.39,571.629,3980.36,7274120.0,0.000562484,98.0403,-179.917,-125.978,-176.936,8,1,1443356117,303317,2386,529576,0.815887,0.184113,12.0822,0,0.0,0,0,0,0,0.00148,-0.00371584,0.0647847,0.064908,1,0,361.2,0.0607663,0.116631,-0.057889,-0.753182,-0.644797,-3.15399e-06,-2.77179e-05,2.61906e-05,-3.15399e-06,2.77179e-05,-2.61906e-05,362,-0.124905,-0.0290504,-0.017334,-0.999428,0,0,0,0,0,0,0,0,1,1,1,1,1,362,0.0133043,10_36.0_50,Firesat_Attack_RWA,2025-08-28 20:59:17.074,2025-08-28 20:59:16.944,2071-06-24 12:14:59,-25.97945341727838,56.08615101600213,36.0,50.0,attack_rwa,Firesat_Attack_RWA_10_36.0_50,RWA
363,2025,10,0,12,15,18,0.979872,-0.45396,900071,76.5311,-68.5336,102.0,0.0,0.0,0.0,0.511886,0.436118,0.536144,0.510218,0.12115,-0.00124122,0.000155151,-0.992633,-3949770.0,849453.0,6053920.0,6212.73,570.687,3974.23,-0.00842038,-0.0144734,-0.827691,0.00122563,-0.00477409,0.0675246,0.0677042,363,363,363,50.0,-0.424523,-250.671,-0.00523416,0.0384701,0.21,-0.00990263,-0.113041,-0.967776,0,0,0,0,0,0,-0.160483,-0.754715,-0.820791,-3949780.0,849452.0,6053920.0,6214.25,570.434,3974.12,-3949770.0,849453.0,6053920.0,6212.73,570.687,3974.23,7274170.0,0.000555461,98.0406,-179.917,-125.505,-177.35,8,1,1443356118,303318,2386,529577,0.815889,0.184111,14.3719,0,0.0,0,0,0,0,0.00122563,-0.00477409,0.0675246,0.0677042,1,0,362.2,0.0640963,0.111793,-0.0645984,-0.73279,-0.668093,-4.86819e-06,-2.74695e-05,2.62099e-05,-4.86819e-06,2.74695e-05,-2.62099e-05,363,-0.1249,-0.0335962,-0.0177451,-0.999278,0,0,0,0,0,0,0,0,1,1,1,1,1,363,0.0167448,10_36.0_50,Firesat_Attack_RWA,2025-08-28 20:59:17.074,2025-08-28 20:59:16.944,2071-06-24 12:15:00,-26.00999206775885,56.142530063043,36.0,50.0,attack_rwa,Firesat_Attack_RWA_10_36.0_50,RWA
364,2025,10,0,12,15,19,0.980857,-0.454491,900070,76.5311,-68.5336,102.0,0.0,0.0,0.0,0.495461,0.454936,0.520763,0.525698,0.121186,-0.00124121,0.000155197,-0.992629,-3943580.0,850014.0,6057900.0,6216.81,569.725,3967.72,-0.0107256,-0.0176549,-0.79792,0.000943562,-0.00537155,0.0702542,0.0704655,364,364,364,50.0,-2.79731,-261.046,-0.00108299,0.0552261,0.21,-0.0199622,-0.131327,-0.810299,0,0,0,0,0,0,-0.215564,-0.739229,-0.817969,-3943560.0,850022.0,6057890.0,6218.36,569.551,3967.88,-3943580.0,850014.0,6057900.0,6216.81,569.725,3967.72,7274230.0,0.000547003,98.0405,-179.917,-125.48,-177.317,8,1,1443356119,303319,2386,529578,0.815891,0.184109,17.0108,0,0.0,0,0,0,0,0.000943562,-0.00537155,0.0702542,0.0704655,1,0,363.2,0.0663387,0.10716,-0.0711336,-0.710769,-0.691567,-6.61892e-06,-2.70977e-05,2.62335e-05,-6.61892e-06,2.70977e-05,-2.62335e-05,364,-0.1249,-0.0385677,-0.0166521,-0.999117,0,0,0,0,0,0,0,0,1,1,1,1,1,364,0.0206579,10_36.0_50,Firesat_Attack_RWA,2025-08-28 20:59:17.074,2025-08-28 20:59:16.944,2071-06-24 12:15:01,-26.04041612668029,56.19896640586339,36.0,50.0,attack_rwa,Firesat_Attack_RWA_10_36.0_50,RWA
365,2025,10,0,12,15,20,0.98184,-0.455023,900074,76.5311,-68.5336,102.0,0.0,0.0,0.0,0.47818,0.474285,0.503663,0.541037,0.121223,-0.00124121,0.000155242,-0.992625,-3937360.0,850589.0,6061840.0,6220.79,568.783,3961.56,-0.0140506,-0.0218825,-0.763486,0.000653718,-0.00564961,0.0729789,0.0732001,365,365,365,50.0,-5.957,-271.422,0.00462288,0.0676168,0.21,-0.032099,-0.145081,-0.640642,0,0,0,0,0,0,-0.271883,-0.722851,-0.81894,-3937350.0,850588.0,6061860.0,6222.37,568.652,3961.61,-3937360.0,850589.0,6061840.0,6220.79,568.783,3961.56,7274140.0,0.000560276,98.0404,-179.917,-125.173,-177.566,8,1,1443356120,303320,2386,529580,0.815893,0.184107,19.8022,0,0.0,0,0,0,0,0.000653718,-0.00564961,0.0729789,0.0732001,1,0,364.2,0.0693074,0.102813,-0.0781855,-0.686849,-0.71523,-8.40509e-06,-2.65906e-05,2.62611e-05,-8.40509e-06,2.65906e-05,-2.62611e-05,365,-0.124903,-0.0449833,-0.0147058,-0.998879,0,0,0,0,0,0,0,0,1,1,1,1,1,365,0.0260058,10_36.0_50,Firesat_Attack_RWA,2025-08-28 20:59:17.074,2025-08-28 20:59:16.944,2071-06-24 12:15:02,-26.07089748138126,56.25528815712475,36.0,50.0,attack_rwa,Firesat_Attack_RWA_10_36.0_50,RWA
366,2025,10,0,12,15,21,0.982822,-0.455558,900071,76.5311,-68.5336,102.0,0.0,0.0,0.0,0.45979,0.493386,0.485385,0.556385,0.121259,-0.0012412,0.000155287,-0.99262,-3931140.0,851156.0,6065820.0,6224.76,568.129,3955.38,-0.0177842,-0.0254744,-0.725093,0.000357295,-0.00573815,0.0757019,0.0759199,366,366,366,50.0,-9.60799,-281.798,0.0109826,0.0748131,0.21,-0.0454118,-0.15348,-0.472893,0,0,0,0,0,0,-0.329114,-0.705622,-0.824004,-3931130.0,851157.0,6065810.0,6226.41,567.776,3955.29,-3931140.0,851156.0,6065820.0,6224.76,568.129,3955.37,7274030.0,0.000575498,98.0405,-179.917,-125.486,-177.194,8,1,1443356121,303321,2386,529582,0.815896,0.184104,22.5995,0,0.0,0,0,0,0,0.000357295,-0.00573815,0.0757019,0.0759199,1,0,365.2,0.0713513,0.0982327,-0.0850291,-0.661329,-0.738759,-1.02205e-05,-2.5936e-05,2.6292e-05,-1.02205e-05,2.5936e-05,-2.6292e-05,366,-0.124902,-0.0509892,-0.0117617,-0.99863,0,0,0,0,0,0,0,0,1,1,1,1,1,366,0.0310693,10_36.0_50,Firesat_Attack_RWA,2025-08-28 20:59:17.074,2025-08-28 20:59:16.944,2071-06-24 12:15:03,-26.10155072342076,56.31155261260659,36.0,50.0,attack_rwa,Firesat_Attack_RWA_10_36.0_50,RWA
367,2025,10,0,12,15,22,0.983806,-0.456093,900075,76.5311,-68.5336,102.0,0.0,0.0,0.0,0.439809,0.513046,0.465532,0.571516,0.121295,-0.00124119,0.000155332,-0.992616,-3924920.0,851706.0,6069760.0,6229.1,567.075,3948.71,-0.021369,-0.0297178,-0.681412,4.46023e-05,-0.00568982,0.0784249,0.078631,367,367,367,50.0,-13.6192,-292.174,0.0168276,0.0808396,0.21,-0.0587195,-0.160488,-0.294254,0,0,0,0,0,0,-0.386907,-0.68703,-0.83279,-3924910.0,851721.0,6069760.0,6230.43,566.878,3949.04,-3924920.0,851706.0,6069770.0,6229.1,567.075,3948.71,7274000.0,0.000579932,98.0404,-179.917,-125.043,-177.58,8,1,1443356122,303322,2386,529584,0.815899,0.184101,25.2966,0,0.0,0,0,0,0,4.46023e-05,-0.00568982,0.0784249,0.078631,1,0,366.2,0.0750734,0.0932526,-0.0924548,-0.633606,-0.76243,-1.20542e-05,-2.51222e-05,2.63254e-05,-1.20542e-05,2.51222e-05,-2.63254e-05,367,-0.124904,-0.0575567,-0.0087121,-0.998304,0,0,0,0,0,0,0,0,1,0,1,1,1,367,0.0366051,10_36.0_50,Firesat_Attack_RWA,2025-08-28 20:59:17.074,2025-08-28 20:59:16.944,2071-06-24 12:15:04,-26.132203965460256,56.36793165964747,36.0,50.0,attack_rwa,Firesat_Attack_RWA_10_36.0_50,RWA
368,2025,10,0,12,15,23,0.984789,-0.456629,900076,76.5311,-68.5336,102.0,0.0,0.0,0.0,0.418936,0.532242,0.444294,0.586356,0.121331,-0.00124119,0.000155378,-0.992611,-3918660.0,852301.0,6073700.0,6233.0,566.208,3942.81,-0.0258095,-0.0336048,-0.634158,-0.000272361,-0.0055426,0.0803043,0.0804959,368,368,368,50.0,-17.8806,-299.527,0.0243407,0.0849987,0.116764,-0.0736669,-0.164635,-0.122428,0,0,0,0,0,0,-0.446133,-0.666912,-0.845807,-3918680.0,852284.0,6073710.0,6234.46,565.97,3942.75,-3918660.0,852301.0,6073700.0,6233.0,566.208,3942.81,7273940.0,0.000587897,98.0403,-179.917,-124.999,-177.565,8,1,1443356123,303323,2386,529586,0.815902,0.184098,27.8004,0,0.0,0,0,0,0,-0.000272361,-0.0055426,0.0803043,0.0804959,1,0,367.2,0.0768283,0.088336,-0.099667,-0.604236,-0.785597,-1.38845e-05,-2.41428e-05,2.636e-05,-1.38845e-05,2.41428e-05,-2.636e-05,368,-0.124907,-0.0640085,-0.00426375,-0.99794,0,0,0,0,0,0,0,0,1,1,1,1,1,368,0.0423754,10_36.0_50,Firesat_Attack_RWA,2025-08-28 20:59:17.074,2025-08-28 20:59:16.944,2071-06-24 12:15:05,-26.162914503279268,56.42425341090883,36.0,50.0,attack_rwa,Firesat_Attack_RWA_10_36.0_50,RWA
369,2025,10,0,12,15,24,0.985772,-0.45717,900070,76.5311,-68.5336,102.0,0.0,0.0,0.0,0.396781,0.55112,0.421157,0.601214,0.121367,-0.00124118,0.000155423,-0.992607,-3912430.0,852887.0,6077650.0,6236.86,565.31,3936.45,-0.0313906,-0.0369047,-0.581841,-0.000554994,-0.00530272,0.0802502,0.0804271,369,369,369,50.0,-22.3061,-299.785,0.0346957,0.0877648,-0.0167529,-0.0903519,-0.165629,0.011223,0,0,0,0,0,0,-0.505106,-0.647299,-0.864063,-3912430.0,852861.0,6077650.0,6238.57,565.166,3936.45,-3912430.0,852887.0,6077650.0,6236.86,565.31,3936.45,7274020.0,0.000575882,98.0407,-179.917,-125.492,-177.013,8,1,1443356124,303324,2386,529588,0.815906,0.184094,30.0321,0,0.0,0,0,0,0,-0.000554994,-0.00530272,0.0802502,0.0804271,1,0,368.2,0.0800879,0.0834586,-0.106608,-0.572576,-0.808595,-1.56625e-05,-2.3012e-05,2.63949e-05,-1.56625e-05,2.3012e-05,-2.63949e-05,369,-0.124899,-0.0701103,0.00202791,-0.997537,0,0,0,0,0,0,0,0,1,1,1,1,1,369,0.0484539,10_36.0_50,Firesat_Attack_RWA,2025-08-28 20:59:17.074,2025-08-28 20:59:16.944,2071-06-24 12:15:06,-26.193911519995847,56.48057516217018,36.0,50.0,attack_rwa,Firesat_Attack_RWA_10_36.0_50,RWA
370,2025,10,0,12,15,25,0.986756,-0.457713,900074,76.5311,-68.5336,102.0,0.0,0.0,0.0,0.373481,0.568808,0.397516,0.61559,0.121404,-0.00124118,0.000155468,-0.992602,-3906190.0,853427.0,6081590.0,6241.12,564.518,3930.14,-0.0363832,-0.0385862,-0.527265,-0.000784454,-0.00500254,0.0785744,0.0787374,370,370,370,50.0,-26.7498,-293.983,0.0443457,0.0874838,-0.114899,-0.104878,-0.162351,0.109528,0,0,0,0,0,0,-0.561223,-0.630182,-0.887,-3906190.0,853435.0,6081580.0,6242.63,564.352,3930.2,-3906190.0,853427.0,6081590.0,6241.12,564.518,3930.14,7274110.0,0.000563578,98.041,-179.916,-125.097,-177.35,8,1,1443356125,303325,2386,529591,0.81591,0.18409,31.935,0,0.0,0,0,0,0,-0.000784454,-0.00500254,0.0785744,0.0787374,1,0,369.2,0.0805372,0.077932,-0.112852,-0.539846,-0.830517,-1.73354e-05,-2.17618e-05,2.64294e-05,-1.73354e-05,2.17618e-05,-2.64294e-05,370,-0.124892,-0.0742302,0.00864887,-0.997204,0,0,0,0,0,0,0,0,0,1,1,1,1,370,0.0530405,10_36.0_50,Firesat_Attack_RWA,2025-08-28 20:59:17.074,2025-08-28 20:59:16.944,2071-06-24 12:15:07,-26.22502312827145,56.53695420921106,36.0,50.0,attack_rwa,Firesat_Attack_RWA_10_36.0_50,RWA
371,2025,10,0,12,15,26,0.98774,-0.458253,900075,76.5311,-68.5336,102.0,0.0,0.0,0.0,0.349955,0.58584,0.373261,0.62849,0.12144,-0.00124117,0.000155513,-0.992598,-3899940.0,853983.0,6085500.0,6244.85,563.657,3924.14,-0.0414084,-0.041214,-0.471681,-0.000941823,-0.00461455,0.0759699,0.0761157,371,371,371,50.0,-31.2289,-284.696,0.0536717,0.0876722,-0.199466,-0.117781,-0.159144,0.19433,0,0,0,0,0,0,-0.614028,-0.616699,-0.913912,-3899940.0,853994.0,6085510.0,6246.67,563.434,3923.93,-3899940.0,853983.0,6085500.0,6244.85,563.657,3924.14,7274140.0,0.000560879,98.0408,-179.916,-124.978,-177.411,8,1,1443356126,303326,2386,529593,0.815914,0.184086,33.4767,0,0.0,0,0,0,0,-0.000941823,-0.00461455,0.0759699,0.0761157,1,0,370.2,0.0799627,0.0725732,-0.119405,-0.506483,-0.850853,-1.88724e-05,-2.04256e-05,2.64627e-05,-1.88724e-05,2.04256e-05,-2.64627e-05,371,-0.124896,-0.0789677,0.0153926,-0.996758,0,0,0,0,0,0,0,0,0,0,1,1,1,371,0.0584314,10_36.0_50,Firesat_Attack_RWA,2025-08-28 20:59:17.074,2025-08-28 20:59:16.944,2071-06-24 12:15:08,-26.255962849208515,56.59333325625193,36.0,50.0,attack_rwa,Firesat_Attack_RWA_10_36.0_50,RWA
372,2025,10,0,12,15,27,0.988723,-0.458795,900069,76.5311,-68.5336,102.0,0.0,0.0,0.0,0.326323,0.601457,0.349487,0.640017,0.121476,-0.00124117,0.000155559,-0.992594,-3893700.0,854566.0,6089420.0,6249.1,562.529,3917.55,-0.0454069,-0.0432969,-0.416829,-0.00103816,-0.00417662,0.0731299,0.0732564,372,372,372,50.0,-35.6549,-274.425,0.0605,0.0853785,-0.21,-0.127328,-0.153636,0.271811,0,0,0,0,0,0,-0.662822,-0.607204,-0.943117,-3893700.0,854554.0,6089430.0,6250.71,562.532,3917.6,-3893700.0,854566.0,6089420.0,6249.1,562.529,3917.55,7274090.0,0.000566168,98.0407,-179.917,-125.503,-176.828,8,1,1443356127,303327,2386,529596,0.815918,0.184082,34.6352,0,0.0,0,0,0,0,-0.00103816,-0.00417662,0.0731299,0.0732564,1,0,371.2,0.0774756,0.0668508,-0.125586,-0.473454,-0.869253,-2.02623e-05,-1.90321e-05,2.64937e-05,-2.02623e-05,1.90321e-05,-2.64937e-05,372,-0.124898,-0.0826477,0.0215116,-0.996347,0,0,0,0,0,0,0,0,0,1,1,1,1,372,0.0627511,10_36.0_50,Firesat_Attack_RWA,2025-08-28 20:59:17.074,2025-08-28 20:59:16.944,2071-06-24 12:15:09,-26.287017161704604,56.649655007513296,36.0,50.0,attack_rwa,Firesat_Attack_RWA_10_36.0_50,RWA
373,2025,10,0,12,15,28,0.989705,-0.459339,900069,76.5311,-68.5336,102.0,0.0,0.0,0.0,0.303373,0.615054,0.325967,0.650707,0.121512,-0.00124116,0.000155604,-0.992589,-3887450.0,855099.0,6093340.0,6253.07,561.916,3911.26,-0.0501553,-0.0437651,-0.36363,-0.00106246,-0.00377605,0.0702656,0.0703751,373,373,373,50.0,-39.8524,-264.049,0.0681949,0.0804172,-0.21,-0.137111,-0.145864,0.336883,0,0,0,0,0,0,-0.70901,-0.601449,-0.974086,-3887450.0,855119.0,6093340.0,6254.71,561.664,3911.29,-3887450.0,855099.0,6093340.0,6253.07,561.916,3911.26,7274040.0,0.000572878,98.0408,-179.916,-125.524,-176.748,8,1,1443356128,303328,2386,529599,0.815923,0.184077,35.4212,0,0.0,0,0,0,0,-0.00106246,-0.00377605,0.0702656,0.0703751,1,0,372.2,0.0742737,0.0615418,-0.130592,-0.441024,-0.885808,-2.15083e-05,-1.7599e-05,2.65218e-05,-2.15083e-05,1.7599e-05,-2.65218e-05,373,-0.124896,-0.0846234,0.0288116,-0.995996,0,0,0,0,0,0,0,0,0,1,1,1,1,373,0.0665776,10_36.0_50,Firesat_Attack_RWA,2025-08-28 20:59:17.074,2025-08-28 20:59:16.944,2071-06-24 12:15:10,-26.31818606575972,56.70591946299514,36.0,50.0,attack_rwa,Firesat_Attack_RWA_10_36.0_50,RWA
374,2025,10,0,12,15,29,0.990688,-0.459883,900069,76.5311,-68.5336,102.0,0.0,0.0,0.0,0.280974,0.627302,0.303069,0.660072,0.121548,-0.00124116,0.000155649,-0.992585,-3881210.0,855678.0,6097250.0,6257.08,561.086,3905.11,-0.0544996,-0.0440224,-0.312317,-0.00102087,-0.0034278,0.0674053,0.0675001,374,374,374,50.0,-43.8033,-253.673,0.0739927,0.0756795,-0.21,-0.144439,-0.138667,0.404609,0,0,0,0,0,0,-0.752865,-0.599218,-1.00566,-3881190.0,855672.0,6097250.0,6258.7,560.729,3904.98,-3881200.0,855678.0,6097250.0,6257.08,561.086,3905.11,7274000.0,0.000579266,98.0406,-179.917,-125.471,-176.743,8,1,1443356129,303329,2386,529602,0.815927,0.184073,35.8764,0,0.0,0,0,0,0,-0.00102087,-0.0034278,0.0674053,0.0675001,1,0,373.2,0.0711019,0.0563268,-0.135254,-0.40942,-0.900505,-2.26147e-05,-1.61418e-05,2.6548e-05,-2.26147e-05,1.61418e-05,-2.6548e-05,374,-0.124902,-0.0860257,0.0357885,-0.99565,0,0,0,0,0,0,0,0,0,1,1,1,1,374,0.0700727,10_36.0_50,Firesat_Attack_RWA,2025-08-28 20:59:17.074,2025-08-28 20:59:16.944,2071-06-24 12:15:11,-26.34935496981484,56.7622412142565,36.0,50.0,attack_rwa,Firesat_Attack_RWA_10_36.0_50,RWA
375,2025,10,0,12,15,30,0.99167,-0.46043,900074,76.5311,-68.5336,102.0,0.0,0.0,0.0,0.258765,0.638466,0.280356,0.668432,0.121585,-0.00124115,0.000155694,-0.99258,-3874940.0,856237.0,6101170.0,6261.24,560.027,3898.52,-0.0586298,-0.0440112,-0.261418,-0.00092538,-0.00313351,0.0645488,0.0646314,375,375,375,50.0,-47.519,-243.297,0.0789467,0.0713126,-0.21,-0.15041,-0.132094,0.464793,0,0,0,0,0,0,-0.794658,-0.599978,-1.03668,-3874940.0,856236.0,6101150.0,6262.67,559.864,3898.68,-3874940.0,856237.0,6101170.0,6261.24,560.027,3898.52,7273950.0,0.00058649,98.0407,-179.917,-125.07,-177.086,8,1,1443356130,303330,2386,529605,0.815932,0.184068,36.0469,0,0.0,0,0,0,0,-0.00092538,-0.00313351,0.0645488,0.0646314,1,0,374.2,0.0693906,0.0511624,-0.139604,-0.378076,-0.913757,-2.3587e-05,-1.46744e-05,2.65731e-05,-2.3587e-05,1.46744e-05,-2.65731e-05,375,-0.1249,-0.086845,0.0426916,-0.995307,0,0,0,0,0,0,0,0,0,0,1,1,1,375,0.073327,10_36.0_50,Firesat_Attack_RWA,2025-08-28 20:59:17.074,2025-08-28 20:59:16.944,2071-06-24 12:15:12,-26.380695761208493,56.81850566973835,36.0,50.0,attack_rwa,Firesat_Attack_RWA_10_36.0_50,RWA
376,2025,10,0,12,15,31,0.992653,-0.460979,900078,76.5311,-68.5336,102.0,0.0,0.0,0.0,0.237505,0.648353,0.258221,0.675686,0.121621,-0.00124114,0.00015574,-0.992576,-3868670.0,856794.0,6105050.0,6265.29,559.197,3892.51,-0.063011,-0.0438185,-0.212744,-0.000771949,-0.00288805,0.0616964,0.0617688,376,376,376,50.0,-51.0224,-232.921,0.0835723,0.067554,-0.21,-0.155574,-0.126366,0.522088,0,0,0,0,0,0,-0.834623,-0.604024,-1.06663,-3868670.0,856795.0,6105050.0,6266.67,558.981,3892.41,-3868670.0,856794.0,6105050.0,6265.29,559.197,3892.51,7273990.0,0.000580703,98.0406,-179.917,-124.663,-177.435,8,1,1443356131,303331,2386,529608,0.815937,0.184063,35.9804,0,0.0,0,0,0,0,-0.000771949,-0.00288805,0.0616964,0.0617688,1,0,375.2,0.066105,0.0464434,-0.143542,-0.347749,-0.92537,-2.44318e-05,-1.32095e-05,2.65979e-05,-2.44318e-05,1.32095e-05,-2.65979e-05,376,-0.1249,-0.0872638,0.0498287,-0.994938,0,0,0,0,0,0,0,0,0,1,1,1,1,376,0.0767682,10_36.0_50,Firesat_Attack_RWA,2025-08-28 20:59:17.074,2025-08-28 20:59:16.944,2071-06-24 12:15:13,-26.41215114416118,56.87482742099971,36.0,50.0,attack_rwa,Firesat_Attack_RWA_10_36.0_50,RWA
377,2025,10,0,12,15,32,0.993635,-0.461528,900073,76.5311,-68.5336,102.0,0.0,0.0,0.0,0.216935,0.656954,0.236859,0.682091,0.121657,-0.00124114,0.000155785,-0.992571,-3862420.0,857347.0,6108920.0,6269.46,558.28,3886.16,-0.0671274,-0.0429455,-0.166059,-0.000568805,-0.00269958,0.0588486,0.0589132,377,377,377,50.0,-54.3065,-222.545,0.0871038,0.0634156,-0.21,-0.1592,-0.120422,0.57353,0,0,0,0,0,0,-0.872988,-0.611011,-1.09474,-3862400.0,857352.0,6108940.0,6270.67,558.084,3886.06,-3862420.0,857347.0,6108920.0,6269.46,558.28,3886.16,7273940.0,0.000587101,98.0406,-179.917,-125.061,-176.979,8,1,1443356132,303332,2386,529611,0.815941,0.184059,35.7252,0,0.0,0,0,0,0,-0.000568805,-0.00269958,0.0588486,0.0589132,1,0,376.2,0.0630732,0.0418465,-0.146914,-0.318452,-0.93555,-2.51564e-05,-1.17582e-05,2.66232e-05,-2.51564e-05,1.17582e-05,-2.66232e-05,377,-0.124901,-0.0867365,0.0567215,-0.994615,0,0,0,0,0,0,0,0,0,1,1,1,1,377,0.0797106,10_36.0_50,Firesat_Attack_RWA,2025-08-28 20:59:17.074,2025-08-28 20:59:16.944,2071-06-24 12:15:14,-26.443606527113857,56.93109187648156,36.0,50.0,attack_rwa,Firesat_Attack_RWA_10_36.0_50,RWA
378,2025,10,0,12,15,33,0.994616,-0.462078,900075,76.5311,-68.5336,102.0,0.0,0.0,0.0,0.19701,0.66472,0.21681,0.687261,0.121693,-0.00124113,0.00015583,-0.992567,-3856150.0,857902.0,6112840.0,6273.15,557.265,3879.63,-0.0698761,-0.0423945,-0.121982,-0.000345505,-0.00254468,0.0560054,0.0560643,378,378,378,50.0,-57.4258,-212.169,0.0880082,0.0604512,-0.21,-0.159773,-0.115658,0.61632,0,0,0,0,0,0,-0.909866,-0.619466,-1.11993,-3856140.0,857907.0,6112820.0,6274.59,557.176,3879.72,-3856150.0,857902.0,6112840.0,6273.15,557.265,3879.63,7273820.0,0.000604843,98.0405,-179.917,-124.949,-177.032,8,1,1443356133,303333,2386,529614,0.815946,0.184054,35.3296,0,0.0,0,0,0,0,-0.000345505,-0.00254468,0.0560054,0.0560643,1,0,377.2,0.0595332,0.0370239,-0.15031,-0.290601,-0.944239,-2.57686e-05,-1.03305e-05,2.66493e-05,-2.57686e-05,1.03305e-05,-2.66493e-05,378,-0.124903,-0.0862489,0.0621129,-0.994336,0,0,0,0,0,0,0,0,0,1,1,1,1,378,0.0817538,10_36.0_50,Firesat_Attack_RWA,2025-08-28 20:59:17.074,2025-08-28 20:59:16.944,2071-06-24 12:15:15,-26.47511920584605,56.987299036183884,36.0,50.0,attack_rwa,Firesat_Attack_RWA_10_36.0_50,RWA
379,2025,10,0,12,15,34,0.995599,-0.46263,900083,76.5311,-68.5336,102.0,0.0,0.0,0.0,0.177677,0.671778,0.196697,0.691705,0.121729,-0.00124113,0.000155875,-0.992563,-3849880.0,858472.0,6116690.0,6276.99,556.895,3873.24,-0.0733157,-0.0420113,-0.0784348,-8.89726e-05,-0.00240568,0.0531674,0.0532219,379,379,379,50.0,-60.4208,-201.794,0.0897986,0.0583848,-0.21,-0.160824,-0.11184,0.662511,0,0,0,0,0,0,-0.945328,-0.630108,-1.14226,-3849870.0,858463.0,6116700.0,6278.53,556.283,3873.44,-3849880.0,858472.0,6116690.0,6276.99,556.895,3873.24,7273810.0,0.000606925,98.0405,-179.917,-124.231,-177.693,8,1,1443356134,303334,2386,529617,0.81595,0.18405,34.8293,0,0.0,0,0,0,0,-8.89726e-05,-0.00240568,0.0531674,0.0532219,1,0,378.2,0.0582391,0.0327237,-0.153543,-0.263036,-0.951928,-2.62773e-05,-8.93555e-06,2.66761e-05,-2.62773e-05,8.93555e-06,-2.66761e-05,379,-0.124905,-0.0857767,0.0681991,-0.993977,0,0,0,0,0,0,0,0,0,1,1,1,1,379,0.0845245,10_36.0_50,Firesat_Attack_RWA,2025-08-28 20:59:17.074,2025-08-28 20:59:16.944,2071-06-24 12:15:16,-26.506746476137277,57.04362078744525,36.0,50.0,attack_rwa,Firesat_Attack_RWA_10_36.0_50,RWA
380,2025,10,0,12,15,35,0.99658,-0.463185,900079,76.5311,-68.5336,102.0,0.0,0.0,0.0,0.158463,0.677734,0.178079,0.695596,0.121766,-0.00124112,0.000155921,-0.992558,-3843580.0,859027.0,6120560.0,6281.25,555.554,3867.32,-0.0747668,-0.0404623,-0.036878,0.000164821,-0.00230698,0.050335,0.0503881,380,380,380,50.0,-63.2394,-191.418,0.0882595,0.0548284,-0.21,-0.158158,-0.106418,0.699124,0,0,0,0,0,0,-0.979455,-0.6411,-1.16104,-3843590.0,859023.0,6120560.0,6282.5,555.426,3867.08,-3843580.0,859027.0,6120560.0,6281.25,555.554,3867.32,7273750.0,0.000614551,98.0406,-179.917,-124.565,-177.301,8,1,1443356135,303335,2386,529620,0.815955,0.184045,34.2593,0,0.0,0,0,0,0,0.000164821,-0.00230698,0.050335,0.0503881,1,0,379.2,0.0553705,0.0276631,-0.15619,-0.236765,-0.958531,-2.66918e-05,-7.58098e-06,2.67032e-05,-2.66918e-05,7.58098e-06,-2.67032e-05,380,-0.124901,-0.0839482,0.072254,-0.993847,0,0,0,0,0,0,0,0,0,1,1,1,1,380,0.085039,10_36.0_50,Firesat_Attack_RWA,2025-08-28 20:59:17.074,2025-08-28 20:59:16.944,2071-06-24 12:15:17,-26.53854563376704,57.09982794714758,36.0,50.0,attack_rwa,Firesat_Attack_RWA_10_36.0_50,RWA
381,2025,10,0,12,15,36,0.997563,-0.463742,900076,76.5311,-68.5336,102.0,0.0,0.0,0.0,0.141095,0.682717,0.160597,0.698712,0.121802,-0.00124112,0.000155966,-0.992554,-3837290.0,859599.0,6124440.0,6284.89,554.787,3860.93,-0.0769405,-0.0390011,0.000609033,0.000432497,-0.00223536,0.0475081,0.0475626,381,381,381,50.0,-65.9028,-181.042,0.0881746,0.0520119,-0.21,-0.156567,-0.101687,0.728938,0,0,0,0,0,0,-1.01221,-0.653309,-1.17652,-3837300.0,859582.0,6124430.0,6286.51,554.566,3860.75,-3837290.0,859599.0,6124440.0,6284.89,554.787,3860.93,7273810.0,0.000606035,98.0408,-179.916,-124.763,-177.044,8,1,1443356136,303336,2386,529623,0.815959,0.184041,33.6586,0,0.0,0,0,0,0,0.000432497,-0.00223536,0.0475081,0.0475626,1,0,380.2,0.0506667,0.0234636,-0.158484,-0.212483,-0.963942,-2.70208e-05,-6.27377e-06,2.67308e-05,-2.70208e-05,6.27377e-06,-2.67308e-05,381,-0.124898,-0.0822254,0.0767698,-0.993653,0,0,0,0,0,0,0,0,0,1,1,1,1,381,0.0862876,10_36.0_50,Firesat_Attack_RWA,2025-08-28 20:59:17.074,2025-08-28 20:59:16.944,2071-06-24 12:15:18,-26.57045938295582,57.15614969840894,36.0,50.0,attack_rwa,Firesat_Attack_RWA_10_36.0_50,RWA
382,2025,10,0,12,15,37,0.998545,-0.464301,900079,76.5311,-68.5336,102.0,0.0,0.0,0.0,0.123843,0.687236,0.144042,0.701157,0.121838,-0.00124111,0.000156011,-0.992549,-3831020.0,860129.0,6128300.0,6288.99,553.901,3854.54,-0.0777306,-0.0376018,0.0369717,0.00069525,-0.00217606,0.0446869,0.0447452,382,382,382,50.0,-68.441,-170.666,0.0859719,0.0498588,-0.21,-0.15249,-0.0974949,0.751954,0,0,0,0,0,0,-1.04359,-0.665761,-1.18856,-3831010.0,860142.0,6128290.0,6290.49,553.714,3854.45,-3831020.0,860129.0,6128300.0,6288.99,553.901,3854.54,7273890.0,0.000595204,98.041,-179.916,-124.448,-177.301,8,1,1443356137,303337,2386,529626,0.815963,0.184037,33.0561,0,0.0,0,0,0,0,0.00069525,-0.00217606,0.0446869,0.0447452,1,0,381.2,0.0489155,0.0188271,-0.160784,-0.189025,-0.968537,-2.72734e-05,-5.01946e-06,2.67584e-05,-2.72734e-05,5.01946e-06,-2.67584e-05,382,-0.124894,-0.0804932,0.0798397,-0.993552,0,0,0,0,0,0,0,0,0,1,1,1,1,382,0.0863746,10_36.0_50,Firesat_Attack_RWA,2025-08-28 20:59:17.074,2025-08-28 20:59:16.944,2071-06-24 12:15:19,-26.60248772370364,57.21241415389079,36.0,50.0,attack_rwa,Firesat_Attack_RWA_10_36.0_50,RWA
383,2025,10,0,12,15,38,0.999528,-0.464857,900082,76.5311,-68.5336,102.0,0.0,0.0,0.0,0.10767,0.691286,0.128089,0.70294,0.121874,-0.0012411,0.000156056,-0.992545,-3824710.0,860666.0,6132150.0,6293.12,552.78,3848.16,-0.078915,-0.0366903,0.0711797,0.000965876,-0.00210253,0.0418718,0.0419357,383,383,383,50.0,-70.9066,-160.29,0.0846628,0.0484559,-0.21,-0.148951,-0.0939746,0.772238,0,0,0,0,0,0,-1.07353,-0.679108,-1.19747,-3824720.0,860687.0,6132150.0,6294.44,552.766,3848.14,-3824710.0,860666.0,6132150.0,6293.12,552.78,3848.16,7273900.0,0.000594612,98.0406,-179.917,-124.164,-177.526,8,1,1443356138,303338,2386,529628,0.815968,0.184032,32.4701,0,0.0,0,0,0,0,0.000965876,-0.00210253,0.0418718,0.0419357,1,0,382.2,0.0462879,0.0147297,-0.163079,-0.166682,-0.97232,-2.74593e-05,-3.82279e-06,2.67852e-05,-2.74593e-05,3.82279e-06,-2.67852e-05,383,-0.124901,-0.079231,0.0831866,-0.993379,0,0,0,0,0,0,0,0,0,1,1,1,1,383,0.0870548,10_36.0_50,Firesat_Attack_RWA,2025-08-28 20:59:17.074,2025-08-28 20:59:16.944,2071-06-24 12:15:20,-26.63434417711291,57.26873590515215,36.0,50.0,attack_rwa,Firesat_Attack_RWA_10_36.0_50,RWA
384,2025,10,0,12,15,39,1.00051,-0.465415,900080,76.5311,-68.5336,102.0,0.0,0.0,0.0,0.0925269,0.694464,0.113539,0.704463,0.12191,-0.0012411,0.000156102,-0.99254,-3818430.0,861227.0,6135980.0,6296.67,552.362,3841.81,-0.0795259,-0.0349743,0.102227,0.00124071,-0.00203894,0.0390633,0.0391362,384,384,384,50.0,-73.245,-149.914,0.0823127,0.0457073,-0.21,-0.144036,-0.0890144,0.788853,0,0,0,0,0,0,-1.10204,-0.693149,-1.20348,-3818420.0,861230.0,6135990.0,6298.4,551.812,3841.8,-3818430.0,861227.0,6135980.0,6296.67,552.362,3841.81,7273900.0,0.00059368,98.0403,-179.917,-124.307,-177.326,8,1,1443356139,303339,2386,529631,0.815972,0.184028,31.9136,0,0.0,0,0,0,0,0.00124071,-0.00203894,0.0390633,0.0391362,1,0,383.2,0.0425899,0.0106704,-0.164808,-0.146077,-0.97539,-2.75877e-05,-2.68725e-06,2.68103e-05,-2.75877e-05,2.68725e-06,-2.68103e-05,384,-0.124909,-0.0772419,0.0857459,-0.993318,0,0,0,0,0,0,0,0,0,1,1,1,1,384,0.0869041,10_36.0_50,Firesat_Attack_RWA,2025-08-28 20:59:17.074,2025-08-28 20:59:16.944,2071-06-24 12:15:21,-26.66631522208121,57.32500036063399,36.0,50.0,attack_rwa,Firesat_Attack_RWA_10_36.0_50,RWA
385,2025,10,0,12,15,40,1.00149,-0.465976,900082,76.5311,-68.5336,102.0,0.0,0.0,0.0,0.0779671,0.697483,0.099671,0.70534,0.121946,-0.00124109,0.000156147,-0.992536,-3812130.0,861789.0,6139830.0,6300.84,551.285,3835.3,-0.0796934,-0.0339809,0.13194,0.0015141,-0.00196116,0.0362618,0.0363464,385,385,385,50.0,-75.5012,-139.539,0.0795314,0.0441572,-0.21,-0.138365,-0.0851402,0.80025,0,0,0,0,0,0,-1.12901,-0.707571,-1.20672,-3812130.0,861781.0,6139830.0,6302.3,550.921,3835.44,-3812130.0,861789.0,6139830.0,6300.84,551.285,3835.3,7273820.0,0.000605249,98.0403,-179.917,-124.186,-177.389,8,1,1443356140,303340,2386,529634,0.815976,0.184024,31.402,0,0.0,0,0,0,0,0.0015141,-0.00196116,0.0362618,0.0363464,1,0,384.2,0.040704,0.00669797,-0.166778,-0.126366,-0.97784,-2.76675e-05,-1.61564e-06,2.68331e-05,-2.76675e-05,1.61564e-06,-2.68331e-05,385,-0.124909,-0.0759964,0.0878226,-0.993233,0,0,0,0,0,0,0,0,0,1,1,1,1,385,0.0866628,10_36.0_50,Firesat_Attack_RWA,2025-08-28 20:59:17.074,2025-08-28 20:59:16.944,2071-06-24 12:15:22,-26.69845815438805,57.38115022455681,36.0,50.0,attack_rwa,Firesat_Attack_RWA_10_36.0_50,RWA
386,2025,10,0,12,15,41,1.00247,-0.46654,900083,76.5311,-68.5336,102.0,0.0,0.0,0.0,0.0643304,0.699953,0.0866747,0.705985,0.121983,-0.00124109,0.000156192,-0.992531,-3805830.0,862332.0,6143650.0,6304.71,550.316,3829.15,-0.0798453,-0.032683,0.159439,0.00179251,-0.00187628,0.0334679,0.0335683,386,386,386,50.0,-77.6568,-129.163,0.0769699,0.0421211,-0.21,-0.132609,-0.0806859,0.805839,0,0,0,0,0,0,-1.1544,-0.722684,-1.20756,-3805820.0,862335.0,6143660.0,6306.23,550.052,3829.09,-3805830.0,862332.0,6143650.0,6304.71,550.316,3829.15,7273810.0,0.000607356,98.0404,-179.917,-124.061,-177.455,8,1,1443356141,303341,2386,529636,0.81598,0.18402,30.9407,0,0.0,0,0,0,0,0.00179251,-0.00187628,0.0334679,0.0335683,1,0,385.2,0.0380209,0.0029818,-0.168432,-0.107898,-0.979786,-2.77074e-05,-6.09986e-07,2.68526e-05,-2.77074e-05,6.09986e-07,-2.68526e-05,386,-0.124906,-0.0745061,0.0897403,-0.993174,0,0,0,0,0,0,0,0,0,1,1,1,1,386,0.0863022,10_36.0_50,Firesat_Attack_RWA,2025-08-28 20:59:17.074,2025-08-28 20:59:16.944,2071-06-24 12:15:23,-26.730772974033428,57.43730008847963,36.0,50.0,attack_rwa,Firesat_Attack_RWA_10_36.0_50,RWA
387,2025,10,0,12,15,42,1.00345,-0.467104,900083,76.5311,-68.5336,102.0,0.0,0.0,0.0,0.0514571,0.702401,0.0750487,0.705941,0.122019,-0.00124108,0.000156237,-0.992527,-3799540.0,862895.0,6147500.0,6308.72,549.516,3822.55,-0.0788151,-0.0323121,0.184321,0.00205926,-0.0017542,0.0306819,0.0308009,387,387,387,50.0,-79.7706,-118.787,0.0725618,0.0410221,-0.21,-0.124715,-0.0770318,0.80634,0,0,0,0,0,0,-1.17808,-0.737588,-1.20625,-3799520.0,862885.0,6147480.0,6310.13,549.165,3822.72,-3799540.0,862895.0,6147500.0,6308.72,549.516,3822.55,7273750.0,0.000615111,98.0405,-179.917,-124.091,-177.367,8,1,1443356142,303342,2386,529639,0.815984,0.184016,30.5314,0,0.0,0,0,0,0,0.00205926,-0.0017542,0.0306819,0.0308009,1,0,386.2,0.0350369,0.000894957,0.170463,0.0909909,0.981154,-2.77158e-05,3.28262e-07,2.68678e-05,-2.77158e-05,-3.28262e-07,-2.68678e-05,387,-0.124906,-0.0741296,0.0904168,-0.993141,0,0,0,0,0,0,0,0,0,1,1,1,1,387,0.0852073,10_36.0_50,Firesat_Attack_RWA,2025-08-28 20:59:17.074,2025-08-28 20:59:16.944,2071-06-24 12:15:24,-26.763087793678807,57.49344995240246,36.0,50.0,attack_rwa,Firesat_Attack_RWA_10_36.0_50,RWA
388,2025,10,0,12,15,43,1.00443,-0.467671,900092,76.5311,-68.5336,102.0,0.0,0.0,0.0,0.0393963,0.703978,0.0643552,0.706203,0.122055,-0.00124108,0.000156283,-0.992523,-3793200.0,863433.0,6151310.0,6312.84,548.749,3816.49,-0.0777778,-0.0304093,0.206983,0.00231832,-0.00164898,0.0279043,0.028049,388,388,388,50.0,-81.7214,-108.411,0.0686327,0.0376507,-0.21,-0.117037,-0.0709847,0.800871,0,0,0,0,0,0,-1.20003,-0.752447,-1.20323,-3793210.0,863437.0,6151310.0,6314.02,548.298,3816.41,-3793200.0,863433.0,6151310.0,6312.84,548.749,3816.49,7273760.0,0.000614068,98.0406,-179.917,-123.277,-178.122,8,1,1443356143,303343,2386,529641,0.815988,0.184012,30.1736,0,0.0,0,0,0,0,0.00231832,-0.00164898,0.0279043,0.028049,1,0,387.2,0.0323947,0.00464103,0.171604,0.0753135,0.982272,-2.77005e-05,1.19792e-06,2.68778e-05,-2.77005e-05,-1.19792e-06,-2.68778e-05,388,-0.124904,-0.0723408,0.090829,-0.993236,0,0,0,0,0,0,0,0,0,1,1,1,1,388,0.0835354,10_36.0_50,Firesat_Attack_RWA,2025-08-28 20:59:17.074,2025-08-28 20:59:16.944,2071-06-24 12:15:25,-26.795574500662724,57.54959981632528,36.0,50.0,attack_rwa,Firesat_Attack_RWA_10_36.0_50,RWA
389,2025,10,0,12,15,44,1.00542,-0.468238,900088,76.5311,-68.5336,102.0,0.0,0.0,0.0,0.0285072,0.705476,0.0549046,0.706029,0.122091,-0.00124107,0.000156328,-0.992518,-3786900.0,863965.0,6155120.0,6316.53,547.498,3810.0,-0.0764051,-0.0291856,0.226575,0.00257181,-0.00153467,0.0251349,0.0253127,389,389,389,50.0,-83.5553,-98.0354,0.0643992,0.0354639,-0.21,-0.108805,-0.0660109,0.78912,0,0,0,0,0,0,-1.2201,-0.767338,-1.19871,-3786890.0,863981.0,6155120.0,6317.97,547.376,3810.04,-3786900.0,863965.0,6155120.0,6316.53,547.498,3810.0,7273790.0,0.000610721,98.0404,-179.917,-123.62,-177.721,8,1,1443356144,303344,2386,529644,0.815992,0.184008,29.8777,0,0.0,0,0,0,0,0.00257181,-0.00153467,0.0251349,0.0253127,1,0,388.2,0.0289942,0.00814023,0.17293,0.0613263,0.982989,-2.76681e-05,1.99836e-06,2.68825e-05,-2.76681e-05,-1.99836e-06,-2.68825e-05,389,-0.124907,-0.0714119,0.0907944,-0.993306,0,0,0,0,0,0,0,0,0,1,1,1,1,389,0.0818124,10_36.0_50,Firesat_Attack_RWA,2025-08-28 20:59:17.074,2025-08-28 20:59:16.944,2071-06-24 12:15:26,-26.82806120764664,57.60632263804323,36.0,50.0,attack_rwa,Firesat_Attack_RWA_10_36.0_50,RWA
390,2025,10,0,12,15,45,1.0064,-0.468806,900083,76.5311,-68.5336,102.0,0.0,0.0,0.0,0.0182337,0.706825,0.0462211,0.705642,0.122127,-0.00124106,0.000156373,-0.992514,-3780570.0,864539.0,6158910.0,6320.46,546.76,3803.73,-0.0747003,-0.0281366,0.244566,0.00281894,-0.00140224,0.0223741,0.0225946,390,390,390,50.0,-85.289,-87.6597,0.0596558,0.0333215,-0.21,-0.0998356,-0.0609722,0.777907,0,0,0,0,0,0,-1.23823,-0.782184,-1.19307,-3780570.0,864523.0,6158920.0,6321.87,546.452,3803.64,-3780570.0,864539.0,6158910.0,6320.46,546.76,3803.73,7273730.0,0.000618561,98.0403,-179.917,-124.012,-177.27,8,1,1443356145,303345,2386,529646,0.815995,0.184005,29.6405,0,0.0,0,0,0,0,0.00281894,-0.00140224,0.0223741,0.0225946,1,0,389.2,0.0270499,0.0115752,0.174257,0.0483205,0.983446,-2.76251e-05,2.72931e-06,2.68813e-05,-2.76251e-05,-2.72931e-06,-2.68813e-05,390,-0.12491,-0.0707825,0.0903684,-0.99339,0,0,0,0,0,0,0,0,0,1,1,1,1,390,0.0798448,10_36.0_50,Firesat_Attack_RWA,2025-08-28 20:59:17.074,2025-08-28 20:59:16.944,2071-06-24 12:15:27,-26.86060521041007,57.66247250196605,36.0,50.0,attack_rwa,Firesat_Attack_RWA_10_36.0_50,RWA
391,2025,10,0,12,15,46,1.00738,-0.469379,900079,76.5311,-68.5336,102.0,0.0,0.0,0.0,0.00913096,0.707725,0.0391886,0.705341,0.122164,-0.00124106,0.000156418,-0.992509,-3774250.0,865094.0,6162730.0,6324.16,545.741,3797.04,-0.0723185,-0.0264741,0.258954,0.00304999,-0.0012726,0.0196219,0.0198983,391,391,391,50.0,-86.8718,-77.2839,0.0543248,0.030021,-0.21,-0.090076,-0.0546551,0.755112,0,0,0,0,0,0,-1.25434,-0.796441,-1.18671,-3774250.0,865079.0,6162720.0,6325.78,545.62,3797.23,-3774250.0,865094.0,6162730.0,6324.16,545.741,3797.04,7273690.0,0.000622828,98.0406,-179.917,-124.395,-176.829,8,1,1443356146,303346,2386,529649,0.815999,0.184001,29.4594,0,0.0,0,0,0,0,0.00304999,-0.0012726,0.0196219,0.0198983,1,0,390.2,0.0230841,0.014998,0.175167,0.0373387,0.983716,-2.75776e-05,3.39058e-06,2.68736e-05,-2.75776e-05,-3.39058e-06,-2.68736e-05,391,-0.124903,-0.0698349,0.0889916,-0.993581,0,0,0,0,0,0,0,0,0,1,1,1,1,391,0.077031,10_36.0_50,Firesat_Attack_RWA,2025-08-28 20:59:17.074,2025-08-28 20:59:16.944,2071-06-24 12:15:28,-26.893435692071066,57.71862236588887,36.0,50.0,attack_rwa,Firesat_Attack_RWA_10_36.0_50,RWA
392,2025,10,0,12,15,47,1.00836,-0.469952,900084,76.5311,-68.5336,102.0,0.0,0.0,0.0,0.000455072,0.708786,0.0330025,0.704651,0.1222,-0.00124105,0.000156464,-0.992505,-3767940.0,865627.0,6166520.0,6327.79,545.345,3791.18,-0.0691454,-0.0256038,0.271876,0.00325715,-0.00112142,0.0168781,0.017226,392,392,392,50.0,-88.3489,-66.9081,0.0481406,0.0281102,-0.21,-0.0792801,-0.0496068,0.728545,0,0,0,0,0,0,-1.26832,-0.80966,-1.17998,-3767920.0,865630.0,6166520.0,6329.67,544.768,3790.88,-3767940.0,865627.0,6166520.0,6327.79,545.345,3791.18,7273710.0,0.000621046,98.0408,-179.916,-123.916,-177.25,8,1,1443356147,303347,2386,529651,0.816003,0.183997,29.3322,0,0.0,0,0,0,0,0.00325715,-0.00112142,0.0168781,0.017226,1,0,391.2,0.0214611,0.0185567,0.176432,0.0272951,0.983759,-2.75306e-05,3.98193e-06,2.68595e-05,-2.75306e-05,-3.98193e-06,-2.68595e-05,392,-0.124899,-0.0698782,0.086859,-0.993767,0,0,0,0,0,0,0,0,0,1,1,1,1,392,0.0737502,10_36.0_50,Firesat_Attack_RWA,2025-08-28 20:59:17.074,2025-08-28 20:59:16.944,2071-06-24 12:15:29,-26.926266173732063,57.77477222981169,36.0,50.0,attack_rwa,Firesat_Attack_RWA_10_36.0_50,RWA
393,2025,10,0,12,15,48,1.00934,-0.470525,900090,76.5311,-68.5336,102.0,0.0,0.0,0.0,0.00674092,-0.709318,-0.0273697,-0.704325,0.122236,-0.00124105,0.000156509,-0.9925,-3761600.0,866165.0,6170300.0,6331.91,544.231,3784.46,-0.0673822,-0.0238817,0.28212,0.00347466,-0.000972461,0.0141426,0.0145956,393,393,393,50.0,-89.6662,-56.5324,0.0446513,0.0246631,-0.21,-0.0710244,-0.0429556,0.697676,0,0,0,0,0,0,-1.28011,-0.823593,-1.17296,-3761600.0,866172.0,6170310.0,6333.51,543.859,3784.53,-3761600.0,866165.0,6170300.0,6331.91,544.231,3784.46,7273650.0,0.000629285,98.0407,-179.916,-123.389,-177.719,8,1,1443356148,303348,2386,529654,0.816007,0.183993,29.2505,0,0.0,0,0,0,0,0.00347466,-0.000972461,0.0141426,0.0145956,1,0,392.2,0.0183196,0.0212204,0.177055,0.0185535,0.983797,-2.74891e-05,4.50341e-06,2.68383e-05,-2.74891e-05,-4.50341e-06,-2.68383e-05,393,-0.124901,-0.0690475,0.0858502,-0.993913,0,0,0,0,0,0,0,0,0,1,1,1,1,393,0.0715044,10_36.0_50,Firesat_Attack_RWA,2025-08-28 20:59:17.074,2025-08-28 20:59:16.944,2071-06-24 12:15:30,-26.95909665539306,57.83092209373451,36.0,50.0,attack_rwa,Firesat_Attack_RWA_10_36.0_50,RWA
394,2025,10,0,12,15,49,1.01032,-0.471099,900088,76.5311,-68.5336,102.0,0.0,0.0,0.0,0.0135593,-0.7099,-0.0231751,-0.703791,0.122272,-0.00124104,0.000156554,-0.992496,-3755270.0,866711.0,6174080.0,6336.1,543.124,3777.94,-0.0640069,-0.0224578,0.290138,0.00367796,-0.000817805,0.0114157,0.0120214,394,394,394,50.0,-90.8347,-46.1567,0.0383181,0.0217548,-0.21,-0.0597949,-0.036747,0.66312,0,0,0,0,0,0,-1.28963,-0.836955,-1.16604,-3755270.0,866712.0,6174090.0,6337.39,542.942,3778.13,-3755270.0,866711.0,6174080.0,6336.1,543.124,3777.94,7273620.0,0.000634143,98.0407,-179.917,-123.598,-177.452,8,1,1443356149,303349,2386,529656,0.81601,0.18399,29.2121,0,0.0,0,0,0,0,0.00367796,-0.000817805,0.0114157,0.0120214,1,0,393.2,0.0160885,0.0243998,0.177838,0.0112066,0.983693,-2.7457e-05,4.95552e-06,2.68103e-05,-2.7457e-05,-4.95552e-06,-2.68103e-05,394,-0.124903,-0.0688703,0.0831627,-0.994153,0,0,0,0,0,0,0,0,0,1,1,1,1,394,0.0678454,10_36.0_50,Firesat_Attack_RWA,2025-08-28 20:59:17.074,2025-08-28 20:59:16.944,2071-06-24 12:15:31,-26.99198443283357,57.88707195765734,36.0,50.0,attack_rwa,Firesat_Attack_RWA_10_36.0_50,RWA
395,2025,10,0,12,15,50,1.0113,-0.471676,900087,76.5311,-68.5336,102.0,0.0,0.0,0.0,0.0191366,-0.710146,-0.0198408,-0.703514,0.122308,-0.00124104,0.000156599,-0.992491,-3748940.0,867249.0,6177870.0,6339.5,542.179,3772.06,-0.0612199,-0.0204855,0.295447,0.00387707,-0.000671408,0.0086969,0.0095456,395,395,395,50.0,-91.821,-35.7809,0.0334485,0.0178505,-0.21,-0.0499263,-0.0294623,0.621448,0,0,0,0,0,0,-1.29684,-0.850242,-1.1594,-3748930.0,867254.0,6177860.0,6341.24,542.036,3771.72,-3748940.0,867249.0,6177870.0,6339.5,542.179,3772.06,7273550.0,0.00064261,98.0406,-179.917,-123.649,-177.343,8,1,1443356150,303350,2386,529659,0.816014,0.183986,29.2117,0,0.0,0,0,0,0,0.00387707,-0.000671408,0.0086969,0.0095456,1,0,394.2,0.0130169,0.027056,0.178198,0.00527638,0.983608,-2.74375e-05,5.33824e-06,2.67754e-05,-2.74375e-05,-5.33824e-06,-2.67754e-05,395,-0.124904,-0.0682251,0.0808138,-0.994392,0,0,0,0,0,0,0,0,0,1,1,1,1,395,0.0645676,10_36.0_50,Firesat_Attack_RWA,2025-08-28 20:59:17.074,2025-08-28 20:59:16.944,2071-06-24 12:15:32,-27.025044097612614,57.94322182158016,36.0,50.0,attack_rwa,Firesat_Attack_RWA_10_36.0_50,RWA
396,2025,10,0,12,15,51,1.01228,-0.472254,900095,76.5311,-68.5336,102.0,0.0,0.0,0.0,0.0243672,-0.71055,-0.0175444,-0.703006,0.122345,-0.00124103,0.000156645,-0.992487,-3742570.0,867799.0,6181650.0,6343.66,541.499,3765.3,-0.0573343,-0.0190473,0.299097,0.00405742,-0.000516474,0.00598603,0.00724996,396,396,396,50.0,-92.6559,-25.4052,0.0267817,0.0150486,-0.21,-0.0381832,-0.0231948,0.577641,0,0,0,0,0,0,-1.30164,-0.862687,-1.15332,-3742590.0,867794.0,6181630.0,6345.1,541.133,3765.39,-3742570.0,867799.0,6181650.0,6343.66,541.499,3765.3,7273600.0,0.00063705,98.0405,-179.917,-122.992,-177.942,8,1,1443356151,303351,2386,529661,0.816018,0.183982,29.245,0,0.0,0,0,0,0,0.00405742,-0.000516474,0.00598603,0.00724996,1,0,395.2,0.0114982,0.0300236,0.17882,0.000395085,0.983423,-2.74334e-05,5.65165e-06,2.6734e-05,-2.74334e-05,-5.65165e-06,-2.6734e-05,396,-0.124906,-0.0683711,0.077362,-0.994656,0,0,0,0,0,0,0,0,0,1,1,1,1,396,0.0604246,10_36.0_50,Firesat_Attack_RWA,2025-08-28 20:59:17.074,2025-08-28 20:59:16.944,2071-06-24 12:15:33,-27.05816105817118,57.99937168550298,36.0,50.0,attack_rwa,Firesat_Attack_RWA_10_36.0_50,RWA
397,2025,10,0,12,15,52,1.01326,-0.472835,900095,76.5311,-68.5336,102.0,0.0,0.0,0.0,0.0280026,-0.710806,-0.0163424,-0.70264,0.122381,-0.00124102,0.00015669,-0.992482,-3736240.0,868351.0,6185400.0,6347.61,540.656,3759.11,-0.05415,-0.017559,0.299231,0.00423324,-0.000349675,0.00328281,0.00536837,397,397,397,50.0,-93.3444,-15.0295,0.0216242,0.0120224,-0.21,-0.0278998,-0.0166335,0.527355,0,0,0,0,0,0,-1.30399,-0.87501,-1.14787,-3736230.0,868339.0,6185400.0,6349.02,540.263,3759.03,-3736240.0,868351.0,6185400.0,6347.61,540.656,3759.11,7273740.0,0.000618264,98.0407,-179.917,-122.874,-178.001,8,1,1443356152,303352,2386,529663,0.816022,0.183978,29.2991,0,0.0,0,0,0,0,0.00423324,-0.000349675,0.00328281,0.00536837,1,0,396.2,0.00771002,0.032312,0.179241,-0.00267473,0.983271,-2.74471e-05,5.89548e-06,2.6686e-05,-2.74471e-05,-5.89548e-06,-2.6686e-05,397,-0.124903,-0.0685434,0.0743726,-0.994872,0,0,0,0,0,0,0,0,0,1,1,1,1,397,0.0569334,10_36.0_50,Firesat_Attack_RWA,2025-08-28 20:59:17.074,2025-08-28 20:59:16.944,2071-06-24 12:15:34,-27.09144990606828,58.0555215494258,36.0,50.0,attack_rwa,Firesat_Attack_RWA_10_36.0_50,RWA
398,2025,10,0,12,15,53,1.01424,-0.473418,900096,76.5311,-68.5336,102.0,0.0,0.0,0.0,0.0308634,-0.710987,-0.0160942,-0.702343,0.122417,-0.00124102,0.000156735,-0.992478,-3729890.0,868879.0,6189150.0,6351.37,539.388,3752.62,-0.0507053,-0.0160015,0.297191,0.00440429,-0.000174803,0.000587235,0.0044467,398,398,398,50.0,-93.8748,-4.65379,0.0162172,0.00875831,-0.21,-0.0173466,-0.00976769,0.470267,0,0,0,0,0,0,-1.30381,-0.887201,-1.14318,-3729890.0,868883.0,6189160.0,6352.85,539.396,3752.63,-3729890.0,868879.0,6189150.0,6351.37,539.388,3752.62,7273690.0,0.000624884,98.0408,-179.916,-122.797,-178.02,8,1,1443356153,303353,2386,529666,0.816026,0.183974,29.3609,0,0.0,0,0,0,0,0.00440429,-0.000174803,0.000587235,0.0044467,1,0,397.2,0.00578492,0.0345131,0.179559,-0.00451891,0.983131,-2.74805e-05,6.06971e-06,2.66312e-05,-2.74805e-05,-6.06971e-06,-2.66312e-05,398,-0.1249,-0.0687892,0.0709755,-0.995103,0,0,0,0,0,0,0,0,0,1,1,1,1,398,0.0531766,10_36.0_50,Firesat_Attack_RWA,2025-08-28 20:59:17.074,2025-08-28 20:59:16.944,2071-06-24 12:15:35,-27.124853345524407,58.11167141334862,36.0,50.0,attack_rwa,Firesat_Attack_RWA_10_36.0_50,RWA
399,2025,10,0,12,15,54,1.01522,-0.474001,900094,76.5311,-68.5336,102.0,0.0,0.0,0.0,0.0334757,-0.71109,-0.0173033,-0.70209,0.122453,-0.00124101,0.00015678,-0.992474,-3723530.0,869445.0,6192890.0,6355.17,538.545,3745.95,-0.0455602,-0.0142115,0.292965,0.00453917,-1.49671e-07,-0.00210119,0.0050019,399,399,399,50.0,-94.2258,5.72191,0.00796359,0.00501665,-0.21,-0.00395538,-0.00236392,0.411898,0,0,0,0,0,0,-1.30105,-0.897633,-1.13972,-3723530.0,869424.0,6192900.0,6356.69,538.508,3746.19,-3723530.0,869445.0,6192890.0,6355.17,538.545,3745.95,7273630.0,0.000633611,98.0409,-179.916,-123.012,-177.746,8,1,1443356154,303354,2386,529668,0.816029,0.183971,29.4187,0,0.0,0,0,0,0,0.00453917,-1.49671e-07,-0.00210119,0.0050019,1,0,398.2,0.00578287,0.0373464,0.179789,-0.00502685,0.982983,-2.75347e-05,6.17372e-06,2.657e-05,-2.75347e-05,-6.17372e-06,-2.657e-05,399,-0.124898,-0.0691478,0.0657224,-0.995439,0,0,0,0,0,0,0,0,0,1,1,1,1,399,0.0477297,10_36.0_50,Firesat_Attack_RWA,2025-08-28 20:59:17.074,2025-08-28 20:59:16.944,2071-06-24 12:15:36,-27.158256784980534,58.16782127727144,36.0,50.0,attack_rwa,Firesat_Attack_RWA_10_36.0_50,RWA
400,2025,10,0,12,15,55,1.0162,-0.474588,900091,76.5311,-68.5336,102.0,0.0,0.0,0.0,0.0347288,-0.711014,-0.0191051,-0.70206,0.122489,-0.00124101,0.000156826,-0.992469,-3717180.0,869953.0,6196630.0,6359.12,537.533,3739.82,-0.0415353,-0.0121987,0.286204,0.00465862,0.000167016,-0.00478353,0.00667928,400,400,400,50.0,-94.3784,16.0976,0.00257215,0.00109908,-0.21,0.00653716,0.00526122,0.343281,0,0,0,0,0,0,-1.29567,-0.907359,-1.13732,-3717180.0,869969.0,6196640.0,6360.53,537.656,3739.76,-3717180.0,869953.0,6196630.0,6359.12,537.533,3739.82,7273580.0,0.000638908,98.0411,-179.916,-123.293,-177.408,8,1,1443356155,303355,2386,529671,0.816033,0.183967,29.4632,0,0.0,0,0,0,0,0.00465862,0.000167016,-0.00478353,0.00667928,1,0,399.2,0.00439258,0.0394064,0.179743,-0.00426964,0.982915,-2.76101e-05,6.20636e-06,2.65028e-05,-2.76101e-05,-6.20636e-06,-2.65028e-05,400,-0.124893,-0.0692121,0.0613677,-0.995713,0,0,0,0,0,0,0,0,0,1,1,1,1,400,0.043293,10_36.0_50,Firesat_Attack_RWA,2025-08-28 20:59:17.074,2025-08-28 20:59:16.944,2071-06-24 12:15:37,-27.191889407554715,58.223971141194255,36.0,50.0,attack_rwa,Firesat_Attack_RWA_10_36.0_50,RWA
401,2025,10,0,12,15,56,1.01718,-0.475173,900088,76.5311,-68.5336,102.0,0.0,0.0,0.0,0.0351758,-0.710751,-0.0221923,-0.702213,0.122525,-0.001241,0.000156871,-0.992465,-3710800.0,870505.0,6200380.0,6362.84,537.186,3733.51,-0.036887,-0.00977895,0.276609,0.00476133,0.000318149,-0.00746049,0.00885609,401,401,401,50.0,-94.3118,26.4733,-0.00405279,-0.00338844,-0.21,0.018198,0.0134921,0.273154,0,0,0,0,0,0,-1.28764,-0.916315,-1.136,-3710810.0,870500.0,6200370.0,6364.38,536.714,3733.33,-3710800.0,870505.0,6200380.0,6362.84,537.186,3733.51,7273570.0,0.000641114,98.0409,-179.916,-123.533,-177.109,8,1,1443356156,303356,2386,529673,0.816037,0.183963,29.4874,0,0.0,0,0,0,0,0.00476133,0.000318149,-0.00746049,0.00885609,1,0,400.2,0.00626851,0.0415433,0.17944,-0.00199717,0.982889,-2.77062e-05,6.16681e-06,2.64304e-05,-2.77062e-05,-6.16681e-06,-2.64304e-05,401,-0.124897,-0.0690462,0.0561439,-0.996032,0,0,0,0,0,0,0,0,0,1,1,1,1,401,0.0381635,10_36.0_50,Firesat_Attack_RWA,2025-08-28 20:59:17.074,2025-08-28 20:59:16.944,2071-06-24 12:15:38,-27.225407438569867,58.280121005117074,36.0,50.0,attack_rwa,Firesat_Attack_RWA_10_36.0_50,RWA
402,2025,10,0,12,15,57,1.01816,-0.475762,900087,76.5311,-68.5336,102.0,0.0,0.0,0.0,0.0348219,-0.710474,-0.0257863,-0.702388,0.122562,-0.001241,0.000156916,-0.99246,-3704460.0,871023.0,6204100.0,6366.75,536.079,3727.0,-0.03264,-0.00749869,0.265382,0.00485207,0.000460495,-0.0101115,0.0112249,402,402,402,50.0,-94.0396,36.7801,-0.00960616,-0.00726152,-0.188144,0.0286535,0.0211097,0.197915,0,0,0,0,0,0,-1.27697,-0.924903,-1.13565,-3704440.0,871036.0,6204110.0,6368.24,535.816,3726.93,-3704460.0,871023.0,6204100.0,6366.75,536.079,3727.0,7273630.0,0.000632179,98.0409,-179.916,-123.55,-177.034,8,1,1443356157,303357,2386,529676,0.816041,0.183959,29.4846,0,0.0,0,0,0,0,0.00485207,0.000460495,-0.0101115,0.0112249,1,0,401.2,0.00725244,0.0433148,0.179113,0.00114987,0.982874,-2.78219e-05,6.054e-06,2.63535e-05,-2.78219e-05,-6.054e-06,-2.63535e-05,402,-0.124898,-0.0689808,0.0512169,-0.996302,0,0,0,0,0,0,0,0,0,1,1,1,1,402,0.0334918,10_36.0_50,Firesat_Attack_RWA,2025-08-28 20:59:17.074,2025-08-28 20:59:16.944,2071-06-24 12:15:39,-27.259154652703074,58.33627086903989,36.0,50.0,attack_rwa,Firesat_Attack_RWA_10_36.0_50,RWA
403,2025,10,0,12,15,58,1.01914,-0.476349,900089,76.5311,-68.5336,102.0,0.0,0.0,0.0,0.0332946,-0.710219,-0.0304904,-0.702532,0.122598,-0.00124099,0.000156961,-0.992456,-3698100.0,871556.0,6207810.0,6370.52,535.023,3720.84,-0.0284585,-0.00552318,0.251108,0.00492263,0.000595246,-0.0120392,0.0130204,403,403,403,50.0,-93.5851,44.4973,-0.0161677,-0.0113351,-0.123173,0.0386562,0.0279562,0.13319,0,0,0,0,0,0,-1.26413,-0.933666,-1.13622,-3698080.0,871565.0,6207830.0,6372.0,534.867,3720.5,-3698100.0,871556.0,6207810.0,6370.52,535.023,3720.84,7273490.0,0.000651563,98.0407,-179.916,-123.424,-177.102,8,1,1443356158,303358,2386,529678,0.816044,0.183956,29.4383,0,0.0,0,0,0,0,0.00492263,0.000595246,-0.0120392,0.0130204,1,0,402.2,0.00990852,0.0447619,0.178822,0.00587922,0.982845,-2.7954e-05,5.87555e-06,2.62728e-05,-2.7954e-05,-5.87555e-06,-2.62728e-05,403,-0.124903,-0.069257,0.0461727,-0.99653,0,0,0,0,0,0,0,0,0,1,1,1,1,403,0.0289905,10_36.0_50,Firesat_Attack_RWA,2025-08-28 20:59:17.074,2025-08-28 20:59:16.944,2071-06-24 12:15:40,-27.29278727527725,58.39242073296271,36.0,50.0,attack_rwa,Firesat_Attack_RWA_10_36.0_50,RWA
404,2025,10,0,12,15,59,1.02012,-0.476939,900089,76.5311,-68.5336,102.0,0.0,0.0,0.0,0.0310589,-0.709831,-0.0361187,-0.70276,0.122634,-0.00124098,0.000157007,-0.992451,-3691690.0,872110.0,6211560.0,6374.32,534.607,3714.12,-0.0240026,-0.00336648,0.234701,0.00493195,0.000678127,-0.0131429,0.0140542,404,404,404,50.0,-92.9095,49.1513,-0.0235983,-0.0161315,-0.0712335,0.047912,0.0343429,0.081297,0,0,0,0,0,0,-1.24964,-0.939136,-1.13786,-3691710.0,872097.0,6211540.0,6375.78,533.952,3714.06,-3691690.0,872110.0,6211560.0,6374.32,534.607,3714.12,7273410.0,0.000662282,98.0407,-179.917,-123.419,-177.049,8,1,1443356159,303359,2386,529681,0.816048,0.183952,29.336,0,0.0,0,0,0,0,0.00493195,0.000678127,-0.0131429,0.0140542,1,0,403.2,0.0121458,0.0461588,0.178373,0.011772,0.982809,-2.80954e-05,5.65342e-06,2.61894e-05,-2.80954e-05,-5.65342e-06,-2.61894e-05,404,-0.124904,-0.0693848,0.0406696,-0.996761,0,0,0,0,0,0,0,0,0,1,1,1,1,404,0.0242381,10_36.0_50,Firesat_Attack_RWA,2025-08-28 20:59:17.074,2025-08-28 20:59:16.944,2071-06-24 12:15:41,-27.32659178518997,58.44857059688553,36.0,50.0,attack_rwa,Firesat_Attack_RWA_10_36.0_50,RWA
405,2025,10,0,12,16,0,1.0211,-0.477535,900092,76.5311,-68.5336,102.0,0.0,0.0,0.0,0.0279996,-0.709049,-0.0426918,-0.703309,0.12267,-0.00124098,0.000157052,-0.992447,-3685350.0,872641.0,6215250.0,6378.04,533.343,3707.93,-0.0194888,-0.000359618,0.215911,0.0048584,0.000657761,-0.0135782,0.0144362,405,405,405,50.0,-91.9528,51.3113,-0.0306677,-0.0210473,-0.0286361,0.055529,0.0398386,0.038442,0,0,0,0,0,0,-1.23434,-0.940256,-1.14047,-3685330.0,872637.0,6215260.0,6379.64,533.093,3707.69,-3685350.0,872641.0,6215250.0,6378.04,533.343,3707.93,7273560.0,0.000642853,98.0408,-179.916,-123.098,-177.311,8,1,1443356160,303360,2386,529683,0.816052,0.183948,29.1945,0,0.0,0,0,0,0,0.0048584,0.000657761,-0.0135782,0.0144362,1,0,404.2,0.0146258,0.0474229,0.177418,0.0189112,0.982811,-2.82388e-05,5.40602e-06,2.61061e-05,-2.82388e-05,-5.40602e-06,-2.61061e-05,405,-0.1249,-0.0686585,0.0348334,-0.997032,0,0,0,0,0,0,0,0,0,1,1,1,1,405,0.0194925,10_36.0_50,Firesat_Attack_RWA,2025-08-28 20:59:17.074,2025-08-28 20:59:16.944,2071-06-24 12:15:42,-27.36074006977977,58.50472046080835,36.0,50.0,attack_rwa,Firesat_Attack_RWA_10_36.0_50,RWA
406,2025,10,0,12,16,1,1.02208,-0.478129,900092,76.5311,-68.5336,102.0,0.0,0.0,0.0,0.0252226,-0.708725,-0.0489967,-0.703329,0.122706,-0.00124097,0.000157097,-0.992442,-3678950.0,873167.0,6218970.0,6382.08,532.367,3701.45,-0.014793,0.00128675,0.198107,0.00469267,0.000582866,-0.0135254,0.0143282,406,406,406,50.0,-90.8623,51.6284,-0.0369318,-0.0232123,0.0033899,0.0614389,0.041808,0.00591429,0,0,0,0,0,0,-1.21886,-0.936435,-1.14383,-3678950.0,873171.0,6218960.0,6383.4,532.2,3701.23,-3678950.0,873167.0,6218970.0,6382.08,532.367,3701.45,7273450.0,0.000657549,98.0409,-179.916,-123.128,-177.224,8,1,1443356161,303361,2386,529685,0.816056,0.183944,29.0431,0,0.0,0,0,0,0,0.00469267,0.000582866,-0.0135254,0.0143282,1,0,405.2,0.0137941,0.0487645,0.17714,0.0256686,0.982642,-2.83782e-05,5.14729e-06,2.60259e-05,-2.83782e-05,-5.14729e-06,-2.60259e-05,406,-0.124899,-0.0691739,0.0290134,-0.997183,0,0,0,0,0,0,0,0,1,0,1,1,1,406,0.014849,10_36.0_50,Firesat_Attack_RWA,2025-08-28 20:59:17.074,2025-08-28 20:59:16.944,2071-06-24 12:15:43,-27.39477376281054,58.560870324731184,36.0,50.0,attack_rwa,Firesat_Attack_RWA_10_36.0_50,RWA
407,2025,10,0,12,16,2,1.02306,-0.478725,900096,76.5311,-68.5336,102.0,0.0,0.0,0.0,0.0222421,-0.707925,-0.0555909,-0.703745,0.122743,-0.00124097,0.000157142,-0.992438,-3672580.0,873700.0,6222670.0,6385.7,531.542,3695.15,-0.0101215,0.00410483,0.179631,0.00444,0.000417353,-0.0130876,0.0138265,407,407,407,50.0,-89.5978,50.4799,-0.0421305,-0.026228,0.0266011,0.0656073,0.0440133,-0.0180694,0,0,0,0,0,0,-1.20386,-0.927986,-1.14778,-3672570.0,873701.0,6222660.0,6387.21,531.286,3694.85,-3672580.0,873700.0,6222670.0,6385.7,531.542,3695.15,7273510.0,0.0006498,98.0408,-179.916,-122.721,-177.572,8,1,1443356162,303362,2386,529688,0.816059,0.183941,28.9072,0,0.0,0,0,0,0,0.00444,0.000417353,-0.0130876,0.0138265,1,0,406.2,0.0145849,0.0501053,0.176247,0.0327799,0.982523,-2.85097e-05,4.88723e-06,2.59512e-05,-2.85097e-05,-4.88723e-06,-2.59512e-05,407,-0.124901,-0.0684431,0.0230379,-0.997389,0,0,0,0,0,0,0,0,0,1,1,1,1,407,0.0109222,10_36.0_50,Firesat_Attack_RWA,2025-08-28 20:59:17.074,2025-08-28 20:59:16.944,2071-06-24 12:15:44,-27.42892204740033,58.617020188654,36.0,50.0,attack_rwa,Firesat_Attack_RWA_10_36.0_50,RWA
408,2025,10,0,12,16,3,1.02403,-0.479324,900102,76.5311,-68.5336,102.0,0.0,0.0,0.0,0.0193419,-0.707395,-0.061595,-0.703863,0.122779,-0.00124096,0.000157188,-0.992433,-3666170.0,874251.0,6226370.0,6389.31,530.764,3688.77,-0.00607738,0.00608109,0.162296,0.00412019,0.000198746,-0.0124014,0.0130694,408,408,408,50.0,-88.2624,48.3571,-0.0450825,-0.0269763,0.042075,0.0671214,0.0435631,-0.034487,0,0,0,0,0,0,-1.18968,-0.915776,-1.15194,-3666180.0,874234.0,6226360.0,6390.96,530.398,3688.43,-3666170.0,874251.0,6226370.0,6389.31,530.764,3688.77,7273480.0,0.000654557,98.0409,-179.916,-122.275,-177.959,8,1,1443356163,303363,2386,529690,0.816063,0.183937,28.8234,0,0.0,0,0,0,0,0.00412019,0.000198746,-0.0124014,0.0130694,1,0,407.2,0.0133799,0.0511734,0.175745,0.0393616,0.982316,-2.86298e-05,4.63314e-06,2.58843e-05,-2.86298e-05,-4.63314e-06,-2.58843e-05,408,-0.1249,-0.0683786,0.0178291,-0.9975,0,0,0,0,0,0,0,0,1,1,1,1,1,408,0.00859736,10_36.0_50,Firesat_Attack_RWA,2025-08-28 20:59:17.074,2025-08-28 20:59:16.944,2071-06-24 12:15:45,-27.46324221932867,58.67259709478169,36.0,50.0,attack_rwa,Firesat_Attack_RWA_10_36.0_50,RWA
409,2025,10,0,12,16,4,1.02501,-0.479925,900106,76.5311,-68.5336,102.0,0.0,0.0,0.0,0.0162831,-0.706826,-0.0676088,-0.703961,0.122815,-0.00124096,0.000157233,-0.992429,-3659790.0,874764.0,6230050.0,6393.14,529.782,3682.23,-0.00224886,0.00802915,0.144848,0.00374904,-5.96471e-05,-0.0115365,0.0121305,409,409,409,50.0,-86.9039,45.5175,-0.0466223,-0.0269051,0.0562114,0.0669534,0.0420375,-0.0496826,0,0,0,0,0,0,-1.17665,-0.90063,-1.15614,-3659790.0,874770.0,6230050.0,6394.78,529.538,3682.04,-3659790.0,874764.0,6230050.0,6393.14,529.782,3682.23,7273590.0,0.000639961,98.0411,-179.916,-121.866,-178.31,8,1,1443356164,303364,2386,529693,0.816067,0.183933,28.8151,0,0.0,0,0,0,0,0.00374904,-5.96471e-05,-0.0115365,0.0121305,1,0,408.2,0.0135435,0.0521171,0.175223,0.0460423,0.98207,-2.87369e-05,4.38991e-06,2.58269e-05,-2.87369e-05,-4.38991e-06,-2.58269e-05,409,-0.124896,-0.0682467,0.0128108,-0.997586,0,0,0,0,0,0,0,0,0,1,1,1,1,409,0.00833816,10_36.0_50,Firesat_Attack_RWA,2025-08-28 20:59:17.074,2025-08-28 20:59:16.944,2071-06-24 12:15:46,-27.497676982816035,58.72874695870451,36.0,50.0,attack_rwa,Firesat_Attack_RWA_10_36.0_50,RWA
410,2025,10,0,12,16,5,1.02599,-0.480526,900105,76.5311,-68.5336,102.0,0.0,0.0,0.0,0.0132501,-0.706402,-0.0734458,-0.703865,0.122851,-0.00124095,0.000157278,-0.992424,-3653400.0,875301.0,6233710.0,6397.09,528.922,3675.68,0.00141145,0.00947613,0.127801,0.00333944,-0.00033243,-0.0105259,0.011048,410,410,410,50.0,-85.5885,42.0814,-0.0474057,-0.0257183,0.0641512,0.0658225,0.0392181,-0.0587347,0,0,0,0,0,0,-1.16495,-0.883157,-1.16023,-3653390.0,875297.0,6233730.0,6398.55,528.619,3675.59,-3653400.0,875301.0,6233710.0,6397.09,528.922,3675.68,7273570.0,0.000642691,98.041,-179.916,-121.938,-178.18,8,1,1443356165,303365,2386,529695,0.816071,0.183929,28.9003,0,0.0,0,0,0,0,0.00333944,-0.00033243,-0.0105259,0.011048,1,0,409.2,0.0131843,0.0529806,0.17493,0.0525634,0.981748,-2.88302e-05,4.16157e-06,2.57796e-05,-2.88302e-05,-4.16157e-06,-2.57796e-05,410,-0.124897,-0.0685158,0.00800315,-0.997618,0,0,0,0,0,0,0,0,0,1,1,1,1,410,0.0095807,10_36.0_50,Firesat_Attack_RWA,2025-08-28 20:59:17.074,2025-08-28 20:59:16.944,2071-06-24 12:15:47,-27.5321117463034,58.78489682262733,36.0,50.0,attack_rwa,Firesat_Attack_RWA_10_36.0_50,RWA
411,2025,10,0,12,16,6,1.02697,-0.48113,900103,76.5311,-68.5336,102.0,0.0,0.0,0.0,0.0106818,-0.705944,-0.0785906,-0.703812,0.122887,-0.00124094,0.000157323,-0.99242,-3646980.0,875821.0,6237420.0,6400.77,528.123,3669.27,0.00473474,0.0110794,0.112507,0.00290369,-0.000619495,-0.00946313,0.00991797,411,411,411,50.0,-84.3232,38.3881,-0.0468167,-0.0248395,0.0699554,0.0632769,0.0366751,-0.0656796,0,0,0,0,0,0,-1.15469,-0.863856,-1.16415,-3646990.0,875827.0,6237400.0,6402.32,527.72,3669.12,-3646980.0,875821.0,6237420.0,6400.77,528.123,3669.27,7273530.0,0.00064782,98.0411,-179.916,-122.103,-177.957,8,1,1443356166,303366,2386,529697,0.816074,0.183926,29.0906,0,0.0,0,0,0,0,0.00290369,-0.000619495,-0.00946313,0.00991797,1,0,410.2,0.0115373,0.0538278,0.174586,0.0582508,0.981442,-2.89095e-05,3.95059e-06,2.57429e-05,-2.89095e-05,-3.95059e-06,-2.57429e-05,411,-0.124897,-0.068524,0.00362763,-0.997643,0,0,0,0,0,0,0,0,1,0,1,1,1,411,0.0120488,10_36.0_50,Firesat_Attack_RWA,2025-08-28 20:59:17.074,2025-08-28 20:59:16.944,2071-06-24 12:15:48,-27.566718397129296,58.84104668655015,36.0,50.0,attack_rwa,Firesat_Attack_RWA_10_36.0_50,RWA
412,2025,10,0,12,16,7,1.02795,-0.481734,900107,76.5311,-68.5336,102.0,0.0,0.0,0.0,0.00798925,-0.705618,-0.0832913,-0.703635,0.122923,-0.00124094,0.000157369,-0.992415,-3640580.0,876340.0,6241060.0,6404.43,527.37,3662.57,0.00728621,0.0122587,0.0977668,0.00246574,-0.000907312,-0.00835782,0.00876106,412,412,412,50.0,-83.1375,34.4807,-0.044794,-0.0227111,0.0722676,0.0592669,0.0328925,-0.069103,0,0,0,0,0,0,-1.14588,-0.843991,-1.16772,-3640580.0,876350.0,6241070.0,6406.11,526.787,3662.72,-3640580.0,876340.0,6241060.0,6404.43,527.37,3662.57,7273640.0,0.000633793,98.0409,-179.916,-121.752,-178.25,8,1,1443356167,303367,2386,529700,0.816078,0.183922,29.3959,0,0.0,0,0,0,0,0.00246574,-0.000907312,-0.00835782,0.00876106,1,0,411.2,0.01086,0.0543183,0.17442,0.0636458,0.98111,-2.89751e-05,3.75835e-06,2.57168e-05,-2.89751e-05,-3.75835e-06,-2.57168e-05,412,-0.124901,-0.0688578,6.49594e-05,-0.997626,0,0,0,0,0,0,0,0,0,0,1,1,1,412,0.0142607,10_36.0_50,Firesat_Attack_RWA,2025-08-28 20:59:17.074,2025-08-28 20:59:16.944,2071-06-24 12:15:49,-27.6013250479552,58.89719655047297,36.0,50.0,attack_rwa,Firesat_Attack_RWA_10_36.0_50,RWA
413,2025,10,0,12,16,8,1.02893,-0.482339,900100,76.5311,-68.5336,102.0,0.0,0.0,0.0,0.00619664,-0.705502,-0.0869674,-0.703324,0.12296,-0.00124093,0.000157414,-0.992411,-3634180.0,876860.0,6244720.0,6408.32,525.989,3656.21,0.00970748,0.01309,0.0858877,0.00203173,-0.00117484,-0.00729031,0.00765877,413,413,413,50.0,-82.0752,30.6526,-0.042465,-0.0204214,0.0701538,0.0550507,0.0290618,-0.0680387,0,0,0,0,0,0,-1.13848,-0.823751,-1.17094,-3634180.0,876871.0,6244720.0,6409.88,525.842,3656.22,-3634180.0,876860.0,6244720.0,6408.32,525.989,3656.21,7273580.0,0.000640953,98.0407,-179.916,-122.31,-177.634,8,1,1443356168,303368,2386,529702,0.816082,0.183918,29.817,0,0.0,0,0,0,0,0.00203173,-0.00117484,-0.00729031,0.00765877,1,0,412.2,0.00820674,0.0549585,0.174503,0.0676853,0.980789,-2.90279e-05,3.58543e-06,2.57008e-05,-2.90279e-05,-3.58543e-06,-2.57008e-05,413,-0.124904,-0.0694765,-0.00315986,-0.997579,0,0,0,0,0,0,0,0,1,1,1,1,1,413,0.0162969,10_36.0_50,Firesat_Attack_RWA,2025-08-28 20:59:17.074,2025-08-28 20:59:16.944,2071-06-24 12:15:50,-27.635988994560616,58.95334641439579,36.0,50.0,attack_rwa,Firesat_Attack_RWA_10_36.0_50,RWA
414,2025,10,0,12,16,9,1.02991,-0.482946,900099,76.5311,-68.5336,102.0,0.0,0.0,0.0,0.00423465,-0.705555,-0.0906879,-0.702816,0.122996,-0.00124093,0.000157459,-0.992406,-3627770.0,877389.0,6248380.0,6411.92,525.139,3650.08,0.0119961,0.0133642,0.0738442,0.00160653,-0.00140925,-0.00625506,0.00661004,414,414,414,50.0,-81.1593,26.8958,-0.0400043,-0.0176597,0.0688392,0.0507846,0.0248661,-0.067694,0,0,0,0,0,0,-1.1324,-0.803514,-1.17384,-3627770.0,877391.0,6248380.0,6413.61,524.903,3649.75,-3627770.0,877389.0,6248380.0,6411.92,525.139,3650.08,7273530.0,0.000648128,98.0406,-179.917,-122.397,-177.489,8,1,1443356169,303369,2386,529705,0.816086,0.183914,30.3466,0,0.0,0,0,0,0,0.00160653,-0.00140925,-0.00625506,0.00661004,1,0,413.2,0.00847418,0.0554853,0.174838,0.0718583,0.980403,-2.90692e-05,3.43111e-06,2.56941e-05,-2.90692e-05,-3.43111e-06,-2.56941e-05,414,-0.124908,-0.0706148,-0.0062662,-0.997484,0,0,0,0,0,0,0,0,1,0,1,1,1,414,0.0179587,10_36.0_50,Firesat_Attack_RWA,2025-08-28 20:59:17.074,2025-08-28 20:59:16.944,2071-06-24 12:15:51,-27.67076753272505,59.00949627831862,36.0,50.0,attack_rwa,Firesat_Attack_RWA_10_36.0_50,RWA
415,2025,10,0,12,16,10,1.03088,-0.483556,900104,76.5311,-68.5336,102.0,0.0,0.0,0.0,0.00222276,-0.705578,-0.0937929,-0.702394,0.123032,-0.00124092,0.000157504,-0.992402,-3621380.0,877933.0,6252030.0,6415.88,524.405,3643.45,0.0133243,0.0137553,0.0627236,0.00120889,-0.00162004,-0.00526122,0.00563617,415,415,415,50.0,-80.3647,23.2455,-0.0361975,-0.0154337,0.0657034,0.0452641,0.0213282,-0.0654352,0,0,0,0,0,0,-1.12753,-0.784165,-1.17638,-3621360.0,877917.0,6252030.0,6417.33,524.007,3643.31,-3621380.0,877933.0,6252030.0,6415.88,524.405,3643.45,7273510.0,0.000651033,98.0406,-179.917,-121.948,-177.879,8,1,1443356170,303370,2386,529707,0.81609,0.18391,30.9744,0,0.0,0,0,0,0,0.00120889,-0.00162004,-0.00526122,0.00563617,1,0,414.2,0.00744766,0.0556182,0.175099,0.0755557,0.980071,-2.91003e-05,3.29505e-06,2.56955e-05,-2.91003e-05,-3.29505e-06,-2.56955e-05,415,-0.124907,-0.0715787,-0.00837565,-0.9974,0,0,0,0,0,0,0,0,0,0,1,1,1,415,0.0191509,10_36.0_50,Firesat_Attack_RWA,2025-08-28 20:59:17.074,2025-08-28 20:59:16.944,2071-06-24 12:15:52,-27.70571795822804,59.06507318444631,36.0,50.0,attack_rwa,Firesat_Attack_RWA_10_36.0_50,RWA
416,2025,10,0,12,16,11,1.03186,-0.484169,900111,76.5311,-68.5336,102.0,0.0,0.0,0.0,0.000879443,-0.706005,-0.0960309,-0.701665,0.123068,-0.00124092,0.00015755,-0.992397,-3614940.0,878452.0,6255660.0,6419.6,523.178,3636.94,0.0144685,0.0132516,0.053965,0.000841886,-0.00178355,-0.00435431,0.00478015,416,416,416,50.0,-79.7345,19.8723,-0.0323153,-0.0121485,0.0621142,0.0398287,0.0168948,-0.0626057,0,0,0,0,0,0,-1.12372,-0.76584,-1.17855,-3614950.0,878448.0,6255670.0,6420.99,523.15,3636.85,-3614940.0,878452.0,6255660.0,6419.6,523.178,3636.94,7273410.0,0.00066598,98.0409,-179.916,-121.431,-178.337,8,1,1443356171,303371,2386,529710,0.816094,0.183906,31.6889,0,0.0,0,0,0,0,0.000841886,-0.00178355,-0.00435431,0.00478015,1,0,415.2,0.00548692,0.0558014,0.175867,0.0781594,0.979718,-2.91227e-05,3.17642e-06,2.57039e-05,-2.91227e-05,-3.17642e-06,-2.57039e-05,416,-0.124902,-0.073418,-0.0101146,-0.99725,0,0,0,0,0,0,0,0,1,0,1,1,1,416,0.0196203,10_36.0_50,Firesat_Attack_RWA,2025-08-28 20:59:17.074,2025-08-28 20:59:16.944,2071-06-24 12:15:53,-27.740840271069555,59.12122304836912,36.0,50.0,attack_rwa,Firesat_Attack_RWA_10_36.0_50,RWA
417,2025,10,0,12,16,12,1.03284,-0.484783,900109,76.5311,-68.5336,102.0,0.0,0.0,0.0,0.000767673,0.706309,0.0984392,0.701025,0.123104,-0.00124091,0.000157595,-0.992393,-3608540.0,878970.0,6259300.0,6423.31,522.514,3630.45,0.0153822,0.0129825,0.0445871,0.000507924,-0.00191304,-0.00348768,0.00401019,417,417,417,50.0,-79.2353,16.618,-0.0286225,-0.0100976,0.0603711,0.0346606,0.0137988,-0.061522,0,0,0,0,0,0,-1.12088,-0.748824,-1.18044,-3608530.0,878972.0,6259300.0,6424.73,522.251,3630.36,-3608540.0,878970.0,6259300.0,6423.31,522.514,3630.45,7273380.0,0.000669288,98.0409,-179.916,-121.652,-178.058,8,1,1443356172,303372,2386,529713,0.816098,0.183902,32.4715,0,0.0,0,0,0,0,0.000507924,-0.00191304,-0.00348768,0.00401019,1,0,416.2,0.00600522,0.0558335,0.176483,0.081077,0.979369,-2.9138e-05,3.07419e-06,2.57177e-05,-2.9138e-05,-3.07419e-06,-2.57177e-05,417,-0.1249,-0.0750038,-0.0117069,-0.997115,0,0,0,0,0,0,0,0,1,0,1,1,1,417,0.0201288,10_36.0_50,Firesat_Attack_RWA,2025-08-28 20:59:17.074,2025-08-28 20:59:16.944,2071-06-24 12:15:54,-27.77601987969059,59.17737291229194,36.0,50.0,attack_rwa,Firesat_Attack_RWA_10_36.0_50,RWA
418,2025,10,0,12,16,13,1.03382,-0.485398,900110,76.5311,-68.5336,102.0,0.0,0.0,0.0,0.00181136,0.706728,0.100076,0.70037,0.123141,-0.0012409,0.00015764,-0.992388,-3602090.0,879484.0,6262910.0,6426.9,521.508,3623.98,0.0160728,0.0126305,0.0372466,0.000205892,-0.0020189,-0.00268845,0.0033684,418,418,418,50.0,-78.8378,13.5794,-0.0250473,-0.00807065,0.0559668,0.0297304,0.0108486,-0.0576942,0,0,0,0,0,0,-1.11886,-0.732972,-1.18207,-3602100.0,879492.0,6262920.0,6428.42,521.327,3623.88,-3602090.0,879484.0,6262910.0,6426.9,521.508,3623.98,7273320.0,0.000678019,98.0409,-179.916,-121.592,-178.061,8,1,1443356173,303373,2386,529715,0.816102,0.183898,33.3115,0,0.0,0,0,0,0,0.000205892,-0.0020189,-0.00268845,0.0033684,1,0,417.2,0.00418177,0.0559173,0.177202,0.0830161,0.979072,-2.91473e-05,2.9879e-06,2.5736e-05,-2.91473e-05,-2.9879e-06,-2.5736e-05,418,-0.124902,-0.0766688,-0.0129339,-0.996973,0,0,0,0,0,0,0,0,0,0,1,1,1,418,0.0204421,10_36.0_50,Firesat_Attack_RWA,2025-08-28 20:59:17.074,2025-08-28 20:59:16.944,2071-06-24 12:15:55,-27.81125678409113,59.23352277621476,36.0,50.0,attack_rwa,Firesat_Attack_RWA_10_36.0_50,RWA
419,2025,10,0,12,16,14,1.03479,-0.486014,900102,76.5311,-68.5336,102.0,0.0,0.0,0.0,0.00298316,0.707459,0.100837,0.699518,0.123177,-0.0012409,0.000157685,-0.992384,-3595680.0,880008.0,6266550.0,6430.32,521.001,3617.68,0.0154085,0.0115016,0.0311129,-4.18657e-05,-0.00207867,-0.00197022,0.00286433,419,419,419,50.0,-78.5839,10.8148,-0.0198066,-0.00560592,0.0505905,0.0232733,0.0075911,-0.0527586,0,0,0,0,0,0,-1.11753,-0.719478,-1.18334,-3595670.0,880009.0,6266540.0,6432.16,520.394,3617.36,-3595680.0,880008.0,6266550.0,6430.33,521.001,3617.68,7273300.0,0.000680047,98.0408,-179.916,-122.174,-177.42,8,1,1443356174,303374,2386,529718,0.816106,0.183894,34.1946,0,0.0,0,0,0,0,-4.18657e-05,-0.00207867,-0.00197022,0.00286433,1,0,418.2,0.00358467,0.055394,0.178289,0.0843118,0.978793,-2.9152e-05,2.91644e-06,2.57576e-05,-2.9152e-05,-2.91644e-06,-2.57576e-05,419,-0.124904,-0.0790879,-0.0127185,-0.996787,0,0,0,0,0,0,0,0,1,0,1,1,1,419,0.0192281,10_36.0_50,Firesat_Attack_RWA,2025-08-28 20:59:17.074,2025-08-28 20:59:16.944,2071-06-24 12:15:56,-27.846550984271197,59.28909968234246,36.0,50.0,attack_rwa,Firesat_Attack_RWA_10_36.0_50,RWA
420,2025,10,0,12,16,15,1.03577,-0.486633,900108,76.5311,-68.5336,102.0,0.0,0.0,0.0,0.00358444,0.707883,0.102076,0.698906,0.123213,-0.00124089,0.000157731,-0.992379,-3589250.0,880545.0,6270150.0,6434.48,519.796,3610.94,0.0161497,0.0112892,0.0251425,-0.000267253,-0.00213276,-0.00132211,0.0025235,420,420,420,50.0,-78.3818,8.29086,-0.0178041,-0.00480043,0.0456179,0.0201755,0.00609387,-0.0481837,0,0,0,0,0,0,-1.11683,-0.706844,-1.18451,-3589240.0,880531.0,6270160.0,6435.84,519.494,3610.91,-3589250.0,880545.0,6270150.0,6434.48,519.796,3610.94,7273270.0,0.00068443,98.0408,-179.916,-121.714,-177.822,8,1,1443356175,303375,2386,529721,0.816111,0.183889,35.1068,0,0.0,0,0,0,0,-0.000267253,-0.00213276,-0.00132211,0.0025235,1,0,419.2,0.00313079,0.0556121,0.178987,0.0856715,0.978535,-2.9153e-05,2.85872e-06,2.57815e-05,-2.9153e-05,-2.85872e-06,-2.57815e-05,420,-0.124904,-0.0806218,-0.0139242,-0.996647,0,0,0,0,0,0,0,0,1,0,1,1,1,420,0.0197046,10_36.0_50,Firesat_Attack_RWA,2025-08-28 20:59:17.074,2025-08-28 20:59:16.944,2071-06-24 12:15:57,-27.88201707178979,59.34524954626528,36.0,50.0,attack_rwa,Firesat_Attack_RWA_10_36.0_50,RWA
421,2025,10,0,12,16,16,1.03675,-0.487256,900111,76.5311,-68.5336,102.0,0.0,0.0,0.0,0.00461449,0.708581,0.102235,0.698169,0.123249,-0.00124089,0.000157776,-0.992375,-3582800.0,881064.0,6273780.0,6437.86,518.944,3604.65,0.0148116,0.0103913,0.0202679,-0.000439686,-0.00216189,-0.000753926,0.00233141,421,421,421,50.0,-78.2653,6.04466,-0.0124539,-0.00314182,0.0421414,0.0138641,0.00385117,-0.0449979,0,0,0,0,0,0,-1.11661,-0.696586,-1.18535,-3582810.0,881057.0,6273760.0,6439.53,518.633,3604.43,-3582800.0,881064.0,6273780.0,6437.86,518.944,3604.65,7273260.0,0.000685472,98.041,-179.916,-121.486,-177.991,8,1,1443356176,303376,2386,529724,0.816115,0.183885,36.0434,0,0.0,0,0,0,0,-0.000439686,-0.00216189,-0.000753926,0.00233141,1,0,420.2,0.00291005,0.0548596,0.179982,0.0863928,0.978332,-2.91511e-05,2.81342e-06,2.58072e-05,-2.91511e-05,-2.81342e-06,-2.58072e-05,421,-0.124898,-0.0828223,-0.0129724,-0.99648,0,0,0,0,0,0,0,0,0,0,1,1,1,421,0.0180934,10_36.0_50,Firesat_Attack_RWA,2025-08-28 20:59:17.074,2025-08-28 20:59:16.944,2071-06-24 12:15:58,-27.91771234242644,59.4013994101881,36.0,50.0,attack_rwa,Firesat_Attack_RWA_10_36.0_50,RWA
422,2025,10,0,12,16,17,1.03773,-0.487879,900111,76.5311,-68.5336,102.0,0.0,0.0,0.0,0.00527085,0.709118,0.102875,0.697524,0.123285,-0.00124088,0.000157821,-0.99237,-3576350.0,881563.0,6277360.0,6441.97,517.964,3598.09,0.0146402,0.00994916,0.01525,-0.000581617,-0.00218356,-0.000228845,0.00227125,422,422,422,50.0,-78.194,3.94848,-0.00998055,-0.00231207,0.0402087,0.0105024,0.00249722,-0.0433016,0,0,0,0,0,0,-1.11683,-0.687709,-1.18605,-3576360.0,881576.0,6277370.0,6443.27,517.728,3597.97,-3576350.0,881563.0,6277360.0,6441.97,517.964,3598.09,7273350.0,0.000673411,98.041,-179.916,-121.381,-178.038,8,1,1443356177,303377,2386,529727,0.81612,0.18388,36.995,0,0.0,0,0,0,0,-0.000581617,-0.00218356,-0.000228845,0.00227125,1,0,421.2,0.00248675,0.0546893,0.180792,0.0872939,0.978112,-2.91469e-05,2.78001e-06,2.5834e-05,-2.91469e-05,-2.78001e-06,-2.5834e-05,422,-0.124898,-0.0845865,-0.0132168,-0.996328,0,0,0,0,0,0,0,0,1,0,1,1,1,422,0.0177011,10_36.0_50,Firesat_Attack_RWA,2025-08-28 20:59:17.074,2025-08-28 20:59:16.944,2071-06-24 12:15:59,-27.95340761306309,59.45754927411093,36.0,50.0,attack_rwa,Firesat_Attack_RWA_10_36.0_50,RWA
423,2025,10,0,12,16,18,1.0387,-0.488502,900106,76.5311,-68.5336,102.0,0.0,0.0,0.0,0.00576596,0.710218,0.102691,0.696428,0.123321,-0.00124088,0.000157866,-0.992366,-3569910.0,882093.0,6280960.0,6445.47,517.018,3591.56,0.0136549,0.00809444,0.0117936,-0.000688153,-0.00215567,0.000239297,0.00227547,423,423,423,50.0,-78.2545,2.05176,-0.00672602,0.000211482,0.0344516,0.00645193,-0.000482293,-0.0376794,0,0,0,0,0,0,-1.11736,-0.680415,-1.18653,-3569910.0,882088.0,6280960.0,6446.99,516.782,3591.46,-3569910.0,882093.0,6280960.0,6445.47,517.018,3591.56,7273360.0,0.000672158,98.0409,-179.916,-121.779,-177.582,8,1,1443356178,303378,2386,529730,0.816125,0.183875,37.9511,0,0.0,0,0,0,0,-0.000688153,-0.00215567,0.000239297,0.00227547,1,0,422.2,0.00327945,0.0541778,0.182321,0.0874266,0.977845,-2.91413e-05,2.75787e-06,2.58611e-05,-2.91413e-05,-2.75787e-06,-2.58611e-05,423,-0.124902,-0.0877633,-0.0125151,-0.996063,0,0,0,0,0,0,0,0,0,0,1,1,1,423,0.0158739,10_36.0_50,Firesat_Attack_RWA,2025-08-28 20:59:17.074,2025-08-28 20:59:16.944,2071-06-24 12:16:00,-27.98910288369974,59.51312618023861,36.0,50.0,attack_rwa,Firesat_Attack_RWA_10_36.0_50,RWA
424,2025,10,0,12,16,19,1.03968,-0.489129,900106,76.5311,-68.5336,102.0,0.0,0.0,0.0,0.00588444,0.710771,0.102502,0.695891,0.123358,-0.00124087,0.000157911,-0.992361,-3563480.0,882592.0,6284560.0,6449.02,516.206,3585.19,0.0130671,0.00787886,0.00886561,-0.000771199,-0.00213781,0.00063149,0.00235876,424,424,424,50.0,-78.3174,0.429937,-0.00442895,-0.000251758,0.0314298,0.00348681,-0.000394176,-0.0347671,0,0,0,0,0,0,-1.11821,-0.67417,-1.18698,-3563460.0,882605.0,6284550.0,6450.67,515.871,3584.96,-3563480.0,882592.0,6284560.0,6449.02,516.206,3585.19,7273340.0,0.00067403,98.0409,-179.916,-121.752,-177.551,8,1,1443356179,303379,2386,529733,0.81613,0.18387,38.8978,0,0.0,0,0,0,0,-0.000771199,-0.00213781,0.00063149,0.00235876,1,0,423.2,0.00160552,0.0539727,0.183083,0.0873402,0.977721,-2.91352e-05,2.74582e-06,2.58876e-05,-2.91352e-05,-2.74582e-06,-2.58876e-05,424,-0.124902,-0.0893203,-0.0121837,-0.995928,0,0,0,0,0,0,0,0,1,0,1,1,1,424,0.0152588,10_36.0_50,Firesat_Attack_RWA,2025-08-28 20:59:17.074,2025-08-28 20:59:16.944,2071-06-24 12:16:01,-28.025027337454443,59.56927604416143,36.0,50.0,attack_rwa,Firesat_Attack_RWA_10_36.0_50,RWA
425,2025,10,0,12,16,20,1.04066,-0.489755,900111,76.5311,-68.5336,102.0,0.0,0.0,0.0,0.00628046,0.711674,0.101883,0.695054,0.123394,-0.00124086,0.000157957,-0.992357,-3557010.0,883123.0,6288140.0,6452.65,515.239,3578.47,0.0115511,0.00669179,0.00628487,-0.000816229,-0.0021046,0.000977977,0.00246009,425,425,425,50.0,-78.4294,-1.02435,-0.00120114,0.000994545,0.0267223,-0.000333582,-0.00196757,-0.0300971,0,0,0,0,0,0,-1.11925,-0.669773,-1.18721,-3557020.0,883116.0,6288130.0,6454.31,514.927,3578.48,-3557010.0,883123.0,6288140.0,6452.65,515.239,3578.47,7273310.0,0.000679991,98.0407,-179.916,-121.354,-177.891,8,1,1443356180,303380,2386,529737,0.816135,0.183865,39.8372,0,0.0,0,0,0,0,-0.000816229,-0.0021046,0.000977977,0.00246009,1,0,424.2,0.00286757,0.0532932,0.184303,0.0870602,0.977555,-2.91286e-05,2.74286e-06,2.59137e-05,-2.91286e-05,-2.74286e-06,-2.59137e-05,425,-0.124906,-0.0918504,-0.0109004,-0.995713,0,0,0,0,0,0,0,0,1,0,1,1,1,425,0.0133495,10_36.0_50,Firesat_Attack_RWA,2025-08-28 20:59:17.074,2025-08-28 20:59:16.944,2071-06-24 12:16:02,-28.060894495429636,59.625425908084246,36.0,50.0,attack_rwa,Firesat_Attack_RWA_10_36.0_50,RWA
426,2025,10,0,12,16,21,1.04163,-0.490385,900112,76.5311,-68.5336,102.0,0.0,0.0,0.0,0.00598555,0.712156,0.101135,0.694672,0.12343,-0.00124086,0.000158002,-0.992352,-3550570.0,883619.0,6291710.0,6456.49,514.442,3572.1,0.01074,0.00687992,0.00486435,-0.000841656,-0.00209505,0.00124965,0.00258055,426,426,426,50.0,-78.5061,-2.20528,0.000528122,8.90775e-05,0.0233171,-0.00252924,-0.00131645,-0.0267226,0,0,0,0,0,0,-1.1205,-0.666278,-1.18739,-3550560.0,883632.0,6291710.0,6457.98,514.022,3571.99,-3550570.0,883619.0,6291710.0,6456.49,514.442,3572.1,7273320.0,0.000678565,98.0408,-179.916,-121.248,-177.938,8,1,1443356181,303381,2386,529740,0.81614,0.18386,40.7668,0,0.0,0,0,0,0,-0.000841656,-0.00209505,0.00124965,0.00258055,1,0,425.2,0.00202579,0.0531054,0.184917,0.0862779,0.977518,-2.91217e-05,2.74809e-06,2.59391e-05,-2.91217e-05,-2.74809e-06,-2.59391e-05,426,-0.124905,-0.0930257,-0.0102207,-0.995611,0,0,0,0,0,0,0,0,0,0,1,1,1,426,0.0127547,10_36.0_50,Firesat_Attack_RWA,2025-08-28 20:59:17.074,2025-08-28 20:59:16.944,2071-06-24 12:16:03,-28.09699083652288,59.68100281421194,36.0,50.0,attack_rwa,Firesat_Attack_RWA_10_36.0_50,RWA
427,2025,10,0,12,16,22,1.04261,-0.491016,900114,76.5311,-68.5336,102.0,0.0,0.0,0.0,0.00634062,0.712769,0.100622,0.694115,0.123466,-0.00124085,0.000158047,-0.992348,-3544110.0,884151.0,6295270.0,6460.08,513.285,3565.68,0.00936336,0.00652141,0.00228189,-0.000840802,-0.00208992,0.00150113,0.00270705,427,427,427,50.0,-78.5833,-3.307,0.0026553,0.000381766,0.0206069,-0.00508926,-0.00184499,-0.0240074,0,0,0,0,0,0,-1.1219,-0.664156,-1.18739,-3544110.0,884141.0,6295280.0,6461.61,513.083,3565.48,-3544110.0,884151.0,6295270.0,6460.08,513.285,3565.68,7273240.0,0.000689067,98.0407,-179.917,-121.145,-177.984,8,1,1443356182,303382,2386,529744,0.816145,0.183855,41.6951,0,0.0,0,0,0,0,-0.000840802,-0.00208992,0.00150113,0.00270705,1,0,426.2,0.00207275,0.0525207,0.185738,0.0860618,0.977413,-2.91142e-05,2.76056e-06,2.59644e-05,-2.91142e-05,-2.76056e-06,-2.59644e-05,427,-0.124908,-0.0947439,-0.00909463,-0.99546,0,0,0,0,0,0,0,0,0,0,1,1,1,427,0.0114106,10_36.0_50,Firesat_Attack_RWA,2025-08-28 20:59:17.074,2025-08-28 20:59:16.944,2071-06-24 12:16:04,-28.13314447339563,59.73715267813476,36.0,50.0,attack_rwa,Firesat_Attack_RWA_10_36.0_50,RWA
428,2025,10,0,12,16,23,1.04359,-0.49165,900111,76.5311,-68.5336,102.0,0.0,0.0,0.0,0.00589535,0.714003,0.0998617,0.692959,0.123502,-0.00124085,0.000158092,-0.992343,-3537650.0,884648.0,6298830.0,6463.53,512.494,3559.24,0.00891728,0.00460432,0.00135985,-0.000836325,-0.00203514,0.00169331,0.00277643,428,428,428,50.0,-78.7783,-4.19168,0.00316803,0.00280643,0.0181382,-0.00593794,-0.0044495,-0.021481,0,0,0,0,0,0,-1.12337,-0.662159,-1.18731,-3537640.0,884657.0,6298840.0,6465.25,512.188,3558.94,-3537650.0,884648.0,6298830.0,6463.53,512.494,3559.24,7273190.0,0.000696332,98.0408,-179.916,-121.362,-177.708,8,1,1443356183,303383,2386,529747,0.816151,0.183849,42.6132,0,0.0,0,0,0,0,-0.000836325,-0.00203514,0.00169331,0.00277643,1,0,427.2,0.00381374,0.0524492,0.187412,0.0851834,0.977174,-2.91067e-05,2.77972e-06,2.59889e-05,-2.91067e-05,-2.77972e-06,-2.59889e-05,428,-0.124906,-0.098027,-0.00873581,-0.995145,0,0,0,0,0,0,0,0,1,0,1,1,1,428,0.0100359,10_36.0_50,Firesat_Attack_RWA,2025-08-28 20:59:17.074,2025-08-28 20:59:16.944,2071-06-24 12:16:05,-28.16946999760692,59.79330254205758,36.0,50.0,attack_rwa,Firesat_Attack_RWA_10_36.0_50,RWA
429,2025,10,0,12,16,24,1.04456,-0.492285,900110,76.5311,-68.5336,102.0,0.0,0.0,0.0,0.00583994,0.71485,0.0989867,0.692212,0.123539,-0.00124084,0.000158138,-0.992339,-3531190.0,885177.0,6302390.0,6467.44,511.801,3552.64,0.00766296,0.00373712,4.03661e-05,-0.000813903,-0.00197049,0.00186252,0.00283094,429,429,429,50.0,-79.0068,-4.98397,0.00475615,0.00281785,0.0150615,-0.00782394,-0.00462105,-0.0183098,0,0,0,0,0,0,-1.12492,-0.661124,-1.18722,-3531180.0,885166.0,6302390.0,6468.89,511.258,3552.4,-3531190.0,885177.0,6302390.0,6467.44,511.801,3552.64,7273120.0,0.000704979,98.0407,-179.917,-121.497,-177.515,8,1,1443356184,303384,2386,529751,0.816156,0.183844,43.5034,0,0.0,0,0,0,0,-0.000813903,-0.00197049,0.00186252,0.00283094,1,0,428.2,0.00285971,0.0519926,0.188534,0.0844348,0.977048,-2.91003e-05,2.80448e-06,2.60115e-05,-2.91003e-05,-2.80448e-06,-2.60115e-05,429,-0.124907,-0.100268,-0.00761871,-0.994931,0,0,0,0,0,0,0,0,0,0,1,1,1,429,0.00852569,10_36.0_50,Firesat_Attack_RWA,2025-08-28 20:59:17.074,2025-08-28 20:59:16.944,2071-06-24 12:16:06,-28.20585281759773,59.84887944818527,36.0,50.0,attack_rwa,Firesat_Attack_RWA_10_36.0_50,RWA
430,2025,10,0,12,16,25,1.04554,-0.492924,900114,76.5311,-68.5336,102.0,0.0,0.0,0.0,0.00574769,0.715539,0.0979824,0.691643,0.123575,-0.00124084,0.000158183,-0.992334,-3524720.0,885694.0,6305950.0,6471.07,510.889,3546.28,0.00624706,0.00336052,-0.000983384,-0.000771847,-0.0019224,0.0019944,0.00287559,430,430,430,50.0,-79.2063,-5.63404,0.00642846,0.0022922,0.0132976,-0.00973077,-0.00422297,-0.0164367,0,0,0,0,0,0,-1.12652,-0.66109,-1.18706,-3524710.0,885684.0,6305940.0,6472.51,510.386,3545.91,-3524720.0,885694.0,6305950.0,6471.07,510.889,3546.28,7273130.0,0.000704652,98.0409,-179.916,-121.108,-177.845,8,1,1443356185,303385,2386,529754,0.816162,0.183838,44.368,0,0.0,0,0,0,0,-0.000771847,-0.0019224,0.0019944,0.00287559,1,0,429.2,0.00269459,0.0514922,0.189425,0.0835593,0.976977,-2.90949e-05,2.83453e-06,2.60324e-05,-2.90949e-05,-2.83453e-06,-2.60324e-05,430,-0.124903,-0.102032,-0.00631533,-0.994761,0,0,0,0,0,0,0,0,0,0,1,1,1,430,0.00709359,10_36.0_50,Firesat_Attack_RWA,2025-08-28 20:59:17.074,2025-08-28 20:59:16.944,2071-06-24 12:16:07,-28.24246482070659,59.90502931210808,36.0,50.0,attack_rwa,Firesat_Attack_RWA_10_36.0_50,RWA
431,2025,10,0,12,16,26,1.04651,-0.493564,900119,76.5311,-68.5336,102.0,0.0,0.0,0.0,0.00554779,0.716337,0.0972792,0.690918,0.123611,-0.00124083,0.000158228,-0.99233,-3518240.0,886194.0,6309490.0,6474.55,509.732,3539.43,0.00543103,0.00264321,-0.00222158,-0.000723934,-0.00187553,0.00211103,0.00291516,431,431,431,50.0,-79.4081,-6.22016,0.00687016,0.00258744,0.0129407,-0.0103813,-0.00463316,-0.0159623,0,0,0,0,0,0,-1.12813,-0.661431,-1.18685,-3518240.0,886197.0,6309490.0,6476.15,509.498,3539.42,-3518240.0,886194.0,6309490.0,6474.55,509.732,3539.43,7273160.0,0.000701444,98.041,-179.916,-120.716,-178.18,8,1,1443356186,303386,2386,529758,0.816168,0.183832,45.212,0,0.0,0,0,0,0,-0.000723934,-0.00187553,0.00211103,0.00291516,1,0,430.2,0.00260487,0.0512526,0.190494,0.0828685,0.976841,-2.90902e-05,2.86947e-06,2.60518e-05,-2.90902e-05,-2.86947e-06,-2.60518e-05,431,-0.124901,-0.104139,-0.00563501,-0.994547,0,0,0,0,0,0,0,0,0,0,1,1,1,431,0.0060401,10_36.0_50,Firesat_Attack_RWA,2025-08-28 20:59:17.074,2025-08-28 20:59:16.944,2071-06-24 12:16:08,-28.279134119594964,59.96060621823578,36.0,50.0,attack_rwa,Firesat_Attack_RWA_10_36.0_50,RWA
432,2025,10,0,12,16,27,1.04749,-0.494205,900117,76.5311,-68.5336,102.0,0.0,0.0,0.0,0.00533024,0.717149,0.0959402,0.690264,0.123647,-0.00124082,0.000158273,-0.992325,-3511740.0,886697.0,6313020.0,6478.17,508.962,3533.15,0.00374649,0.00200806,-0.00248426,-0.00065626,-0.00182779,0.00220474,0.00293808,432,432,432,50.0,-79.6173,-6.71623,0.00863416,0.00265954,0.010815,-0.0123155,-0.00480204,-0.0136869,0,0,0,0,0,0,-1.12975,-0.662802,-1.18653,-3511760.0,886704.0,6313020.0,6479.81,508.565,3532.89,-3511740.0,886697.0,6313020.0,6478.17,508.962,3533.15,7273200.0,0.000695005,98.0409,-179.916,-120.886,-177.951,8,1,1443356187,303387,2386,529762,0.816173,0.183827,46.0345,0,0.0,0,0,0,0,-0.00065626,-0.00182779,0.00220474,0.00293808,1,0,431.2,0.00342231,0.0506628,0.191535,0.0816469,0.976771,-2.90864e-05,2.90908e-06,2.60696e-05,-2.90864e-05,-2.90908e-06,-2.60696e-05,432,-0.124903,-0.106171,-0.00399115,-0.99434,0,0,0,0,0,0,0,0,0,0,1,1,1,432,0.00425071,10_36.0_50,Firesat_Attack_RWA,2025-08-28 20:59:17.074,2025-08-28 20:59:16.944,2071-06-24 12:16:09,-28.31586071426285,60.0167560821586,36.0,50.0,attack_rwa,Firesat_Attack_RWA_10_36.0_50,RWA
433,2025,10,0,12,16,28,1.04847,-0.494848,900109,76.5311,-68.5336,102.0,0.0,0.0,0.0,0.00485443,0.717594,0.0952838,0.689896,0.123683,-0.00124082,0.000158319,-0.992321,-3505270.0,887207.0,6316530.0,6481.87,507.961,3526.54,0.00331705,0.00235261,-0.00338452,-0.000593633,-0.00181025,0.00228673,0.00297633,433,433,433,50.0,-79.7656,-7.16032,0.00791963,0.00149715,0.00932959,-0.0117506,-0.00372582,-0.0120884,0,0,0,0,0,0,-1.13142,-0.664025,-1.18623,-3505270.0,887209.0,6316550.0,6483.5,507.625,3526.34,-3505270.0,887207.0,6316530.0,6481.87,507.961,3526.54,7273270.0,0.000684594,98.0408,-179.916,-121.429,-177.35,8,1,1443356188,303388,2386,529766,0.816179,0.183821,46.8407,0,0.0,0,0,0,0,-0.000593633,-0.00181025,0.00228673,0.00297633,1,0,432.2,0.00199116,0.0506761,0.192111,0.0808363,0.976725,-2.90831e-05,2.95308e-06,2.60863e-05,-2.90831e-05,-2.95308e-06,-2.60863e-05,433,-0.124905,-0.107231,-0.0036644,-0.994227,0,0,0,0,0,0,0,0,0,0,1,1,1,433,0.00406665,10_36.0_50,Firesat_Attack_RWA,2025-08-28 20:59:17.074,2025-08-28 20:59:16.944,2071-06-24 12:16:10,-28.35270190048976,60.07290594608143,36.0,50.0,attack_rwa,Firesat_Attack_RWA_10_36.0_50,RWA
434,2025,10,0,12,16,29,1.04944,-0.495494,900104,76.5311,-68.5336,102.0,0.0,0.0,0.0,0.00443822,0.718413,0.0941487,0.689201,0.123719,-0.00124081,0.000158364,-0.992316,-3498790.0,887750.0,6320070.0,6485.24,507.132,3520.1,0.00221048,0.00170401,-0.00352971,-0.00052747,-0.00178532,0.0023405,0.00299057,434,434,434,50.0,-79.9315,-7.49598,0.00841757,0.00197539,0.00595157,-0.0123505,-0.0042645,-0.00858405,0,0,0,0,0,0,-1.13308,-0.665471,-1.18583,-3498780.0,887720.0,6320070.0,6487.11,506.735,3519.76,-3498790.0,887750.0,6320070.0,6485.24,507.132,3520.1,7273200.0,0.000694302,98.041,-179.916,-121.808,-176.913,8,1,1443356189,303389,2386,529770,0.816185,0.183815,47.6384,0,0.0,0,0,0,0,-0.00052747,-0.00178532,0.0023405,0.00299057,1,0,433.2,0.00323373,0.0503659,0.19318,0.0796678,0.976626,-2.90799e-05,3.00082e-06,2.61022e-05,-2.90799e-05,-3.00082e-06,-2.61022e-05,434,-0.124901,-0.109284,-0.00258577,-0.994007,0,0,0,0,0,0,0,0,0,0,1,1,1,434,0.00279103,10_36.0_50,Firesat_Attack_RWA,2025-08-28 20:59:17.074,2025-08-28 20:59:16.944,2071-06-24 12:16:11,-28.389714974055213,60.12848285220911,36.0,50.0,attack_rwa,Firesat_Attack_RWA_10_36.0_50,RWA
435,2025,10,0,12,16,30,1.05041,-0.496144,900110,76.5311,-68.5336,102.0,0.0,0.0,0.0,0.00383328,0.719205,0.0930434,0.688529,0.123756,-0.00124081,0.000158409,-0.992312,-3492330.0,888232.0,6323580.0,6488.94,506.061,3513.6,0.00141557,0.00116966,-0.00338484,-0.00046129,-0.00175473,0.00235515,0.00297298,435,435,435,50.0,-80.1125,-7.68077,0.00873295,0.00231686,0.0062037,-0.0127016,-0.00462912,-0.00870378,0,0,0,0,0,0,-1.13473,-0.666985,-1.18541,-3492300.0,888238.0,6323580.0,6490.66,505.9,3513.23,-3492330.0,888232.0,6323580.0,6488.94,506.061,3513.6,7273120.0,0.000706193,98.0414,-179.916,-121.371,-177.291,8,1,1443356190,303390,2386,529774,0.816192,0.183808,48.4229,0,0.0,0,0,0,0,-0.00046129,-0.00175473,0.00235515,0.00297298,1,0,434.2,0.00326607,0.0502275,0.194214,0.0784154,0.976529,-2.90772e-05,3.05137e-06,2.61172e-05,-2.90772e-05,-3.05137e-06,-2.61172e-05,435,-0.124892,-0.111231,-0.00178517,-0.993793,0,0,0,0,0,0,0,0,0,0,1,1,1,435,0.00183629,10_36.0_50,Firesat_Attack_RWA,2025-08-28 20:59:17.074,2025-08-28 20:59:16.944,2071-06-24 12:16:12,-28.426957230738715,60.18405975833681,36.0,50.0,attack_rwa,Firesat_Attack_RWA_10_36.0_50,RWA
436,2025,10,0,12,16,31,1.05139,-0.496791,900114,76.5311,-68.5336,102.0,0.0,0.0,0.0,0.00359373,0.719908,0.0918829,0.687952,0.123792,-0.0012408,0.000158454,-0.992307,-3485820.0,888719.0,6327090.0,6492.41,505.117,3506.91,-4.6402e-06,0.000834164,-0.00368435,-0.000380417,-0.00172468,0.0023781,0.0029622,436,436,436,50.0,-80.2941,-7.88571,0.00987359,0.00223689,0.00627899,-0.0138916,-0.00458338,-0.00862348,0,0,0,0,0,0,-1.13638,-0.669369,-1.18488,-3485820.0,888738.0,6327090.0,6494.18,504.943,3506.68,-3485820.0,888719.0,6327090.0,6492.41,505.117,3506.91,7272960.0,0.000728103,98.0412,-179.916,-121.089,-177.515,8,1,1443356191,303391,2386,529778,0.816198,0.183802,49.193,0,0.0,0,0,0,0,-0.000380417,-0.00172468,0.0023781,0.0029622,1,0,435.2,0.00298735,0.049758,0.195121,0.0773273,0.976459,-2.90751e-05,3.10447e-06,2.6131e-05,-2.90751e-05,-3.10447e-06,-2.6131e-05,436,-0.124896,-0.112985,-0.000413193,-0.993597,0,0,0,0,0,0,0,0,0,0,1,1,1,436,0.000834177,10_36.0_50,Firesat_Attack_RWA,2025-08-28 20:59:17.074,2025-08-28 20:59:16.944,2071-06-24 12:16:13,-28.46402760008368,60.24020962225963,36.0,50.0,attack_rwa,Firesat_Attack_RWA_10_36.0_50,RWA
437,2025,10,0,12,16,32,1.05236,-0.49744,900112,76.5311,-68.5336,102.0,0.0,0.0,0.0,0.00269996,0.720644,0.0909672,0.687306,0.123828,-0.00124079,0.0001585,-0.992303,-3479330.0,889239.0,6330600.0,6496.21,504.381,3500.6,-0.000133269,0.000480176,-0.00339395,-0.000311617,-0.00169605,0.00239066,0.0029477,437,437,437,50.0,-80.474,-8.0466,0.00848013,0.0021589,0.0034515,-0.0125296,-0.00452807,-0.00566014,0,0,0,0,0,0,-1.138,-0.671209,-1.18439,-3479330.0,889235.0,6330590.0,6497.78,503.973,3500.13,-3479330.0,889239.0,6330600.0,6496.21,504.381,3500.6,7272930.0,0.000731473,98.041,-179.916,-121.257,-177.289,8,1,1443356192,303392,2386,529782,0.816204,0.183796,49.9494,0,0.0,0,0,0,0,-0.000311617,-0.00169605,0.00239066,0.0029477,1,0,436.2,0.00322269,0.049965,0.196094,0.0760646,0.976353,-2.90736e-05,3.16027e-06,2.61437e-05,-2.90736e-05,-3.16027e-06,-2.61437e-05,437,-0.124902,-0.114759,-0.000257912,-0.993393,0,0,0,0,0,0,0,0,0,0,1,1,1,437,0.000498326,10_36.0_50,Firesat_Attack_RWA,2025-08-28 20:59:17.074,2025-08-28 20:59:16.944,2071-06-24 12:16:14,-28.50121256098767,60.29578652838731,36.0,50.0,attack_rwa,Firesat_Attack_RWA_10_36.0_50,RWA
438,2025,10,0,12,16,33,1.05334,-0.498093,900113,76.5311,-68.5336,102.0,0.0,0.0,0.0,0.00215512,0.721503,0.0903024,0.686494,0.123864,-0.00124079,0.000158545,-0.992298,-3472830.0,889751.0,6334090.0,6499.87,503.153,3494.17,-0.000385787,-0.000338016,-0.0038439,-0.000256648,-0.00165439,0.00238951,0.00291764,438,438,438,50.0,-80.6826,-8.14947,0.00775065,0.00281103,0.00329968,-0.011808,-0.00518744,-0.0053808,0,0,0,0,0,0,-1.13957,-0.67244,-1.18395,-3472830.0,889742.0,6334090.0,6501.36,503.075,3493.58,-3472830.0,889751.0,6334090.0,6499.87,503.153,3494.17,7272920.0,0.000733164,98.0411,-179.916,-121.127,-177.361,8,1,1443356193,303393,2386,529786,0.816211,0.183789,50.6904,0,0.0,0,0,0,0,-0.000256648,-0.00165439,0.00238951,0.00291764,1,0,437.2,0.00292379,0.0500299,0.197264,0.0752075,0.97618,-2.90727e-05,3.21787e-06,2.61553e-05,-2.90727e-05,-3.21787e-06,-2.61553e-05,438,-0.1249,-0.117001,-6.59501e-05,-0.993132,0,0,0,0,0,0,0,0,0,0,1,1,1,438,0.00051292,10_36.0_50,Firesat_Attack_RWA,2025-08-28 20:59:17.074,2025-08-28 20:59:16.944,2071-06-24 12:16:15,-28.538626705009715,60.35193639231013,36.0,50.0,attack_rwa,Firesat_Attack_RWA_10_36.0_50,RWA
439,2025,10,0,12,16,34,1.05431,-0.498749,900114,76.5311,-68.5336,102.0,0.0,0.0,0.0,0.00101975,0.722114,0.0890344,0.68602,0.1239,-0.00124078,0.00015859,-0.992294,-3466310.0,890236.0,6337600.0,6503.38,502.464,3487.06,-0.000673795,-0.000216188,-0.00261668,-0.000209216,-0.00162899,0.00235646,0.00287233,439,439,439,50.0,-80.8568,-8.13131,0.00747987,0.00186514,0.00193035,-0.0114902,-0.00421601,-0.00391153,0,0,0,0,0,0,-1.14111,-0.673308,-1.18358,-3466330.0,890247.0,6337580.0,6504.96,502.171,3487.05,-3466310.0,890236.0,6337600.0,6503.38,502.464,3487.06,7272960.0,0.000727994,98.0412,-179.916,-121.014,-177.416,8,1,1443356194,303394,2386,529790,0.816217,0.183783,51.4146,0,0.0,0,0,0,0,-0.000209216,-0.00162899,0.00235646,0.00287233,1,0,438.2,0.0037388,0.0502327,0.198037,0.0735176,0.976142,-2.90728e-05,3.2765e-06,2.61656e-05,-2.90728e-05,-3.2765e-06,-2.61656e-05,439,-0.124898,-0.118315,0.000359761,-0.992976,0,0,0,0,0,0,0,0,0,0,1,1,1,439,0.000707628,10_36.0_50,Firesat_Attack_RWA,2025-08-28 20:59:17.074,2025-08-28 20:59:16.944,2071-06-24 12:16:16,-28.57621273637029,60.40751329843783,36.0,50.0,attack_rwa,Firesat_Attack_RWA_10_36.0_50,RWA
440,2025,10,0,12,16,35,1.05529,-0.499405,900118,76.5311,-68.5336,102.0,0.0,0.0,0.0,0.000612358,0.722579,0.0881119,0.68565,0.123937,-0.00124078,0.000158635,-0.992289,-3459820.0,890746.0,6341090.0,6507.03,501.573,3480.86,-0.00155768,0.000136867,-0.00289427,-0.000153417,-0.00162734,0.00233406,0.00284949,440,440,440,50.0,-80.977,-8.14319,0.00797052,0.00105406,0.00135672,-0.0119512,-0.00339139,-0.003248,0,0,0,0,0,0,-1.14262,-0.674722,-1.18313,-3459810.0,890744.0,6341080.0,6508.57,501.221,3480.55,-3459820.0,890746.0,6341090.0,6507.03,501.573,3480.86,7273080.0,0.000712224,98.041,-179.916,-120.665,-177.706,8,1,1443356195,303395,2386,529795,0.816224,0.183776,52.132,0,0.0,0,0,0,0,-0.000153417,-0.00162734,0.00233406,0.00284949,1,0,439.2,0.0023406,0.0500373,0.198629,0.0725283,0.976106,-2.90731e-05,3.33568e-06,2.61753e-05,-2.90731e-05,-3.33568e-06,-2.61753e-05,440,-0.124903,-0.119406,0.00120073,-0.992845,0,0,0,0,0,0,0,0,0,0,1,1,1,440,0.00156368,10_36.0_50,Firesat_Attack_RWA,2025-08-28 20:59:17.074,2025-08-28 20:59:16.944,2071-06-24 12:16:17,-28.61379876773088,60.463663162360646,36.0,50.0,attack_rwa,Firesat_Attack_RWA_10_36.0_50,RWA
441,2025,10,0,12,16,36,1.05626,-0.500065,900122,76.5311,-68.5336,102.0,0.0,0.0,0.0,0.000330756,0.723501,0.0871104,0.684806,0.123973,-0.00124077,0.000158681,-0.992285,-3453310.0,891258.0,6344540.0,6510.68,500.808,3474.42,-0.00264549,-0.000839398,-0.0030801,-8.70125e-05,-0.00159984,0.00230775,0.00280941,441,441,441,50.0,-81.1511,-8.13683,0.0086898,0.00247288,0.00106925,-0.012634,-0.00479454,-0.00282746,0,0,0,0,0,0,-1.14407,-0.676712,-1.18253,-3453310.0,891248.0,6344560.0,6512.12,500.317,3474.01,-3453310.0,891258.0,6344540.0,6510.68,500.808,3474.42,7273070.0,0.000714164,98.041,-179.916,-120.388,-177.925,8,1,1443356196,303396,2386,529799,0.816231,0.183769,52.8444,0,0.0,0,0,0,0,-8.70125e-05,-0.00159984,0.00230775,0.00280941,1,0,440.2,0.00325264,0.0496935,0.199869,0.0715464,0.975943,-2.90736e-05,3.39584e-06,2.61846e-05,-2.90736e-05,-3.39584e-06,-2.61846e-05,441,-0.124901,-0.121821,0.00225199,-0.99255,0,0,0,0,0,0,0,0,0,0,1,1,1,441,0.00277547,10_36.0_50,Firesat_Attack_RWA,2025-08-28 20:59:17.074,2025-08-28 20:59:16.944,2071-06-24 12:16:18,-28.65161398220951,60.51924006848833,36.0,50.0,attack_rwa,Firesat_Attack_RWA_10_36.0_50,RWA
442,2025,10,0,12,16,37,1.05724,-0.500727,900119,76.5311,-68.5336,102.0,0.0,0.0,0.0,0.000580496,-0.724072,-0.0862664,-0.684309,0.124009,-0.00124077,0.000158726,-0.99228,-3446790.0,891764.0,6348030.0,6514.34,499.589,3467.33,-0.00266348,-0.000719607,-0.0026404,-3.1899e-05,-0.00157965,0.00226933,0.00276517,442,442,442,50.0,-81.3105,-8.08037,0.0076035,0.00159186,0.000402865,-0.01149,-0.00388376,-0.00205285,0,0,0,0,0,0,-1.14549,-0.678191,-1.18202,-3446790.0,891753.0,6348020.0,6515.69,499.436,3467.42,-3446790.0,891764.0,6348030.0,6514.34,499.589,3467.33,7273030.0,0.000719068,98.0413,-179.916,-120.631,-177.624,8,1,1443356197,303397,2386,529803,0.816237,0.183763,53.5439,0,0.0,0,0,0,0,-3.1899e-05,-0.00157965,0.00226933,0.00276517,1,0,441.2,0.00290911,0.0499559,0.200621,0.0703323,0.975863,-2.90747e-05,3.45684e-06,2.61928e-05,-2.90747e-05,-3.45684e-06,-2.61928e-05,442,-0.124896,-0.123148,0.00231911,-0.992386,0,0,0,0,0,0,0,0,0,0,1,1,1,442,0.00275898,10_36.0_50,Firesat_Attack_RWA,2025-08-28 20:59:17.074,2025-08-28 20:59:16.944,2071-06-24 12:16:19,-28.68954378824717,60.57538993241116,36.0,50.0,attack_rwa,Firesat_Attack_RWA_10_36.0_50,RWA
443,2025,10,0,12,16,38,1.05821,-0.501391,900122,76.5311,-68.5336,102.0,0.0,0.0,0.0,0.00127304,-0.724518,-0.085584,-0.68392,0.124045,-0.00124076,0.000158771,-0.992276,-3440290.0,892247.0,6351480.0,6517.41,498.752,3461.39,-0.00279388,-0.00030281,-0.0027278,1.30497e-05,-0.00158356,0.00223395,0.00273832,443,443,443,50.0,-81.4152,-8.02914,0.00702757,0.000884507,0.00131083,-0.0108609,-0.00314793,-0.00289289,0,0,0,0,0,0,-1.14689,-0.679242,-1.18155,-3440280.0,892255.0,6351490.0,6519.23,498.535,3460.87,-3440290.0,892247.0,6351480.0,6517.41,498.752,3461.39,7273030.0,0.000719762,98.0413,-179.916,-120.384,-177.813,8,1,1443356198,303398,2386,529808,0.816244,0.183756,54.2392,0,0.0,0,0,0,0,1.30497e-05,-0.00158356,0.00223395,0.00273832,1,0,442.2,0.00227639,0.0501318,0.20121,0.0693761,0.975801,-2.90761e-05,3.51814e-06,2.62005e-05,-2.90761e-05,-3.51814e-06,-2.62005e-05,443,-0.124894,-0.124188,0.00243396,-0.992256,0,0,0,0,0,0,0,0,0,0,1,1,1,443,0.00281024,10_36.0_50,Firesat_Attack_RWA,2025-08-28 20:59:17.074,2025-08-28 20:59:16.944,2071-06-24 12:16:20,-28.72758818584386,60.63096683853885,36.0,50.0,attack_rwa,Firesat_Attack_RWA_10_36.0_50,RWA
444,2025,10,0,12,16,39,1.05919,-0.502054,900122,76.5311,-68.5336,102.0,0.0,0.0,0.0,0.00206467,-0.725196,-0.0848804,-0.683288,0.124081,-0.00124075,0.000158816,-0.992271,-3433780.0,892731.0,6354960.0,6521.19,497.955,3454.54,-0.00277047,-0.00053558,-0.00259452,4.83485e-05,-0.00158085,0.00220395,0.00271271,444,444,444,50.0,-81.5316,-7.99504,0.00630909,0.0010892,0.00142565,-0.0100983,-0.00332795,-0.00294834,0,0,0,0,0,0,-1.14824,-0.679851,-1.18108,-3433760.0,892748.0,6354940.0,6522.74,497.572,3454.28,-3433780.0,892731.0,6354960.0,6521.19,497.955,3454.54,7272930.0,0.000733503,98.0412,-179.916,-120.396,-177.743,8,1,1443356199,303399,2386,529812,0.816251,0.183749,54.9352,0,0.0,0,0,0,0,4.83485e-05,-0.00158085,0.00220395,0.00271271,1,0,443.2,0.00281468,0.0503767,0.202128,0.0683457,0.975672,-2.90773e-05,3.57968e-06,2.62082e-05,-2.90773e-05,-3.57968e-06,-2.62082e-05,444,-0.124899,-0.125876,0.00242264,-0.992043,0,0,0,0,0,0,0,0,0,0,1,1,1,444,0.00282177,10_36.0_50,Firesat_Attack_RWA,2025-08-28 20:59:17.074,2025-08-28 20:59:16.944,2071-06-24 12:16:21,-28.765575287661036,60.68711670246167,36.0,50.0,attack_rwa,Firesat_Attack_RWA_10_36.0_50,RWA
445,2025,10,0,12,16,40,1.06016,-0.502718,900128,76.5311,-68.5336,102.0,0.0,0.0,0.0,0.00299606,-0.725975,-0.0837298,-0.682599,0.124117,-0.00124075,0.000158862,-0.992267,-3427270.0,893220.0,6358390.0,6524.76,496.73,3448.25,-0.00314637,-0.000953779,-0.00157858,8.33997e-05,-0.00156732,0.00215804,0.00266844,445,445,445,50.0,-81.6704,-7.90087,0.00634576,0.00167358,-0.000472887,-0.0100631,-0.00387137,-0.00097965,0,0,0,0,0,0,-1.14955,-0.680456,-1.18059,-3427250.0,893236.0,6358400.0,6526.23,496.585,3447.74,-3427270.0,893220.0,6358390.0,6524.76,496.73,3448.25,7272860.0,0.000743742,98.0409,-179.916,-119.987,-178.094,8,1,1443356200,303400,2386,529817,0.816259,0.183741,55.6276,0,0.0,0,0,0,0,8.33997e-05,-0.00156732,0.00215804,0.00266844,1,0,444.2,0.00361824,0.0504797,0.203161,0.066869,0.975554,-2.90787e-05,3.64116e-06,2.62156e-05,-2.90787e-05,-3.64116e-06,-2.62156e-05,445,-0.124907,-0.127753,0.00291986,-0.991802,0,0,0,0,0,0,0,0,0,0,1,1,1,445,0.00328776,10_36.0_50,Firesat_Attack_RWA,2025-08-28 20:59:17.074,2025-08-28 20:59:16.944,2071-06-24 12:16:22,-28.80361968525772,60.74269360858936,36.0,50.0,attack_rwa,Firesat_Attack_RWA_10_36.0_50,RWA
446,2025,10,0,12,16,41,1.06113,-0.503386,900130,76.5311,-68.5336,102.0,0.0,0.0,0.0,0.00330157,-0.726689,-0.0831076,-0.681913,0.124154,-0.00124074,0.000158907,-0.992262,-3420710.0,893746.0,6361860.0,6528.21,496.172,3441.28,-0.00370605,-0.00138566,-0.00214338,0.000123362,-0.00154225,0.00212235,0.00262643,446,446,446,50.0,-81.8331,-7.83712,0.00648706,0.00174847,-0.000488119,-0.0101497,-0.00391638,-0.000874346,0,0,0,0,0,0,-1.15082,-0.681401,-1.18007,-3420730.0,893728.0,6361840.0,6529.73,495.633,3441.17,-3420710.0,893746.0,6361860.0,6528.21,496.172,3441.28,7272790.0,0.000753462,98.0407,-179.917,-119.834,-178.188,8,1,1443356201,303401,2386,529822,0.816266,0.183734,56.311,0,0.0,0,0,0,0,0.000123362,-0.00154225,0.00212235,0.00262643,1,0,445.2,0.00241859,0.0503731,0.20414,0.0661841,0.975402,-2.90807e-05,3.70242e-06,2.62221e-05,-2.90807e-05,-3.70242e-06,-2.62221e-05,446,-0.12491,-0.12965,0.00339868,-0.991554,0,0,0,0,0,0,0,0,0,0,1,1,1,446,0.00395662,10_36.0_50,Firesat_Attack_RWA,2025-08-28 20:59:17.074,2025-08-28 20:59:16.944,2071-06-24 12:16:23,-28.84189326597246,60.79827051471704,36.0,50.0,attack_rwa,Firesat_Attack_RWA_10_36.0_50,RWA
447,2025,10,0,12,16,42,1.06211,-0.50406,900134,76.5311,-68.5336,102.0,0.0,0.0,0.0,0.00397797,-0.727166,-0.0825513,-0.681469,0.12419,-0.00124074,0.000158952,-0.992258,-3414180.0,894220.0,6365290.0,6531.78,495.132,3434.87,-0.00367113,-0.00106988,-0.00228212,0.000154701,-0.0015371,0.00208311,0.00259344,447,447,447,50.0,-81.9516,-7.7583,0.00593395,0.00107756,0.00107554,-0.0095354,-0.00321046,-0.00238193,0,0,0,0,0,0,-1.15206,-0.681926,-1.17961,-3414190.0,894229.0,6365290.0,6533.31,494.754,3434.64,-3414180.0,894220.0,6365290.0,6531.78,495.132,3434.87,7272940.0,0.000733032,98.0409,-179.916,-119.507,-178.456,8,1,1443356202,303402,2386,529826,0.816273,0.183727,56.9865,0,0.0,0,0,0,0,0.000154701,-0.0015371,0.00208311,0.00259344,1,0,446.2,0.00218265,0.050608,0.204785,0.0653404,0.975312,-2.90831e-05,3.76366e-06,2.62281e-05,-2.90831e-05,-3.76366e-06,-2.62281e-05,447,-0.124906,-0.130813,0.00334253,-0.991401,0,0,0,0,0,0,0,0,0,0,1,1,1,447,0.00382385,10_36.0_50,Firesat_Attack_RWA,2025-08-28 20:59:17.074,2025-08-28 20:59:16.944,2071-06-24 12:16:24,-28.880510621364277,60.85442037863987,36.0,50.0,attack_rwa,Firesat_Attack_RWA_10_36.0_50,RWA
448,2025,10,0,12,16,43,1.06308,-0.504732,900132,76.5311,-68.5336,102.0,0.0,0.0,0.0,0.00495488,-0.727838,-0.0817665,-0.680839,0.124226,-0.00124073,0.000158997,-0.992253,-3407660.0,894719.0,6368720.0,6535.41,494.305,3428.25,-0.00348381,-0.00123665,-0.00163713,0.00017666,-0.00152972,0.00204479,0.00255977,448,448,448,50.0,-82.072,-7.68079,0.00506672,0.00115441,-0.00052488,-0.00860823,-0.00325171,-0.000738151,0,0,0,0,0,0,-1.15325,-0.682007,-1.17919,-3407650.0,894719.0,6368720.0,6536.85,493.801,3428.05,-3407660.0,894719.0,6368720.0,6535.41,494.305,3428.25,7272950.0,0.000732116,98.0408,-179.916,-119.653,-178.253,8,1,1443356203,303403,2386,529831,0.81628,0.18372,57.6597,0,0.0,0,0,0,0,0.00017666,-0.00152972,0.00204479,0.00255977,1,0,447.2,0.00311017,0.0509582,0.205697,0.0641372,0.975181,-2.90855e-05,3.82463e-06,2.62337e-05,-2.90855e-05,-3.82463e-06,-2.62337e-05,448,-0.124909,-0.132454,0.00323756,-0.991184,0,0,0,0,0,0,0,0,0,0,1,1,1,448,0.00369679,10_36.0_50,Firesat_Attack_RWA,2025-08-28 20:59:17.074,2025-08-28 20:59:16.944,2071-06-24 12:16:25,-28.919013385197065,60.90999728476756,36.0,50.0,attack_rwa,Firesat_Attack_RWA_10_36.0_50,RWA
449,2025,10,0,12,16,44,1.06405,-0.505407,900136,76.5311,-68.5336,102.0,0.0,0.0,0.0,0.00543086,-0.728204,-0.0809909,-0.680536,0.124262,-0.00124073,0.000159042,-0.992249,-3401140.0,895212.0,6372150.0,6538.8,493.236,3422.02,-0.00405854,-0.000587995,-0.00169658,0.000204101,-0.00154486,0.00200331,0.00253801,449,449,449,50.0,-82.1421,-7.58905,0.00566642,6.4092e-05,-0.000246888,-0.00914235,-0.00212329,-0.000986933,0,0,0,0,0,0,-1.15443,-0.6824,-1.17872,-3401120.0,895212.0,6372150.0,6540.32,492.873,3421.47,-3401140.0,895212.0,6372150.0,6538.8,493.236,3422.02,7272880.0,0.00074202,98.0408,-179.916,-119.334,-178.513,8,1,1443356204,303404,2386,529836,0.816288,0.183712,58.3332,0,0.0,0,0,0,0,0.000204101,-0.00154486,0.00200331,0.00253801,1,0,448.2,0.00205372,0.0509032,0.206171,0.0632288,0.975143,-2.9088e-05,3.88508e-06,2.62393e-05,-2.9088e-05,-3.88508e-06,-2.62393e-05,449,-0.12491,-0.133295,0.00379683,-0.991069,0,0,0,0,0,0,0,0,0,0,1,1,1,449,0.00410092,10_36.0_50,Firesat_Attack_RWA,2025-08-28 20:59:17.074,2025-08-28 20:59:16.944,2071-06-24 12:16:26,-28.9576880363684,60.96557419089524,36.0,50.0,attack_rwa,Firesat_Attack_RWA_10_36.0_50,RWA
450,2025,10,0,12,16,45,1.06503,-0.506084,900141,76.5311,-68.5336,102.0,0.0,0.0,0.0,0.00633115,-0.729096,-0.0802997,-0.679655,0.124298,-0.00124072,0.000159088,-0.992244,-3394570.0,895712.0,6375550.0,6542.0,492.233,3415.04,-0.00381184,-0.00142091,-0.00117175,0.000223719,-0.00153387,0.00195495,0.00249492,450,450,450,50.0,-82.2649,-7.47109,0.00478351,0.00157906,-0.00108785,-0.00818141,-0.00359178,-0.000102496,0,0,0,0,0,0,-1.15554,-0.682414,-1.17824,-3394590.0,895706.0,6375560.0,6543.77,491.952,3414.89,-3394570.0,895712.0,6375550.0,6542.0,492.233,3415.04,7272780.0,0.00075598,98.0408,-179.916,-119.028,-178.761,8,1,1443356205,303405,2386,529841,0.816295,0.183705,59.0096,0,0.0,0,0,0,0,0.000223719,-0.00153387,0.00195495,0.00249492,1,0,449.2,0.003381,0.0512442,0.207406,0.0621463,0.974933,-2.90903e-05,3.945e-06,2.6245e-05,-2.90903e-05,-3.945e-06,-2.6245e-05,450,-0.12491,-0.135607,0.00361892,-0.990756,0,0,0,0,0,0,0,0,0,0,1,1,1,450,0.00406806,10_36.0_50,Firesat_Attack_RWA,2025-08-28 20:59:17.074,2025-08-28 20:59:16.944,2071-06-24 12:16:27,-28.99647727909875,61.02172405481806,36.0,50.0,attack_rwa,Firesat_Attack_RWA_10_36.0_50,RWA
451,2025,10,0,12,16,46,1.066,-0.506765,900132,76.5311,-68.5336,102.0,0.0,0.0,0.0,0.00718569,-0.729515,-0.0796391,-0.679275,0.124335,-0.00124071,0.000159133,-0.99224,-3388050.0,896209.0,6378970.0,6545.99,491.3,3408.45,-0.00366115,-0.000888875,-0.000801453,0.000235831,-0.00153616,0.0019009,0.00245537,451,451,451,50.0,-82.3589,-7.32992,0.00426704,0.000405132,-0.00146087,-0.00757685,-0.0023643,0.000288243,0,0,0,0,0,0,-1.15665,-0.682077,-1.17787,-3388040.0,896201.0,6378970.0,6547.3,491.054,3408.24,-3388050.0,896209.0,6378970.0,6545.99,491.3,3408.45,7272760.0,0.000757346,98.0409,-179.916,-119.66,-178.071,8,1,1443356206,303406,2386,529846,0.816303,0.183697,59.6817,0,0.0,0,0,0,0,0.000235831,-0.00153616,0.0019009,0.00245537,1,0,450.2,0.00243888,0.0515653,0.207967,0.061115,0.974862,-2.90929e-05,4.00389e-06,2.62502e-05,-2.90929e-05,-4.00389e-06,-2.62502e-05,451,-0.124906,-0.136569,0.00351797,-0.990624,0,0,0,0,0,0,0,0,0,0,1,1,1,451,0.00376751,10_36.0_50,Firesat_Attack_RWA,2025-08-28 20:59:17.074,2025-08-28 20:59:16.944,2071-06-24 12:16:28,-29.035495704947163,61.07730096094576,36.0,50.0,attack_rwa,Firesat_Attack_RWA_10_36.0_50,RWA
452,2025,10,0,12,16,47,1.06697,-0.507448,900134,76.5311,-68.5336,102.0,0.0,0.0,0.0,0.0076064,-0.730047,-0.0791293,-0.678758,0.124371,-0.00124071,0.000159178,-0.992235,-3381480.0,896700.0,6382380.0,6549.06,490.416,3401.85,-0.00391626,-0.000773254,-0.00118973,0.000250604,-0.00154605,0.001858,0.00243007,452,452,452,50.0,-82.4325,-7.22763,0.00455755,0.000251115,-3.10815e-05,-0.00779828,-0.00216853,-0.0011273,0,0,0,0,0,0,-1.15772,-0.681914,-1.17744,-3381490.0,896696.0,6382370.0,6550.78,490.156,3401.64,-3381480.0,896700.0,6382380.0,6549.06,490.416,3401.85,7272740.0,0.00076143,98.0411,-179.916,-119.526,-178.146,8,1,1443356207,303407,2386,529851,0.816311,0.183689,60.3571,0,0.0,0,0,0,0,0.000250604,-0.00154605,0.001858,0.00243007,1,0,451.2,0.00198704,0.0516175,0.208699,0.0604561,0.974744,-2.90954e-05,4.06174e-06,2.62557e-05,-2.90954e-05,-4.06174e-06,-2.62557e-05,452,-0.124903,-0.137953,0.00371535,-0.990432,0,0,0,0,0,0,0,0,0,0,1,1,1,452,0.00399187,10_36.0_50,Firesat_Attack_RWA,2025-08-28 20:59:17.074,2025-08-28 20:59:16.944,2071-06-24 12:16:29,-29.0746287223546,61.13287786707345,36.0,50.0,attack_rwa,Firesat_Attack_RWA_10_36.0_50,RWA
453,2025,10,0,12,16,48,1.06794,-0.508134,900136,76.5311,-68.5336,102.0,0.0,0.0,0.0,0.00810371,-0.730778,-0.0783456,-0.678055,0.124407,-0.0012407,0.000159223,-0.99223,-3374940.0,897207.0,6385780.0,6552.95,489.662,3395.29,-0.00440519,-0.00117508,-0.00101267,0.000273911,-0.00154201,0.00182102,0.00240186,453,453,453,50.0,-82.5341,-7.14722,0.00498996,0.000881591,-0.000798086,-0.00817157,-0.00276454,-0.000317793,0,0,0,0,0,0,-1.15875,-0.682179,-1.17691,-3374930.0,897190.0,6385780.0,6554.31,489.26,3395.07,-3374940.0,897207.0,6385780.0,6552.95,489.662,3395.29,7272830.0,0.000749184,98.0412,-179.916,-119.376,-178.238,8,1,1443356208,303408,2386,529856,0.816318,0.183682,61.0342,0,0.0,0,0,0,0,0.000273911,-0.00154201,0.00182102,0.00240186,1,0,452.2,0.00275029,0.0515754,0.209702,0.0595289,0.974588,-2.90977e-05,4.11903e-06,2.62611e-05,-2.90977e-05,-4.11903e-06,-2.62611e-05,453,-0.1249,-0.139856,0.00422121,-0.990163,0,0,0,0,0,0,0,0,0,0,1,1,1,453,0.00455923,10_36.0_50,Firesat_Attack_RWA,2025-08-28 20:59:17.074,2025-08-28 20:59:16.944,2071-06-24 12:16:30,-29.11393362710057,61.18845477320113,36.0,50.0,attack_rwa,Firesat_Attack_RWA_10_36.0_50,RWA
454,2025,10,0,12,16,49,1.06892,-0.508821,900139,76.5311,-68.5336,102.0,0.0,0.0,0.0,0.00870495,-0.731504,-0.0781625,-0.677287,0.124443,-0.0012407,0.000159269,-0.992226,-3368380.0,897676.0,6389160.0,6556.33,488.701,3389.0,-0.0039158,-0.00165548,-0.00153668,0.000284336,-0.00152322,0.00179116,0.00236839,454,454,454,50.0,-82.6671,-7.09011,0.0039665,0.00146997,0.0014151,-0.00710094,-0.00332387,-0.0024941,0,0,0,0,0,0,-1.15974,-0.681835,-1.17648,-3368380.0,897685.0,6389170.0,6557.78,488.373,3388.48,-3368380.0,897676.0,6389160.0,6556.33,488.701,3389.0,7272820.0,0.00075003,98.0414,-179.916,-119.14,-178.416,8,1,1443356209,303409,2386,529861,0.816326,0.183674,61.7063,0,0.0,0,0,0,0,0.000284336,-0.00152322,0.00179116,0.00236839,1,0,453.2,0.0024593,0.0519628,0.210737,0.059034,0.974374,-2.91004e-05,4.17587e-06,2.62661e-05,-2.91004e-05,-4.17587e-06,-2.62661e-05,454,-0.124895,-0.141841,0.00365996,-0.989883,0,0,0,0,0,0,0,0,0,0,1,1,1,454,0.00425137,10_36.0_50,Firesat_Attack_RWA,2025-08-28 20:59:17.074,2025-08-28 20:59:16.944,2071-06-24 12:16:31,-29.15329582762606,61.24460463712396,36.0,50.0,attack_rwa,Firesat_Attack_RWA_10_36.0_50,RWA
455,2025,10,0,12,16,50,1.06989,-0.509508,900135,76.5311,-68.5336,102.0,0.0,0.0,0.0,0.00966897,-0.731952,-0.0772493,-0.676894,0.124479,-0.00124069,0.000159314,-0.992221,-3361820.0,898158.0,6392550.0,6559.62,487.651,3382.1,-0.0039416,-0.00113555,-0.000556091,0.000292569,-0.00152408,0.00175571,0.00234327,455,455,455,50.0,-82.757,-7.0135,0.00388043,0.000340117,-0.000339131,-0.00695808,-0.00215886,-0.000726817,0,0,0,0,0,0,-1.16072,-0.681353,-1.17611,-3361820.0,898167.0,6392550.0,6561.24,487.408,3381.84,-3361820.0,898158.0,6392550.0,6559.62,487.651,3382.1,7272770.0,0.000757481,98.0412,-179.916,-119.404,-178.094,8,1,1443356210,303410,2386,529866,0.816334,0.183666,62.3728,0,0.0,0,0,0,0,0.000292569,-0.00152408,0.00175571,0.00234327,1,0,454.2,0.00291091,0.0522287,0.21133,0.057733,0.974309,-2.91035e-05,4.23215e-06,2.62707e-05,-2.91035e-05,-4.23215e-06,-2.62707e-05,455,-0.124899,-0.142836,0.00382238,-0.989739,0,0,0,0,0,0,0,0,0,0,1,1,1,455,0.00410192,10_36.0_50,Firesat_Attack_RWA,2025-08-28 20:59:17.074,2025-08-28 20:59:16.944,2071-06-24 12:16:32,-29.192658028151545,61.30018154325165,36.0,50.0,attack_rwa,Firesat_Attack_RWA_10_36.0_50,RWA
456,2025,10,0,12,16,51,1.07086,-0.510198,900136,76.5311,-68.5336,102.0,0.0,0.0,0.0,0.0103829,-0.732707,-0.0770023,-0.676094,0.124515,-0.00124068,0.000159359,-0.992217,-3355250.0,898654.0,6395950.0,6563.08,486.677,3375.41,-0.00337227,-0.00167326,-0.000802242,0.000288988,-0.00151256,0.00172354,0.00231127,456,456,456,50.0,-82.8703,-6.94632,0.00278981,0.00095345,-0.000104937,-0.00581588,-0.00273873,-0.000954424,0,0,0,0,0,0,-1.16164,-0.68032,-1.1758,-3355260.0,898651.0,6395930.0,6564.71,486.455,3375.24,-3355250.0,898654.0,6395950.0,6563.08,486.677,3375.41,7272760.0,0.000758418,98.0411,-179.916,-119.364,-178.075,8,1,1443356211,303411,2386,529871,0.816342,0.183658,63.0384,0,0.0,0,0,0,0,0.000288988,-0.00151256,0.00172354,0.00231127,1,0,455.2,0.00266838,0.0526719,0.212407,0.0571212,0.974087,-2.91065e-05,4.28753e-06,2.62752e-05,-2.91065e-05,-4.28753e-06,-2.62752e-05,456,-0.124902,-0.144887,0.00322153,-0.989443,0,0,0,0,0,0,0,0,0,0,1,1,1,456,0.00376458,10_36.0_50,Firesat_Attack_RWA,2025-08-28 20:59:17.074,2025-08-28 20:59:16.944,2071-06-24 12:16:33,-29.23219211601558,61.35575844937933,36.0,50.0,attack_rwa,Firesat_Attack_RWA_10_36.0_50,RWA
457,2025,10,0,12,16,52,1.07183,-0.510891,900139,76.5311,-68.5336,102.0,0.0,0.0,0.0,0.0107946,-0.732912,-0.0760396,-0.675974,0.124552,-0.00124068,0.000159404,-0.992212,-3348680.0,899146.0,6399300.0,6566.31,485.932,3368.94,-0.00430282,-0.00049347,-0.000472082,0.000302342,-0.00154082,0.00168453,0.00230287,457,457,457,50.0,-82.897,-6.85544,0.00437228,-0.000760219,-0.000749502,-0.0073353,-0.000986897,-0.000316756,0,0,0,0,0,0,-1.16258,-0.680111,-1.1754,-3348690.0,899139.0,6399310.0,6568.2,485.542,3368.66,-3348680.0,899146.0,6399300.0,6566.31,485.932,3368.94,7272850.0,0.000746691,98.0412,-179.916,-119.042,-178.339,8,1,1443356212,303412,2386,529877,0.81635,0.18365,63.7051,0,0.0,0,0,0,0,0.000302342,-0.00154082,0.00168453,0.00230287,1,0,456.2,0.00214736,0.052457,0.212644,0.0560965,0.974107,-2.91096e-05,4.34201e-06,2.62798e-05,-2.91096e-05,-4.34201e-06,-2.62798e-05,457,-0.124901,-0.145246,0.00418888,-0.989387,0,0,0,0,0,0,0,0,0,0,1,1,1,457,0.00433102,10_36.0_50,Firesat_Attack_RWA,2025-08-28 20:59:17.074,2025-08-28 20:59:16.944,2071-06-24 12:16:34,-29.27189809121814,61.41133535550703,36.0,50.0,attack_rwa,Firesat_Attack_RWA_10_36.0_50,RWA
458,2025,10,0,12,16,53,1.07281,-0.511587,900136,76.5311,-68.5336,102.0,0.0,0.0,0.0,0.0114697,-0.733628,-0.0760167,-0.675188,0.124588,-0.00124067,0.00015945,-0.992208,-3342120.0,899611.0,6402670.0,6570.05,484.995,3362.6,-0.00348549,-0.000961359,-0.00104362,0.000301487,-0.00155043,0.00165611,0.00228854,458,458,458,50.0,-82.9592,-6.80199,0.00290942,0.000275298,0.00134471,-0.00582732,-0.0019932,-0.0024218,0,0,0,0,0,0,-1.16347,-0.679236,-1.17502,-3342120.0,899625.0,6402670.0,6571.67,484.619,3362.03,-3342120.0,899611.0,6402670.0,6570.05,484.995,3362.6,7272850.0,0.000746025,98.0412,-179.916,-119.251,-178.072,8,1,1443356213,303413,2386,529882,0.816359,0.183641,64.3824,0,0.0,0,0,0,0,0.000301487,-0.00155043,0.00165611,0.00228854,1,0,457.2,0.00251963,0.0529969,0.213681,0.0556905,0.973874,-2.9112e-05,4.39577e-06,2.62849e-05,-2.9112e-05,-4.39577e-06,-2.62849e-05,458,-0.1249,-0.147237,0.00329459,-0.989096,0,0,0,0,0,0,0,0,0,0,1,1,1,458,0.00361564,10_36.0_50,Firesat_Attack_RWA,2025-08-28 20:59:17.074,2025-08-28 20:59:16.944,2071-06-24 12:16:35,-29.31177595375925,61.46748521942985,36.0,50.0,attack_rwa,Firesat_Attack_RWA_10_36.0_50,RWA
459,2025,10,0,12,16,54,1.07378,-0.512283,900140,76.5311,-68.5336,102.0,0.0,0.0,0.0,0.0120155,-0.734073,-0.0750326,-0.674806,0.124624,-0.00124067,0.000159495,-0.992203,-3335550.0,900118.0,6406060.0,6573.32,484.16,3355.69,-0.0042122,-0.000456228,-0.000421743,0.000313121,-0.00156999,0.00162726,0.00228274,459,459,459,50.0,-83.0006,-6.74951,0.00398128,-0.000581025,-0.000887557,-0.00685349,-0.00110894,-0.000190257,0,0,0,0,0,0,-1.16439,-0.678955,-1.17456,-3335550.0,900105.0,6406030.0,6575.11,483.66,3355.43,-3335550.0,900118.0,6406060.0,6573.32,484.16,3355.69,7272840.0,0.000747249,98.0411,-179.916,-119.011,-178.254,8,1,1443356214,303414,2386,529887,0.816367,0.183633,65.0644,0,0.0,0,0,0,0,0.000313121,-0.00156999,0.00162726,0.00228274,1,0,458.2,0.00253745,0.0528794,0.214264,0.0545713,0.973816,-2.91142e-05,4.44891e-06,2.62904e-05,-2.91142e-05,-4.44891e-06,-2.62904e-05,459,-0.124904,-0.148272,0.00410334,-0.988938,0,0,0,0,0,0,0,0,0,0,1,1,1,459,0.00423684,10_36.0_50,Firesat_Attack_RWA,2025-08-28 20:59:17.074,2025-08-28 20:59:16.944,2071-06-24 12:16:36,-29.351653816300352,61.52306212555754,36.0,50.0,attack_rwa,Firesat_Attack_RWA_10_36.0_50,RWA
460,2025,10,0,12,16,55,1.07475,-0.512983,900151,76.5311,-68.5336,102.0,0.0,0.0,0.0,0.0121834,-0.734728,-0.0746827,-0.674128,0.12466,-0.00124066,0.00015954,-0.992199,-3328990.0,900595.0,6409390.0,6576.94,483.02,3349.02,-0.00459312,-0.00073661,-0.00114991,0.000332006,-0.00157998,0.00160176,0.00227425,460,460,460,50.0,-83.06,-6.70706,0.00442158,0.000278253,0.00100837,-0.00725362,-0.00194471,-0.00206516,0,0,0,0,0,0,-1.16528,-0.679083,-1.17397,-3328970.0,900594.0,6409390.0,6578.51,482.769,3348.87,-3328990.0,900595.0,6409390.0,6576.94,483.02,3349.02,7272860.0,0.000746265,98.0412,-179.916,-118.184,-179.022,8,1,1443356215,303415,2386,529893,0.816375,0.183625,65.754,0,0.0,0,0,0,0,0.000332006,-0.00157998,0.00160176,0.00227425,1,0,459.2,0.0020396,0.0528163,0.21519,0.0541884,0.973636,-2.91159e-05,4.50164e-06,2.62962e-05,-2.91159e-05,-4.50164e-06,-2.62962e-05,460,-0.124901,-0.150095,0.00436916,-0.988662,0,0,0,0,0,0,0,0,0,0,1,1,1,460,0.00465182,10_36.0_50,Firesat_Attack_RWA,2025-08-28 20:59:17.074,2025-08-28 20:59:16.944,2071-06-24 12:16:37,-29.391760861959508,61.57863903168524,36.0,50.0,attack_rwa,Firesat_Attack_RWA_10_36.0_50,RWA
461,2025,10,0,12,16,56,1.07572,-0.513684,900150,76.5311,-68.5336,102.0,0.0,0.0,0.0,0.0132126,-0.735292,-0.0744444,-0.67352,0.124696,-0.00124066,0.000159585,-0.992194,-3322410.0,901059.0,6412720.0,6580.29,482.269,3342.55,-0.00356856,-0.000664923,-0.00089065,0.000329079,-0.00158535,0.00157879,0.00226146,461,461,461,50.0,-83.1295,-6.67496,0.00255357,0.000229791,0.0011614,-0.00534974,-0.00187238,-0.002228,0,0,0,0,0,0,-1.16617,-0.678111,-1.17358,-3322400.0,901075.0,6412730.0,6581.9,481.824,3342.21,-3322410.0,901059.0,6412720.0,6580.29,482.269,3342.55,7272750.0,0.000762035,98.0412,-179.916,-118.319,-178.83,8,1,1443356216,303416,2386,529898,0.816384,0.183616,66.4462,0,0.0,0,0,0,0,0.000329079,-0.00158535,0.00157879,0.00226146,1,0,460.2,0.00268663,0.0535226,0.216001,0.0534028,0.973461,-2.91174e-05,4.55407e-06,2.63022e-05,-2.91174e-05,-4.55407e-06,-2.63022e-05,461,-0.124902,-0.151566,0.00339281,-0.988441,0,0,0,0,0,0,0,0,0,0,1,1,1,461,0.00362998,10_36.0_50,Firesat_Attack_RWA,2025-08-28 20:59:17.074,2025-08-28 20:59:16.944,2071-06-24 12:16:38,-29.431925203398183,61.63421593781292,36.0,50.0,attack_rwa,Firesat_Attack_RWA_10_36.0_50,RWA
462,2025,10,0,12,16,57,1.07669,-0.514386,900146,76.5311,-68.5336,102.0,0.0,0.0,0.0,0.0138189,-0.736177,-0.0739743,-0.672592,0.124732,-0.00124065,0.000159631,-0.99219,-3315830.0,901556.0,6416070.0,6583.96,481.325,3336.05,-0.00344047,-0.00154618,-0.00079149,0.000321259,-0.00156232,0.00155905,0.0022304,462,462,462,50.0,-83.2594,-6.65443,0.00234773,0.00125061,9.82902e-05,-0.00511302,-0.00287202,-0.00115329,0,0,0,0,0,0,-1.16701,-0.676896,-1.17321,-3315820.0,901550.0,6416070.0,6585.3,480.852,3335.54,-3315830.0,901556.0,6416070.0,6583.96,481.325,3336.05,7272640.0,0.000776424,98.041,-179.916,-118.623,-178.468,8,1,1443356217,303417,2386,529904,0.816392,0.183608,67.1357,0,0.0,0,0,0,0,0.000321259,-0.00156232,0.00155905,0.0022304,1,0,461.2,0.00298706,0.0537496,0.217258,0.05267,0.973209,-2.91191e-05,4.60574e-06,2.63079e-05,-2.91191e-05,-4.60574e-06,-2.63079e-05,462,-0.124906,-0.153984,0.00327857,-0.988068,0,0,0,0,0,0,0,0,0,0,1,1,1,462,0.00377194,10_36.0_50,Firesat_Attack_RWA,2025-08-28 20:59:17.074,2025-08-28 20:59:16.944,2071-06-24 12:16:39,-29.472146840616364,61.6897928439406,36.0,50.0,attack_rwa,Firesat_Attack_RWA_10_36.0_50,RWA
463,2025,10,0,12,16,58,1.07766,-0.515092,900149,76.5311,-68.5336,102.0,0.0,0.0,0.0,0.014641,-0.736398,-0.0733298,-0.672404,0.124769,-0.00124064,0.000159676,-0.992185,-3309230.0,902022.0,6419390.0,6586.98,480.358,3329.08,-0.00331543,-0.000401268,-0.000229275,0.000312164,-0.00158078,0.00152018,0.00221524,463,463,463,50.0,-83.2999,-6.56517,0.00243251,-0.000614812,-6.47769e-05,-0.00513415,-0.000965471,-0.00102373,0,0,0,0,0,0,-1.16788,-0.67558,-1.17294,-3309240.0,902032.0,6419400.0,6588.69,479.928,3328.92,-3309230.0,902022.0,6419390.0,6586.98,480.358,3329.08,7272600.0,0.000781833,98.041,-179.916,-118.413,-178.619,8,1,1443356218,303418,2386,529910,0.816401,0.183599,67.8211,0,0.0,0,0,0,0,0.000312164,-0.00158078,0.00152018,0.00221524,1,0,462.2,0.00216865,0.0540535,0.217547,0.0516705,0.973181,-2.91211e-05,4.65639e-06,2.63135e-05,-2.91211e-05,-4.65639e-06,-2.63135e-05,463,-0.124905,-0.154408,0.00324041,-0.988002,0,0,0,0,0,0,0,0,0,0,1,1,1,463,0.00333963,10_36.0_50,Firesat_Attack_RWA,2025-08-28 20:59:17.074,2025-08-28 20:59:16.944,2071-06-24 12:16:40,-29.5125976609526,61.7453697500683,36.0,50.0,attack_rwa,Firesat_Attack_RWA_10_36.0_50,RWA
464,2025,10,0,12,16,59,1.07863,-0.5158,900143,76.5311,-68.5336,102.0,0.0,0.0,0.0,0.015195,-0.737247,-0.0728283,-0.671515,0.124805,-0.00124064,0.000159721,-0.992181,-3302640.0,902505.0,6422720.0,6590.6,479.421,3322.51,-0.0033095,-0.00117363,-0.0001157,0.000306799,-0.00157497,0.00148611,0.00218705,464,464,464,50.0,-83.3877,-6.4927,0.00253082,0.000638181,-0.000285202,-0.00517644,-0.00218281,-0.000805614,0,0,0,0,0,0,-1.16867,-0.674476,-1.17255,-3302650.0,902507.0,6422720.0,6592.13,478.967,3322.24,-3302640.0,902505.0,6422720.0,6590.6,479.421,3322.51,7272590.0,0.000783023,98.0409,-179.916,-118.821,-178.153,8,1,1443356219,303419,2386,529915,0.81641,0.18359,68.5121,0,0.0,0,0,0,0,0.000306799,-0.00157497,0.00148611,0.00218705,1,0,463.2,0.00287779,0.0542196,0.218753,0.0509419,0.97294,-2.91227e-05,4.70581e-06,2.63194e-05,-2.91227e-05,-4.70581e-06,-2.63194e-05,464,-0.124908,-0.15673,0.00325083,-0.987636,0,0,0,0,0,0,0,0,0,0,1,1,1,464,0.00351144,10_36.0_50,Firesat_Attack_RWA,2025-08-28 20:59:17.074,2025-08-28 20:59:16.944,2071-06-24 12:16:41,-29.553163072847862,61.80094665619598,36.0,50.0,attack_rwa,Firesat_Attack_RWA_10_36.0_50,RWA
465,2025,10,0,12,17,0,1.0796,-0.516511,900144,76.5311,-68.5336,102.0,0.0,0.0,0.0,0.0158515,-0.737926,-0.0724425,-0.670795,0.124841,-0.00124063,0.000159766,-0.992176,-3296050.0,902998.0,6426050.0,6594.15,478.643,3315.86,-0.00301435,-0.00144822,-3.32202e-05,0.000297862,-0.00155997,0.00145133,0.00215141,465,465,465,50.0,-83.496,-6.41798,0.0020854,0.000725386,-0.000676836,-0.00467344,-0.00223318,-0.000412673,0,0,0,0,0,0,-1.16944,-0.673178,-1.17226,-3296050.0,902987.0,6426040.0,6595.55,478.041,3315.61,-3296050.0,902998.0,6426050.0,6594.15,478.643,3315.86,7272620.0,0.000778327,98.041,-179.916,-118.748,-178.168,8,1,1443356220,303420,2386,529921,0.816419,0.183581,69.1975,0,0.0,0,0,0,0,0.000297862,-0.00155997,0.00145133,0.00215141,1,0,464.2,0.0024973,0.0545361,0.219722,0.0502494,0.97274,-2.91248e-05,4.7541e-06,2.63249e-05,-2.91248e-05,-4.7541e-06,-2.63249e-05,465,-0.124908,-0.158568,0.00297131,-0.987344,0,0,0,0,0,0,0,0,0,0,1,1,1,465,0.0033442,10_36.0_50,Firesat_Attack_RWA,2025-08-28 20:59:17.074,2025-08-28 20:59:16.944,2071-06-24 12:16:42,-29.593900372081663,61.85652356232367,36.0,50.0,attack_rwa,Firesat_Attack_RWA_10_36.0_50,RWA
466,2025,10,0,12,17,1,1.08057,-0.517225,900148,76.5311,-68.5336,102.0,0.0,0.0,0.0,0.0163443,-0.738315,-0.0720467,-0.670398,0.124877,-0.00124063,0.000159811,-0.992171,-3289450.0,903458.0,6429370.0,6597.28,477.443,3309.46,-0.00300964,-0.000871832,-0.000183125,0.000290161,-0.00156833,0.00141787,0.00213406,466,466,466,50.0,-83.5521,-6.34824,0.00241637,-0.000339479,0.000760545,-0.00494954,-0.00113304,-0.00187092,0,0,0,0,0,0,-1.17021,-0.671938,-1.17199,-3289450.0,903468.0,6429360.0,6598.97,477.133,3309.01,-3289450.0,903458.0,6429370.0,6597.28,477.443,3309.46,7272680.0,0.00077032,98.041,-179.916,-118.403,-178.454,8,1,1443356221,303421,2386,529927,0.816428,0.183572,69.88,0,0.0,0,0,0,0,0.000290161,-0.00156833,0.00141787,0.00213406,1,0,465.2,0.00168232,0.0547128,0.220267,0.0496425,0.972638,-2.91271e-05,4.80119e-06,2.63303e-05,-2.91271e-05,-4.80119e-06,-2.63303e-05,466,-0.124906,-0.159573,0.00294214,-0.987182,0,0,0,0,0,0,0,0,0,0,1,1,1,466,0.00313337,10_36.0_50,Firesat_Attack_RWA,2025-08-28 20:59:17.074,2025-08-28 20:59:16.944,2071-06-24 12:16:43,-29.634809558654005,61.91210046845137,36.0,50.0,attack_rwa,Firesat_Attack_RWA_10_36.0_50,RWA
467,2025,10,0,12,17,2,1.08154,-0.51794,900149,76.5311,-68.5336,102.0,0.0,0.0,0.0,0.0168009,-0.738936,-0.0715539,-0.669755,0.124913,-0.00124062,0.000159857,-0.992167,-3282860.0,903934.0,6432650.0,6600.55,476.511,3302.86,-0.0031629,-0.000970308,-0.000196813,0.000289441,-0.00157541,0.00139633,0.00212496,467,467,467,50.0,-83.6079,-6.3231,0.00270458,0.000102651,0.00049994,-0.00520372,-0.00155313,-0.0016184,0,0,0,0,0,0,-1.17094,-0.671049,-1.17162,-3282850.0,903940.0,6432670.0,6602.37,476.165,3302.37,-3282860.0,903934.0,6432650.0,6600.55,476.511,3302.86,7272700.0,0.000768217,98.0409,-179.916,-118.382,-178.418,8,1,1443356222,303422,2386,529933,0.816437,0.183563,70.5669,0,0.0,0,0,0,0,0.000289441,-0.00157541,0.00139633,0.00212496,1,0,466.2,0.00223737,0.0548042,0.221145,0.0489769,0.972467,-2.91292e-05,4.84743e-06,2.63359e-05,-2.91292e-05,-4.84743e-06,-2.63359e-05,467,-0.12491,-0.161248,0.00309012,-0.986909,0,0,0,0,0,0,0,0,0,0,1,1,1,467,0.00330839,10_36.0_50,Firesat_Attack_RWA,2025-08-28 20:59:17.074,2025-08-28 20:59:16.944,2071-06-24 12:16:44,-29.675776041005857,61.967677374579054,36.0,50.0,attack_rwa,Firesat_Attack_RWA_10_36.0_50,RWA
468,2025,10,0,12,17,3,1.08251,-0.518657,900141,76.5311,-68.5336,102.0,0.0,0.0,0.0,0.0171358,-0.739607,-0.0712585,-0.669037,0.12495,-0.00124061,0.000159902,-0.992162,-3276240.0,904427.0,6435950.0,6604.0,475.777,3295.79,-0.00322012,-0.00126779,-0.000621669,0.000290835,-0.00156875,0.00138119,0.00211027,468,468,468,50.0,-83.6929,-6.32155,0.0027019,0.000320492,0.000694328,-0.00517789,-0.00175581,-0.00180319,0,0,0,0,0,0,-1.17165,-0.670267,-1.17123,-3276250.0,904415.0,6435960.0,6605.74,475.227,3295.65,-3276240.0,904427.0,6435950.0,6604.0,475.777,3295.79,7272600.0,0.000781395,98.0409,-179.916,-118.901,-177.84,8,1,1443356223,303423,2386,529939,0.816446,0.183554,71.2538,0,0.0,0,0,0,0,0.000290835,-0.00156875,0.00138119,0.00211027,1,0,467.2,0.00215827,0.0549091,0.222107,0.0485429,0.972264,-2.91313e-05,4.89318e-06,2.63415e-05,-2.91313e-05,-4.89318e-06,-2.63415e-05,468,-0.124909,-0.163121,0.0030763,-0.986601,0,0,0,0,0,0,0,0,0,0,1,1,1,468,0.0034607,10_36.0_50,Firesat_Attack_RWA,2025-08-28 20:59:17.074,2025-08-28 20:59:16.944,2071-06-24 12:16:45,-29.716857114916746,62.02325428070675,36.0,50.0,attack_rwa,Firesat_Attack_RWA_10_36.0_50,RWA
469,2025,10,0,12,17,4,1.08348,-0.519379,900140,76.5311,-68.5336,102.0,0.0,0.0,0.0,0.0176307,-0.740102,-0.0708829,-0.668516,0.124986,-0.00124061,0.000159947,-0.992158,-3269650.0,904896.0,6439250.0,6607.52,474.713,3289.57,-0.00316771,-0.00100413,-0.000715272,0.000290656,-0.00157417,0.00136388,0.00210301,469,469,469,50.0,-83.7518,-6.31279,0.00267543,-0.000197418,0.00123392,-0.00512471,-0.00122031,-0.00234826,0,0,0,0,0,0,-1.17236,-0.669392,-1.17087,-3269640.0,904895.0,6439250.0,6609.13,474.33,3288.99,-3269650.0,904896.0,6439250.0,6607.52,474.713,3289.57,7272600.0,0.000781328,98.0411,-179.916,-118.971,-177.712,8,1,1443356224,303424,2386,529945,0.816455,0.183545,71.9395,0,0.0,0,0,0,0,0.000290656,-0.00157417,0.00136388,0.00210301,1,0,468.2,0.0019003,0.055099,0.222811,0.0479513,0.972121,-2.91334e-05,4.93852e-06,2.63471e-05,-2.91334e-05,-4.93852e-06,-2.63471e-05,469,-0.124905,-0.164449,0.00300757,-0.986381,0,0,0,0,0,0,0,0,0,0,1,1,1,469,0.00332305,10_36.0_50,Firesat_Attack_RWA,2025-08-28 20:59:17.074,2025-08-28 20:59:16.944,2071-06-24 12:16:46,-29.758224667725187,62.07883118683444,36.0,50.0,attack_rwa,Firesat_Attack_RWA_10_36.0_50,RWA
470,2025,10,0,12,17,5,1.08445,-0.520101,900144,76.5311,-68.5336,102.0,0.0,0.0,0.0,0.0184993,-0.740559,-0.070519,-0.668025,0.125022,-0.0012406,0.000159992,-0.992153,-3263060.0,905378.0,6442540.0,6610.87,473.61,3282.92,-0.00254951,-0.000586763,-0.000323088,0.000279375,-0.00159348,0.00134226,0.00210212,470,470,470,50.0,-83.7787,-6.28949,0.00164911,-0.000780617,0.000205242,-0.00406444,-0.000613652,-0.00135774,0,0,0,0,0,0,-1.17307,-0.667952,-1.17061,-3263040.0,905370.0,6442530.0,6612.45,473.404,3282.33,-3263060.0,905378.0,6442540.0,6610.87,473.61,3282.92,7272510.0,0.000793975,98.0411,-179.916,-118.713,-177.911,8,1,1443356225,303425,2386,529951,0.816464,0.183536,72.6303,0,0.0,0,0,0,0,0.000279375,-0.00159348,0.00134226,0.00210212,1,0,469.2,0.00231292,0.0556017,0.223468,0.047155,0.971981,-2.91352e-05,4.98326e-06,2.63529e-05,-2.91352e-05,-4.98326e-06,-2.63529e-05,470,-0.124904,-0.165631,0.002461,-0.986185,0,0,0,0,0,0,0,0,0,0,1,1,1,470,0.00261616,10_36.0_50,Firesat_Attack_RWA,2025-08-28 20:59:17.074,2025-08-28 20:59:16.944,2071-06-24 12:16:47,-29.799592220533636,62.13440809296212,36.0,50.0,attack_rwa,Firesat_Attack_RWA_10_36.0_50,RWA
471,2025,10,0,12,17,6,1.08542,-0.520827,900150,76.5311,-68.5336,102.0,0.0,0.0,0.0,0.018426,-0.741129,-0.070185,-0.66743,0.125058,-0.0012406,0.000160038,-0.992149,-3256420.0,905855.0,6445820.0,6614.24,472.871,3275.97,-0.00327402,-0.000600089,-0.00119011,0.000282254,-0.00160982,0.00133357,0.00210941,471,471,471,50.0,-83.8103,-6.31313,0.00306301,-0.000510314,0.00190837,-0.00546707,-0.00087566,-0.00307262,0,0,0,0,0,0,-1.17378,-0.667249,-1.17018,-3256430.0,905848.0,6445820.0,6615.77,472.497,3275.69,-3256420.0,905855.0,6445820.0,6614.24,472.871,3275.97,7272460.0,0.000800964,98.0412,-179.916,-118.331,-178.235,8,1,1443356226,303426,2386,529957,0.816474,0.183526,73.3294,0,0.0,0,0,0,0,0.000282254,-0.00160982,0.00133357,0.00210941,1,0,470.2,0.00178291,0.0553501,0.224275,0.0469234,0.971821,-2.91365e-05,5.02733e-06,2.63594e-05,-2.91365e-05,-5.02733e-06,-2.63594e-05,471,-0.124901,-0.167246,0.00302938,-0.985911,0,0,0,0,0,0,0,0,0,0,1,1,1,471,0.00332856,10_36.0_50,Firesat_Attack_RWA,2025-08-28 20:59:17.074,2025-08-28 20:59:16.944,2071-06-24 12:16:48,-29.84118895646013,62.189984999089816,36.0,50.0,attack_rwa,Firesat_Attack_RWA_10_36.0_50,RWA
472,2025,10,0,12,17,7,1.08639,-0.521556,900147,76.5311,-68.5336,102.0,0.0,0.0,0.0,0.0190977,-0.741856,-0.0696526,-0.666659,0.125094,-0.00124059,0.000160083,-0.992144,-3249810.0,906327.0,6449090.0,6617.81,472.042,3269.34,-0.0031413,-0.000966772,-0.000726048,0.000285484,-0.0016102,0.0013192,0.00210108,472,472,472,50.0,-83.8764,-6.31871,0.00274245,0.000129372,0.000953717,-0.00512479,-0.00150124,-0.00211265,0,0,0,0,0,0,-1.17447,-0.666526,-1.16973,-3249810.0,906323.0,6449090.0,6619.18,471.586,3269.02,-3249810.0,906327.0,6449090.0,6617.81,472.042,3269.34,7272540.0,0.00079036,98.0414,-179.916,-118.461,-178.047,8,1,1443356227,303427,2386,529963,0.816483,0.183517,74.0324,0,0.0,0,0,0,0,0.000285484,-0.0016102,0.0013192,0.00210108,1,0,471.2,0.00272646,0.055595,0.225313,0.0461021,0.971606,-2.91375e-05,5.07133e-06,2.6366e-05,-2.91375e-05,-5.07133e-06,-2.6366e-05,472,-0.124898,-0.169212,0.00297374,-0.985575,0,0,0,0,0,0,0,0,0,0,1,1,1,472,0.0032867,10_36.0_50,Firesat_Attack_RWA,2025-08-28 20:59:17.074,2025-08-28 20:59:16.944,2071-06-24 12:16:49,-29.882957579725165,62.2455619052175,36.0,50.0,attack_rwa,Firesat_Attack_RWA_10_36.0_50,RWA
473,2025,10,0,12,17,8,1.08736,-0.522286,900150,76.5311,-68.5336,102.0,0.0,0.0,0.0,0.0197669,-0.742438,-0.0696768,-0.665988,0.12513,-0.00124059,0.000160128,-0.99214,-3243200.0,906791.0,6452360.0,6621.01,471.066,3262.8,-0.00227848,-0.00100744,-0.00110229,0.000270957,-0.00160842,0.00130959,0.00209176,473,473,473,50.0,-83.9476,-6.34024,0.00136921,1.62708e-05,0.00180147,-0.00373813,-0.00137667,-0.00298217,0,0,0,0,0,0,-1.17517,-0.664941,-1.16947,-3243190.0,906796.0,6452350.0,6622.51,470.656,3262.36,-3243210.0,906791.0,6452360.0,6621.01,471.066,3262.8,7272510.0,0.000794787,98.0414,-179.916,-118.296,-178.154,8,1,1443356228,303428,2386,529969,0.816493,0.183507,74.7343,0,0.0,0,0,0,0,0.000270957,-0.00160842,0.00130959,0.00209176,1,0,472.2,0.00222377,0.0561571,0.226174,0.0457381,0.971391,-2.91386e-05,5.11484e-06,2.63726e-05,-2.91386e-05,-5.11484e-06,-2.63726e-05,473,-0.124898,-0.170864,0.00205738,-0.985293,0,0,0,0,0,0,0,0,0,0,1,1,1,473,0.00249127,10_36.0_50,Firesat_Attack_RWA,2025-08-28 20:59:17.074,2025-08-28 20:59:16.944,2071-06-24 12:16:50,-29.92478349876972,62.3011388113452,36.0,50.0,attack_rwa,Firesat_Attack_RWA_10_36.0_50,RWA
474,2025,10,0,12,17,9,1.08833,-0.523016,900154,76.5311,-68.5336,102.0,0.0,0.0,0.0,0.0203945,-0.742764,-0.0687769,-0.6657,0.125167,-0.00124058,0.000160173,-0.992135,-3236570.0,907240.0,6455620.0,6624.36,469.732,3256.17,-0.00275228,-0.000101027,-0.00021185,0.000266107,-0.00163706,0.00128433,0.00209769,474,474,474,50.0,-83.952,-6.30808,0.00256385,-0.00124665,0.00084259,-0.00489269,-8.73961e-05,-0.00206049,0,0,0,0,0,0,-1.17589,-0.663785,-1.16913,-3236570.0,907261.0,6455620.0,6625.82,469.685,3255.71,-3236570.0,907240.0,6455620.0,6624.36,469.732,3256.17,7272460.0,0.000801893,98.0412,-179.916,-118.004,-178.387,8,1,1443356229,303429,2386,529975,0.816502,0.183498,75.4406,0,0.0,0,0,0,0,0.000266107,-0.00163706,0.00128433,0.00209769,1,0,473.2,0.00236073,0.056155,0.226607,0.0446409,0.971341,-2.91394e-05,5.15764e-06,2.63796e-05,-2.91394e-05,-5.15764e-06,-2.63796e-05,474,-0.124902,-0.171587,0.00267514,-0.985165,0,0,0,0,0,0,0,0,0,0,1,1,1,474,0.00275413,10_36.0_50,Firesat_Attack_RWA,2025-08-28 20:59:17.074,2025-08-28 20:59:16.944,2071-06-24 12:16:51,-29.966609417814265,62.35671571747289,36.0,50.0,attack_rwa,Firesat_Attack_RWA_10_36.0_50,RWA
475,2025,10,0,12,17,10,1.0893,-0.52375,900154,76.5311,-68.5336,102.0,0.0,0.0,0.0,0.0207001,-0.743499,-0.0686961,-0.664877,0.125203,-0.00124057,0.000160219,-0.99213,-3229940.0,907754.0,6458880.0,6627.39,469.283,3249.6,-0.00255631,-0.000606504,-0.000871989,0.000262539,-0.00164579,0.0012759,0.00209892,475,475,475,50.0,-83.9964,-6.3356,0.00193501,-0.000274447,0.000208877,-0.00425276,-0.00105074,-0.00144133,0,0,0,0,0,0,-1.17658,-0.662751,-1.16871,-3229940.0,907726.0,6458870.0,6629.18,468.716,3249.04,-3229940.0,907754.0,6458880.0,6627.39,469.283,3249.6,7272480.0,0.000798717,98.0411,-179.916,-118.021,-178.313,8,1,1443356230,303430,2386,529982,0.816512,0.183488,76.157,0,0.0,0,0,0,0,0.000262539,-0.00164579,0.0012759,0.00209892,1,0,474.2,0.0022952,0.056359,0.227681,0.0443995,0.971089,-2.91395e-05,5.19983e-06,2.63872e-05,-2.91395e-05,-5.19983e-06,-2.63872e-05,475,-0.124906,-0.173709,0.00236637,-0.984794,0,0,0,0,0,0,0,0,0,0,1,1,1,475,0.00262727,10_36.0_50,Firesat_Attack_RWA,2025-08-28 20:59:17.074,2025-08-28 20:59:16.944,2071-06-24 12:16:52,-30.00866451997687,62.41229262360057,36.0,50.0,attack_rwa,Firesat_Attack_RWA_10_36.0_50,RWA
476,2025,10,0,12,17,11,1.09027,-0.52449,900157,76.5311,-68.5336,102.0,0.0,0.0,0.0,0.021368,-0.744071,-0.0682944,-0.664257,0.125239,-0.00124057,0.000160264,-0.992126,-3223310.0,908210.0,6462110.0,6630.86,468.193,3242.61,-0.00226229,-0.000523982,-0.000549026,0.000251022,-0.00165341,0.00124617,0.0020856,476,476,476,50.0,-84.044,-6.28908,0.0017794,-0.000234039,0.000703182,-0.0040484,-0.00105935,-0.00196218,0,0,0,0,0,0,-1.17728,-0.661255,-1.16839,-3223310.0,908207.0,6462120.0,6632.52,467.865,3242.38,-3223310.0,908210.0,6462110.0,6630.86,468.193,3242.61,7272540.0,0.000792033,98.0415,-179.915,-117.758,-178.517,8,1,1443356231,303431,2386,529988,0.816522,0.183478,76.8757,0,0.0,0,0,0,0,0.000251022,-0.00165341,0.00124617,0.0020856,1,0,475.2,0.00229812,0.0566757,0.228506,0.0436874,0.970909,-2.91396e-05,5.24133e-06,2.6395e-05,-2.91396e-05,-5.24133e-06,-2.6395e-05,476,-0.124896,-0.175257,0.0021313,-0.98452,0,0,0,0,0,0,0,0,0,0,1,1,1,476,0.00232218,10_36.0_50,Firesat_Attack_RWA,2025-08-28 20:59:17.074,2025-08-28 20:59:16.944,2071-06-24 12:16:53,-30.05106339681655,62.46786952972827,36.0,50.0,attack_rwa,Firesat_Attack_RWA_10_36.0_50,RWA
477,2025,10,0,12,17,12,1.09124,-0.52523,900156,76.5311,-68.5336,102.0,0.0,0.0,0.0,0.0217364,-0.7449,-0.0676635,-0.66338,0.125275,-0.00124056,0.000160309,-0.992121,-3216700.0,908656.0,6465370.0,6634.38,467.119,3235.85,-0.00269946,-0.00119071,-0.00025073,0.000251813,-0.00163746,0.00122014,0.00205753,477,477,477,50.0,-84.141,-6.25464,0.00279267,0.000495046,0.00104152,-0.0050185,-0.00176201,-0.00228245,0,0,0,0,0,0,-1.17794,-0.660396,-1.16794,-3216680.0,908673.0,6465360.0,6635.84,466.919,3235.69,-3216700.0,908656.0,6465370.0,6634.38,467.119,3235.85,7272510.0,0.000796054,98.0414,-179.916,-117.848,-178.369,8,1,1443356232,303432,2386,529994,0.816532,0.183468,77.5935,0,0.0,0,0,0,0,0.000251813,-0.00163746,0.00122014,0.00205753,1,0,476.2,0.00282142,0.0566156,0.229688,0.0429592,0.970666,-2.91397e-05,5.28187e-06,2.64027e-05,-2.91397e-05,-5.28187e-06,-2.64027e-05,477,-0.124897,-0.177546,0.00261249,-0.984109,0,0,0,0,0,0,0,0,0,0,1,1,1,477,0.0029504,10_36.0_50,Firesat_Attack_RWA,2025-08-28 20:59:17.074,2025-08-28 20:59:16.944,2071-06-24 12:16:54,-30.093462273656225,62.52344643585595,36.0,50.0,attack_rwa,Firesat_Attack_RWA_10_36.0_50,RWA
478,2025,10,0,12,17,13,1.0922,-0.525969,900166,76.5311,-68.5336,102.0,0.0,0.0,0.0,0.0221877,-0.745448,-0.0671914,-0.662797,0.125311,-0.00124056,0.000160354,-0.992117,-3210060.0,909137.0,6468600.0,6637.67,466.477,3229.58,-0.00283138,-0.00103035,-0.000127281,0.000258864,-0.00163206,0.00120009,0.00204227,478,478,478,50.0,-84.2156,-6.241,0.00280023,4.51974e-05,0.000197005,-0.00499375,-0.00129268,-0.00142038,0,0,0,0,0,0,-1.17859,-0.659859,-1.16747,-3210050.0,909133.0,6468600.0,6639.1,465.933,3229.05,-3210060.0,909137.0,6468600.0,6637.67,466.477,3229.57,7272450.0,0.000805188,98.0412,-179.916,-117.196,-178.963,8,1,1443356233,303433,2386,530001,0.816542,0.183458,78.3052,0,0.0,0,0,0,0,0.000258864,-0.00163206,0.00120009,0.00204227,1,0,477.2,0.00206411,0.0567145,0.23047,0.0423137,0.970503,-2.91403e-05,5.32192e-06,2.641e-05,-2.91403e-05,-5.32192e-06,-2.641e-05,478,-0.124903,-0.17903,0.00276317,-0.98384,0,0,0,0,0,0,0,0,0,0,1,1,1,478,0.00301303,10_36.0_50,Firesat_Attack_RWA,2025-08-28 20:59:17.074,2025-08-28 20:59:16.944,2071-06-24 12:16:55,-30.1358038547164,62.578450384188514,36.0,50.0,attack_rwa,Firesat_Attack_RWA_10_36.0_50,RWA
479,2025,10,0,12,17,14,1.09317,-0.526714,900167,76.5311,-68.5336,102.0,0.0,0.0,0.0,0.0226112,-0.745877,-0.0672059,-0.662299,0.125347,-0.00124055,0.0001604,-0.992112,-3203430.0,909601.0,6471810.0,6640.95,465.353,3222.64,-0.00236129,-0.000611783,-0.000752083,0.000255069,-0.00164306,0.00118675,0.00204281,479,479,479,50.0,-84.253,-6.25149,0.00195928,-0.000620387,0.00145724,-0.00413295,-0.000613171,-0.00269791,0,0,0,0,0,0,-1.17924,-0.658793,-1.16711,-3203410.0,909600.0,6471820.0,6642.38,465.006,3222.36,-3203430.0,909601.0,6471810.0,6640.95,465.353,3222.64,7272390.0,0.000813701,98.0413,-179.916,-117.159,-178.942,8,1,1443356234,303434,2386,530007,0.816552,0.183448,79.0175,0,0.0,0,0,0,0,0.000255069,-0.00164306,0.00118675,0.00204281,1,0,478.2,0.00156478,0.0570697,0.231108,0.0420826,0.970341,-2.91408e-05,5.36153e-06,2.64173e-05,-2.91408e-05,-5.36153e-06,-2.64173e-05,479,-0.124902,-0.180264,0.00218739,-0.983616,0,0,0,0,0,0,0,0,0,0,1,1,1,479,0.00243926,10_36.0_50,Firesat_Attack_RWA,2025-08-28 20:59:17.074,2025-08-28 20:59:16.944,2071-06-24 12:16:56,-30.178489210453645,62.634027290316205,36.0,50.0,attack_rwa,Firesat_Attack_RWA_10_36.0_50,RWA
480,2025,10,0,12,17,15,1.09414,-0.52746,900166,76.5311,-68.5336,102.0,0.0,0.0,0.0,0.0228338,-0.746519,-0.0668562,-0.661602,0.125384,-0.00124054,0.000160445,-0.992108,-3196780.0,910054.0,6475030.0,6644.19,464.093,3216.26,-0.00265801,-0.000776954,-0.00105311,0.000256061,-0.00164865,0.00118195,0.00204466,480,480,480,50.0,-84.3005,-6.29484,0.00260515,-0.000323543,0.00228198,-0.00477396,-0.000905506,-0.00352647,0,0,0,0,0,0,-1.17987,-0.657956,-1.16667,-3196780.0,910064.0,6475040.0,6645.64,464.057,3215.63,-3196780.0,910054.0,6475030.0,6644.19,464.093,3216.26,7272270.0,0.000829498,98.0413,-179.916,-117.289,-178.754,8,1,1443356235,303435,2386,530014,0.816562,0.183438,79.7341,0,0.0,0,0,0,0,0.000256061,-0.00164865,0.00118195,0.00204466,1,0,479.2,0.00206891,0.0570514,0.232033,0.0416685,0.970139,-2.9141e-05,5.40085e-06,2.64249e-05,-2.9141e-05,-5.40085e-06,-2.64249e-05,480,-0.124902,-0.182076,0.00242242,-0.983282,0,0,0,0,0,0,0,0,0,0,1,1,1,480,0.00276924,10_36.0_50,Firesat_Attack_RWA,2025-08-28 20:59:17.074,2025-08-28 20:59:16.944,2071-06-24 12:16:57,-30.22123186197041,62.68960419644389,36.0,50.0,attack_rwa,Firesat_Attack_RWA_10_36.0_50,RWA
481,2025,10,0,12,17,16,1.09511,-0.528209,900163,76.5311,-68.5336,102.0,0.0,0.0,0.0,0.0233748,-0.746892,-0.0663748,-0.661212,0.12542,-0.00124054,0.00016049,-0.992103,-3190130.0,910536.0,6478240.0,6647.01,463.51,3209.37,-0.00268197,-7.04615e-05,-0.000778199,0.000259332,-0.00167516,0.0011747,0.00206236,481,481,481,50.0,-84.3032,-6.33068,0.00245617,-0.0013456,0.000883563,-0.00461669,0.00012329,-0.00214966,0,0,0,0,0,0,-1.18053,-0.657221,-1.16621,-3190130.0,910525.0,6478240.0,6648.94,463.1,3208.92,-3190130.0,910536.0,6478240.0,6647.01,463.51,3209.37,7272250.0,0.000832493,98.0412,-179.916,-117.5,-178.484,8,1,1443356236,303436,2386,530021,0.816572,0.183428,80.4561,0,0.0,0,0,0,0,0.000259332,-0.00167516,0.0011747,0.00206236,1,0,480.2,0.0018061,0.0572185,0.232562,0.0409638,0.970032,-2.91408e-05,5.44014e-06,2.64329e-05,-2.91408e-05,-5.44014e-06,-2.64329e-05,481,-0.124904,-0.183037,0.00249427,-0.983103,0,0,0,0,0,0,0,0,0,0,1,1,1,481,0.0026829,10_36.0_50,Firesat_Attack_RWA,2025-08-28 20:59:17.074,2025-08-28 20:59:16.944,2071-06-24 12:16:58,-30.2641464008257,62.74518110257159,36.0,50.0,attack_rwa,Firesat_Attack_RWA_10_36.0_50,RWA
482,2025,10,0,12,17,17,1.09607,-0.528963,900164,76.5311,-68.5336,102.0,0.0,0.0,0.0,0.0240241,-0.747533,-0.0659036,-0.660511,0.125456,-0.00124053,0.000160535,-0.992098,-3183460.0,911008.0,6481470.0,6650.68,462.802,3202.32,-0.00249734,-0.000160399,-0.000291551,0.000257663,-0.00169543,0.00114858,0.002064,482,482,482,50.0,-84.3169,-6.29879,0.00215181,-0.00102191,0.000134459,-0.00427019,-0.000173595,-0.00142392,0,0,0,0,0,0,-1.18118,-0.656227,-1.16574,-3183480.0,910994.0,6481450.0,6652.26,462.206,3202.23,-3183460.0,911008.0,6481470.0,6650.68,462.802,3202.32,7272310.0,0.000823963,98.0414,-179.916,-117.403,-178.523,8,1,1443356237,303437,2386,530027,0.816583,0.183417,81.1894,0,0.0,0,0,0,0,0.000257663,-0.00169543,0.00114858,0.002064,1,0,481.2,0.00248696,0.0574802,0.23349,0.0402054,0.969826,-2.914e-05,5.479e-06,2.64415e-05,-2.914e-05,-5.479e-06,-2.64415e-05,482,-0.124899,-0.184789,0.00240052,-0.982775,0,0,0,0,0,0,0,0,0,0,1,1,1,482,0.00250249,10_36.0_50,Firesat_Attack_RWA,2025-08-28 20:59:17.074,2025-08-28 20:59:16.944,2071-06-24 12:16:59,-30.30734741857856,62.80018505090415,36.0,50.0,attack_rwa,Firesat_Attack_RWA_10_36.0_50,RWA
483,2025,10,0,12,17,18,1.09704,-0.52972,900167,76.5311,-68.5336,102.0,0.0,0.0,0.0,0.0243451,-0.748126,-0.0656985,-0.659848,0.125492,-0.00124053,0.00016058,-0.992094,-3176830.0,911453.0,6484640.0,6653.76,461.703,3196.36,-0.00245525,-0.00017804,-0.000636571,0.000255544,-0.00171063,0.00112941,0.0020657,483,483,483,50.0,-84.3411,-6.29116,0.00224403,-0.000486702,0.00151334,-0.00433239,-0.000689087,-0.00282169,0,0,0,0,0,0,-1.18184,-0.655247,-1.16527,-3176820.0,911461.0,6484660.0,6655.58,461.299,3195.57,-3176830.0,911453.0,6484640.0,6653.76,461.703,3196.36,7272420.0,0.000809678,98.0415,-179.915,-117.094,-178.773,8,1,1443356238,303438,2386,530034,0.816593,0.183407,81.9301,0,0.0,0,0,0,0,0.000255544,-0.00171063,0.00112941,0.0020657,1,0,482.2,0.00193475,0.0576254,0.234355,0.0398533,0.969623,-2.91387e-05,5.51712e-06,2.64507e-05,-2.91387e-05,-5.51712e-06,-2.64507e-05,483,-0.124896,-0.186479,0.00229357,-0.982456,0,0,0,0,0,0,0,0,0,0,1,1,1,483,0.0024617,10_36.0_50,Firesat_Attack_RWA,2025-08-28 20:59:17.074,2025-08-28 20:59:16.944,2071-06-24 12:17:00,-30.350720323669965,62.85576195703183,36.0,50.0,attack_rwa,Firesat_Attack_RWA_10_36.0_50,RWA
484,2025,10,0,12,17,19,1.09801,-0.530476,900160,76.5311,-68.5336,102.0,0.0,0.0,0.0,0.0247459,-0.74882,-0.0652633,-0.659088,0.125528,-0.00124052,0.000160626,-0.992089,-3170150.0,911917.0,6487840.0,6657.14,460.783,3189.06,-0.00259255,-0.000451713,-0.000515139,0.000257868,-0.00170927,0.00111612,0.00205762,484,484,484,50.0,-84.4007,-6.30647,0.00246333,-0.000219957,0.00118326,-0.00453141,-0.000942746,-0.00248606,0,0,0,0,0,0,-1.18249,-0.654477,-1.16474,-3170160.0,911918.0,6487840.0,6658.84,460.331,3188.8,-3170150.0,911917.0,6487840.0,6657.14,460.783,3189.06,7272310.0,0.000823433,98.0414,-179.915,-117.597,-178.213,8,1,1443356239,303439,2386,530041,0.816604,0.183396,82.6736,0,0.0,0,0,0,0,0.000257868,-0.00170927,0.00111612,0.00205762,1,0,483.2,0.00237368,0.0577042,0.23536,0.0392669,0.969399,-2.91373e-05,5.55482e-06,2.64601e-05,-2.91373e-05,-5.55482e-06,-2.64601e-05,484,-0.124898,-0.18842,0.00244927,-0.982086,0,0,0,0,0,0,0,0,0,0,1,1,1,484,0.00263161,10_36.0_50,Firesat_Attack_RWA,2025-08-28 20:59:17.074,2025-08-28 20:59:16.944,2071-06-24 12:17:01,-30.39403593298185,62.91133886315952,36.0,50.0,attack_rwa,Firesat_Attack_RWA_10_36.0_50,RWA
485,2025,10,0,12,17,20,1.09898,-0.531236,900159,76.5311,-68.5336,102.0,0.0,0.0,0.0,0.0254162,-0.749411,-0.0650601,-0.658411,0.125564,-0.00124052,0.000160671,-0.992085,-3163480.0,912370.0,6491050.0,6660.21,460.117,3182.53,-0.00202541,-0.000432163,-0.000390898,0.000249543,-0.00171081,0.00109917,0.00204873,485,485,485,50.0,-84.4543,-6.30882,0.00156778,-0.000513422,0.00123766,-0.00360919,-0.000631076,-0.00255556,0,0,0,0,0,0,-1.18314,-0.653167,-1.16434,-3163500.0,912376.0,6491030.0,6662.15,459.377,3182.1,-3163480.0,912370.0,6491050.0,6660.21,460.117,3182.53,7272380.0,0.000813126,98.0414,-179.916,-117.648,-178.104,8,1,1443356240,303440,2386,530048,0.816614,0.183386,83.4166,0,0.0,0,0,0,0,0.000249543,-0.00171081,0.00109917,0.00204873,1,0,484.2,0.00227933,0.0581367,0.236232,0.038716,0.969183,-2.91359e-05,5.59207e-06,2.64694e-05,-2.91359e-05,-5.59207e-06,-2.64694e-05,485,-0.124899,-0.190083,0.00191434,-0.981766,0,0,0,0,0,0,0,0,0,0,1,1,1,485,0.002071,10_36.0_50,Firesat_Attack_RWA,2025-08-28 20:59:17.074,2025-08-28 20:59:16.944,2071-06-24 12:17:02,-30.4375807254118,62.96691576928721,36.0,50.0,attack_rwa,Firesat_Attack_RWA_10_36.0_50,RWA
486,2025,10,0,12,17,21,1.09994,-0.531998,900168,76.5311,-68.5336,102.0,0.0,0.0,0.0,0.0257174,-0.749943,-0.0647231,-0.657826,0.125601,-0.00124051,0.000160716,-0.99208,-3156850.0,912842.0,6494240.0,6663.61,458.676,3176.05,-0.0021962,-0.000227752,-0.000552156,0.000244909,-0.00172233,0.00108763,0.00205166,486,486,486,50.0,-84.485,-6.33129,0.00188675,-0.000776572,0.000853034,-0.00391157,-0.000355763,-0.00219021,0,0,0,0,0,0,-1.18379,-0.652047,-1.1639,-3156830.0,912834.0,6494220.0,6665.44,458.423,3175.47,-3156850.0,912842.0,6494240.0,6663.61,458.676,3176.05,7272500.0,0.00079883,98.0413,-179.916,-116.989,-178.704,8,1,1443356241,303441,2386,530055,0.816625,0.183375,84.162,0,0.0,0,0,0,0,0.000244909,-0.00172233,0.00108763,0.00205166,1,0,485.2,0.00182237,0.0581901,0.237004,0.0382672,0.969009,-2.91343e-05,5.6287e-06,2.64789e-05,-2.91343e-05,-5.6287e-06,-2.64789e-05,486,-0.124902,-0.191575,0.00204985,-0.981476,0,0,0,0,0,0,0,0,0,0,1,1,1,486,0.00220797,10_36.0_50,Firesat_Attack_RWA,2025-08-28 20:59:17.074,2025-08-28 20:59:16.944,2071-06-24 12:17:03,-30.48124010940077,63.02191971761977,36.0,50.0,attack_rwa,Firesat_Attack_RWA_10_36.0_50,RWA
487,2025,10,0,12,17,22,1.10091,-0.532763,900178,76.5311,-68.5336,102.0,0.0,0.0,0.0,0.0254889,-0.75037,-0.0644541,-0.657374,0.125637,-0.0012405,0.000160761,-0.992076,-3150170.0,913285.0,6497390.0,6667.0,457.837,3168.87,-0.00308161,0.000248633,-0.00150859,0.000258346,-0.00174717,0.00108903,0.00207493,487,487,487,50.0,-84.4861,-6.40125,0.00349099,-0.00117364,0.00314251,-0.00552302,3.77902e-05,-0.00448273,0,0,0,0,0,0,-1.18447,-0.651849,-1.16325,-3150170.0,913294.0,6497400.0,6668.64,457.493,3168.8,-3150170.0,913285.0,6497390.0,6667.0,457.837,3168.87,7272450.0,0.000806737,98.0413,-179.916,-116.365,-179.27,8,1,1443356242,303442,2386,530062,0.816636,0.183364,84.9146,0,0.0,0,0,0,0,0.000258346,-0.00174717,0.00108903,0.00207493,1,0,486.2,0.00142859,0.0578487,0.237613,0.0381779,0.968884,-2.91323e-05,5.66524e-06,2.64889e-05,-2.91323e-05,-5.66524e-06,-2.64889e-05,487,-0.124901,-0.192805,0.00273267,-0.981233,0,0,0,0,0,0,0,0,0,0,1,1,1,487,0.00309162,10_36.0_50,Firesat_Attack_RWA,2025-08-28 20:59:17.074,2025-08-28 20:59:16.944,2071-06-24 12:17:04,-30.52507138072828,63.07749662374746,36.0,50.0,attack_rwa,Firesat_Attack_RWA_10_36.0_50,RWA
488,2025,10,0,12,17,23,1.10188,-0.533529,900171,76.5311,-68.5336,102.0,0.0,0.0,0.0,0.0261736,-0.751113,-0.0643707,-0.656506,0.125673,-0.0012405,0.000160807,-0.992071,-3143530.0,913743.0,6500540.0,6670.0,456.978,3162.49,-0.00231903,-0.000207149,-0.00148237,0.000258318,-0.00175194,0.00109685,0.00208305,488,488,488,50.0,-84.5303,-6.49673,0.00187455,-0.000234645,0.00232641,-0.00392437,-0.000909609,-0.00367131,0,0,0,0,0,0,-1.18513,-0.650966,-1.16269,-3143500.0,913746.0,6500550.0,6671.87,456.518,3162.03,-3143530.0,913743.0,6500540.0,6670.0,456.978,3162.49,7272360.0,0.000817516,98.0412,-179.916,-116.817,-178.76,8,1,1443356243,303443,2386,530069,0.816647,0.183353,85.6747,0,0.0,0,0,0,0,0.000258318,-0.00175194,0.00109685,0.00208305,1,0,487.2,0.00266961,0.0583617,0.238719,0.0377168,0.968599,-2.91297e-05,5.70229e-06,2.64993e-05,-2.91297e-05,-5.70229e-06,-2.64993e-05,488,-0.124904,-0.194948,0.00198575,-0.980812,0,0,0,0,0,0,0,0,0,0,1,1,1,488,0.00232826,10_36.0_50,Firesat_Attack_RWA,2025-08-28 20:59:17.074,2025-08-28 20:59:16.944,2071-06-24 12:17:05,-30.5689599478353,63.13307352987515,36.0,50.0,attack_rwa,Firesat_Attack_RWA_10_36.0_50,RWA
489,2025,10,0,12,17,24,1.10284,-0.534299,900170,76.5311,-68.5336,102.0,0.0,0.0,0.0,0.0264786,-0.751754,-0.0637687,-0.655819,0.125709,-0.00124049,0.000160852,-0.992066,-3136840.0,914202.0,6503710.0,6673.71,456.04,3155.73,-0.00282326,-0.000271399,-0.00117812,0.000263789,-0.00175139,0.00109082,0.0020801,489,489,489,50.0,-84.5875,-6.54202,0.00277448,-0.000461262,0.00163768,-0.00481711,-0.000677847,-0.00297264,0,0,0,0,0,0,-1.1858,-0.650342,-1.16207,-3136840.0,914201.0,6503710.0,6675.05,455.564,3155.26,-3136840.0,914202.0,6503710.0,6673.71,456.04,3155.73,7272190.0,0.000841761,98.0412,-179.916,-117.004,-178.514,8,1,1443356244,303444,2386,530076,0.816658,0.183342,86.4348,0,0.0,0,0,0,0,0.000263789,-0.00175139,0.00109082,0.0020801,1,0,488.2,0.0023143,0.0582662,0.239639,0.0370488,0.968404,-2.9127e-05,5.73939e-06,2.65097e-05,-2.9127e-05,-5.73939e-06,-2.65097e-05,489,-0.124905,-0.196714,0.00253657,-0.980458,0,0,0,0,0,0,0,0,0,0,1,1,1,489,0.00283627,10_36.0_50,Firesat_Attack_RWA,2025-08-28 20:59:17.074,2025-08-28 20:59:16.944,2071-06-24 12:17:06,-30.61307769806037,63.18807747820771,36.0,50.0,attack_rwa,Firesat_Attack_RWA_10_36.0_50,RWA
490,2025,10,0,12,17,25,1.10381,-0.535072,900170,76.5311,-68.5336,102.0,0.0,0.0,0.0,0.0273368,-0.752401,-0.0636712,-0.655051,0.125745,-0.00124049,0.000160897,-0.992062,-3130160.0,914647.0,6506850.0,6676.69,454.883,3149.1,-0.00182419,-0.000410465,-0.000893763,0.000251125,-0.00175142,0.00107677,0.00207122,490,490,490,50.0,-84.643,-6.55714,0.00111632,-0.000202676,0.00138824,-0.00313737,-0.000920609,-0.00274397,0,0,0,0,0,0,-1.18647,-0.648819,-1.16166,-3130160.0,914655.0,6506860.0,6678.3,454.613,3148.55,-3130160.0,914647.0,6506850.0,6676.69,454.883,3149.1,7272230.0,0.000835999,98.0412,-179.916,-116.957,-178.503,8,1,1443356245,303445,2386,530084,0.816669,0.183331,87.1947,0,0.0,0,0,0,0,0.000251125,-0.00175142,0.00107677,0.00207122,1,0,489.2,0.00264918,0.0589132,0.240609,0.0364767,0.968146,-2.91243e-05,5.77619e-06,2.65201e-05,-2.91243e-05,-5.77619e-06,-2.65201e-05,490,-0.124906,-0.198562,0.00161065,-0.980087,0,0,0,0,0,0,0,0,0,0,1,1,1,490,0.0018698,10_36.0_50,Firesat_Attack_RWA,2025-08-28 20:59:17.074,2025-08-28 20:59:16.944,2071-06-24 12:17:07,-30.657367335623984,63.24365438433539,36.0,50.0,attack_rwa,Firesat_Attack_RWA_10_36.0_50,RWA
491,2025,10,0,12,17,26,1.10477,-0.535847,900166,76.5311,-68.5336,102.0,0.0,0.0,0.0,0.0275482,-0.753238,-0.0633751,-0.654108,0.125781,-0.00124048,0.000160942,-0.992057,-3123480.0,915117.0,6510000.0,6680.06,453.985,3142.31,-0.00204747,-0.00112844,-0.00111544,0.000242347,-0.00172918,0.00106888,0.00204726,491,491,491,50.0,-84.746,-6.59423,0.00163554,0.000556005,0.00118679,-0.00364478,-0.00167032,-0.00253392,0,0,0,0,0,0,-1.1871,-0.647497,-1.16121,-3123480.0,915107.0,6510000.0,6681.55,453.651,3141.8,-3123480.0,915117.0,6510000.0,6680.06,453.985,3142.31,7272220.0,0.000837288,98.0411,-179.916,-117.21,-178.192,8,1,1443356246,303446,2386,530091,0.81668,0.18332,87.9503,0,0.0,0,0,0,0,0.000242347,-0.00172918,0.00106888,0.00204726,1,0,490.2,0.00262422,0.0589166,0.241836,0.0361128,0.967854,-2.91219e-05,5.81231e-06,2.65302e-05,-2.91219e-05,-5.81231e-06,-2.65302e-05,491,-0.124908,-0.200983,0.00178236,-0.979593,0,0,0,0,0,0,0,0,0,0,1,1,1,491,0.00233784,10_36.0_50,Firesat_Attack_RWA,2025-08-28 20:59:17.074,2025-08-28 20:59:16.944,2071-06-24 12:17:08,-30.701771564746625,63.29865833266796,36.0,50.0,attack_rwa,Firesat_Attack_RWA_10_36.0_50,RWA
492,2025,10,0,12,17,27,1.10574,-0.536627,900166,76.5311,-68.5336,102.0,0.0,0.0,0.0,0.02789,-0.753563,-0.0630791,-0.653748,0.125818,-0.00124047,0.000160988,-0.992053,-3116810.0,915580.0,6513140.0,6683.02,453.343,3135.38,-0.0021154,-0.000273672,-0.00123625,0.000237338,-0.00174034,0.00105854,0.00205076,492,492,492,50.0,-84.7779,-6.62318,0.00184589,-0.00105331,0.00120261,-0.00384077,-5.00189e-05,-0.0025693,0,0,0,0,0,0,-1.18775,-0.646344,-1.16078,-3116800.0,915567.0,6513140.0,6684.78,452.748,3135.07,-3116810.0,915580.0,6513140.0,6683.02,453.343,3135.38,7272240.0,0.000834724,98.0413,-179.916,-117.144,-178.199,8,1,1443356247,303447,2386,530098,0.816692,0.183308,88.7009,0,0.0,0,0,0,0,0.000237338,-0.00174034,0.00105854,0.00205076,1,0,491.2,0.00132641,0.0590268,0.242308,0.0356743,0.967745,-2.91197e-05,5.84802e-06,2.654e-05,-2.91197e-05,-5.84802e-06,-2.654e-05,492,-0.124903,-0.201871,0.00182251,-0.97941,0,0,0,0,0,0,0,0,0,0,1,1,1,492,0.00213303,10_36.0_50,Firesat_Attack_RWA,2025-08-28 20:59:17.074,2025-08-28 20:59:16.944,2071-06-24 12:17:09,-30.746462272766827,63.354235238795646,36.0,50.0,attack_rwa,Firesat_Attack_RWA_10_36.0_50,RWA
493,2025,10,0,12,17,28,1.1067,-0.53741,900171,76.5311,-68.5336,102.0,0.0,0.0,0.0,0.0278302,-0.754333,-0.0627008,-0.652898,0.125854,-0.00124047,0.000161033,-0.992048,-3110120.0,916039.0,6516280.0,6686.16,452.153,3128.81,-0.00285889,-0.000777249,-0.00165731,0.000248107,-0.0017396,0.00105491,0.00204954,493,493,493,50.0,-84.8324,-6.67635,0.00312253,-0.000249095,0.00200531,-0.00511433,-0.000852266,-0.00335305,0,0,0,0,0,0,-1.18837,-0.645996,-1.16012,-3110120.0,916027.0,6516270.0,6687.96,451.855,3128.35,-3110120.0,916039.0,6516280.0,6686.16,452.153,3128.81,7272200.0,0.000839955,98.0415,-179.915,-116.864,-178.421,8,1,1443356248,303448,2386,530106,0.816703,0.183297,89.4557,0,0.0,0,0,0,0,0.000248107,-0.0017396,0.00105491,0.00204954,1,0,492.2,0.00241846,0.0587609,0.243427,0.0353988,0.96749,-2.91172e-05,5.88357e-06,2.65501e-05,-2.91172e-05,-5.88357e-06,-2.65501e-05,493,-0.124897,-0.204097,0.00246132,-0.978948,0,0,0,0,0,0,0,0,0,0,1,1,1,493,0.00296266,10_36.0_50,Firesat_Attack_RWA,2025-08-28 20:59:17.074,2025-08-28 20:59:16.944,2071-06-24 12:17:10,-30.79132486812557,63.40923918712821,36.0,50.0,attack_rwa,Firesat_Attack_RWA_10_36.0_50,RWA
494,2025,10,0,12,17,29,1.10767,-0.538196,900173,76.5311,-68.5336,102.0,0.0,0.0,0.0,0.0287636,-0.754688,-0.0622764,-0.652487,0.12589,-0.00124046,0.000161078,-0.992043,-3103420.0,916475.0,6519390.0,6689.58,451.199,3122.21,-0.00219696,5.96024e-05,-0.000787826,0.000247083,-0.00176447,0.00103552,0.00206076,494,494,494,50.0,-84.8326,-6.67366,0.00198012,-0.00143116,0.00107211,-0.00394212,0.000349584,-0.00244692,0,0,0,0,0,0,-1.18902,-0.645028,-1.15961,-3103430.0,916482.0,6519400.0,6691.17,450.937,3121.62,-3103420.0,916475.0,6519390.0,6689.58,451.199,3122.21,7272220.0,0.000837943,98.0417,-179.915,-116.732,-178.495,8,1,1443356249,303449,2386,530113,0.816715,0.183285,90.2134,0,0.0,0,0,0,0,0.000247083,-0.00176447,0.00103552,0.00206076,1,0,493.2,0.00232019,0.059282,0.243953,0.0345157,0.967358,-2.91145e-05,5.91909e-06,2.65604e-05,-2.91145e-05,-5.91909e-06,-2.65604e-05,494,-0.124894,-0.205015,0.00198874,-0.978757,0,0,0,0,0,0,0,0,0,0,1,1,1,494,0.00219777,10_36.0_50,Firesat_Attack_RWA,2025-08-28 20:59:17.074,2025-08-28 20:59:16.944,2071-06-24 12:17:11,-30.836359350822853,63.46481609325589,36.0,50.0,attack_rwa,Firesat_Attack_RWA_10_36.0_50,RWA
495,2025,10,0,12,17,30,1.10863,-0.538981,900169,76.5311,-68.5336,102.0,0.0,0.0,0.0,0.0288427,-0.755486,-0.0621153,-0.651575,0.125926,-0.00124046,0.000161123,-0.992039,-3096740.0,916918.0,6522520.0,6692.57,450.422,3115.41,-0.00244745,-0.000556695,-0.00135307,0.000249844,-0.00176699,0.0010307,0.00206083,495,495,495,50.0,-84.8782,-6.72217,0.00243661,-0.000362033,0.00214728,-0.00439354,-0.000715286,-0.00351983,0,0,0,0,0,0,-1.18965,-0.644304,-1.159,-3096730.0,916928.0,6522520.0,6694.38,449.958,3114.86,-3096740.0,916918.0,6522520.0,6692.57,450.422,3115.41,7272200.0,0.000840209,98.0415,-179.915,-116.944,-178.224,8,1,1443356250,303450,2386,530121,0.816726,0.183274,90.9788,0,0.0,0,0,0,0,0.000249844,-0.00176699,0.0010307,0.00206083,1,0,494.2,0.00245034,0.0592545,0.24513,0.0343384,0.967068,-2.91113e-05,5.95418e-06,2.65712e-05,-2.91113e-05,-5.95418e-06,-2.65712e-05,495,-0.124897,-0.207362,0.00211418,-0.978262,0,0,0,0,0,0,0,0,0,0,1,1,1,495,0.00250996,10_36.0_50,Firesat_Attack_RWA,2025-08-28 20:59:17.074,2025-08-28 20:59:16.944,2071-06-24 12:17:12,-30.881336537740623,63.51982004158845,36.0,50.0,attack_rwa,Firesat_Attack_RWA_10_36.0_50,RWA
496,2025,10,0,12,17,31,1.1096,-0.539768,900174,76.5311,-68.5336,102.0,0.0,0.0,0.0,0.0291715,-0.756046,-0.0619931,-0.650922,0.125962,-0.00124045,0.000161168,-0.992034,-3090060.0,917366.0,6525640.0,6696.14,449.116,3108.52,-0.00228908,-0.000433447,-0.00168665,0.000249972,-0.00177196,0.00103429,0.00206691,496,496,496,50.0,-84.9206,-6.80295,0.00206964,-0.000683442,0.00236172,-0.00403686,-0.000397942,-0.00373891,0,0,0,0,0,0,-1.1903,-0.643434,-1.15844,-3090040.0,917372.0,6525630.0,6697.53,448.973,3108.14,-3090060.0,917366.0,6525640.0,6696.14,449.116,3108.52,7272140.0,0.00084927,98.0414,-179.916,-116.652,-178.459,8,1,1443356251,303451,2386,530128,0.816738,0.183262,91.7445,0,0.0,0,0,0,0,0.000249972,-0.00177196,0.00103429,0.00206691,1,0,495.2,0.00185818,0.0594537,0.245963,0.0340497,0.966855,-2.91081e-05,5.98935e-06,2.6582e-05,-2.91081e-05,-5.98935e-06,-2.6582e-05,496,-0.124902,-0.208993,0.0018865,-0.977915,0,0,0,0,0,0,0,0,0,0,1,1,1,496,0.00232976,10_36.0_50,Firesat_Attack_RWA,2025-08-28 20:59:17.074,2025-08-28 20:59:16.944,2071-06-24 12:17:13,-30.92642831621742,63.57539694771614,36.0,50.0,attack_rwa,Firesat_Attack_RWA_10_36.0_50,RWA
497,2025,10,0,12,17,32,1.11056,-0.54056,900182,76.5311,-68.5336,102.0,0.0,0.0,0.0,0.0295276,-0.756724,-0.0614824,-0.650167,0.125999,-0.00124044,0.000161214,-0.99203,-3083350.0,917829.0,6528760.0,6699.15,448.433,3101.89,-0.00258778,-0.000581666,-0.00135829,0.000254723,-0.00177431,0.00102837,0.00206654,497,497,497,50.0,-84.9681,-6.85019,0.00248116,-0.000565227,0.00121011,-0.00444146,-0.000511059,-0.00258153,0,0,0,0,0,0,-1.19093,-0.642774,-1.1578,-3083350.0,917820.0,6528740.0,6700.67,448.015,3101.43,-3083350.0,917829.0,6528760.0,6699.15,448.433,3101.89,7272100.0,0.000855354,98.0413,-179.916,-116.165,-178.888,8,1,1443356252,303452,2386,530136,0.81675,0.18325,92.5119,0,0.0,0,0,0,0,0.000254723,-0.00177431,0.00102837,0.00206654,1,0,496.2,0.00238075,0.0594524,0.246951,0.0334271,0.966625,-2.91047e-05,6.02458e-06,2.65928e-05,-2.91047e-05,-6.02458e-06,-2.65928e-05,497,-0.124904,-0.210896,0.00224366,-0.977506,0,0,0,0,0,0,0,0,0,0,1,1,1,497,0.00265234,10_36.0_50,Firesat_Attack_RWA,2025-08-28 20:59:17.074,2025-08-28 20:59:16.944,2071-06-24 12:17:14,-30.97180657359178,63.63040089604871,36.0,50.0,attack_rwa,Firesat_Attack_RWA_10_36.0_50,RWA
498,2025,10,0,12,17,33,1.11153,-0.541356,900186,76.5311,-68.5336,102.0,0.0,0.0,0.0,0.0303606,-0.757119,-0.0614879,-0.649668,0.126035,-0.00124044,0.000161259,-0.992025,-3076640.0,918284.0,6531820.0,6702.35,447.384,3095.16,-0.00150433,5.85799e-05,-0.00122037,0.000238183,-0.00179786,0.00101332,0.00207746,498,498,498,50.0,-84.9695,-6.86396,0.00066765,-0.00125156,0.000934473,-0.00260594,0.000192735,-0.00235746,0,0,0,0,0,0,-1.1916,-0.641053,-1.15743,-3076650.0,918273.0,6531840.0,6703.86,447.105,3094.71,-3076640.0,918284.0,6531820.0,6702.35,447.384,3095.16,7272140.0,0.000849726,98.0415,-179.915,-115.886,-179.108,8,1,1443356253,303453,2386,530144,0.816762,0.183238,93.2835,0,0.0,0,0,0,0,0.000238183,-0.00179786,0.00101332,0.00207746,1,0,497.2,0.00209696,0.0601379,0.247561,0.0329538,0.966442,-2.91009e-05,6.05941e-06,2.6604e-05,-2.91009e-05,-6.05941e-06,-2.6604e-05,498,-0.1249,-0.212035,0.00121132,-0.977261,0,0,0,0,0,0,0,0,0,0,1,1,1,498,0.00150547,10_36.0_50,Firesat_Attack_RWA,2025-08-28 20:59:17.074,2025-08-28 20:59:16.944,2071-06-24 12:17:15,-31.017414014084192,63.68597780217639,36.0,50.0,attack_rwa,Firesat_Attack_RWA_10_36.0_50,RWA
499,2025,10,0,12,17,34,1.11249,-0.542156,900179,76.5311,-68.5336,102.0,0.0,0.0,0.0,0.0306418,-0.75774,-0.0607831,-0.648997,0.126071,-0.00124043,0.000161304,-0.99202,-3069950.0,918725.0,6534930.0,6705.48,446.367,3088.52,-0.00217121,0.000123402,-0.000677306,0.000234369,-0.00181706,0.000986863,0.00208099,499,499,499,50.0,-84.9777,-6.83821,0.00218594,-0.00122195,0.000476536,-0.00408145,0.000190555,-0.00192542,0,0,0,0,0,0,-1.19225,-0.639949,-1.15686,-3069940.0,918724.0,6534930.0,6707.05,446.189,3087.9,-3069950.0,918725.0,6534930.0,6705.48,446.367,3088.52,7272110.0,0.000853642,98.0416,-179.915,-116.373,-178.563,8,1,1443356254,303454,2386,530152,0.816774,0.183226,94.0648,0,0.0,0,0,0,0,0.000234369,-0.00181706,0.000986863,0.00208099,1,0,498.2,0.00237654,0.0599641,0.248455,0.0322152,0.966249,-2.90966e-05,6.0933e-06,2.66159e-05,-2.90966e-05,-6.0933e-06,-2.66159e-05,499,-0.124895,-0.213739,0.00197619,-0.976889,0,0,0,0,0,0,0,0,0,0,1,1,1,499,0.00217471,10_36.0_50,Firesat_Attack_RWA,2025-08-28 20:59:17.074,2025-08-28 20:59:16.944,2071-06-24 12:17:16,-31.063250637694654,63.74098175050895,36.0,50.0,attack_rwa,Firesat_Attack_RWA_10_36.0_50,RWA
500,2025,10,0,12,17,35,1.11345,-0.542957,900180,76.5311,-68.5336,102.0,0.0,0.0,0.0,0.0307883,-0.758462,-0.0607338,-0.648151,0.126107,-0.00124043,0.000161349,-0.992016,-3063250.0,919185.0,6538000.0,6708.58,445.643,3081.65,-0.00217781,-0.000254061,-0.00127349,0.00023603,-0.00182123,0.000976268,0.00207983,500,500,500,50.0,-85.0179,-6.86893,0.00209087,-0.000482562,0.00130476,-0.00397112,-0.000538481,-0.00275494,0,0,0,0,0,0,-1.1929,-0.639164,-1.15622,-3063240.0,919172.0,6538010.0,6710.19,445.254,3081.13,-3063250.0,919185.0,6538000.0,6708.58,445.643,3081.65,7272050.0,0.0008616,98.0417,-179.915,-116.311,-178.567,8,1,1443356255,303455,2386,530159,0.816786,0.183214,94.8515,0,0.0,0,0,0,0,0.00023603,-0.00182123,0.000976268,0.00207983,1,0,499.2,0.00224476,0.0600558,0.249531,0.0320907,0.96597,-2.90921e-05,6.12663e-06,2.66282e-05,-2.90921e-05,-6.12663e-06,-2.66282e-05,500,-0.124893,-0.215884,0.00185175,-0.976417,0,0,0,0,0,0,0,0,0,0,1,1,1,500,0.00219258,10_36.0_50,Firesat_Attack_RWA,2025-08-28 20:59:17.074,2025-08-28 20:59:16.944,2071-06-24 12:17:17,-31.10914455708464,63.79598569884151,36.0,50.0,attack_rwa,Firesat_Attack_RWA_10_36.0_50,RWA
501,2025,10,0,12,17,36,1.11442,-0.543762,900177,76.5311,-68.5336,102.0,0.0,0.0,0.0,0.0310549,-0.759052,-0.0602887,-0.647488,0.126143,-0.00124042,0.000161395,-0.992011,-3056500.0,919618.0,6541080.0,6711.51,444.873,3075.22,-0.00252866,-0.000137534,-0.0011273,0.000243664,-0.00182673,0.000962507,0.00207912,501,501,501,50.0,-85.0557,-6.89014,0.00279176,-0.000783561,0.00175581,-0.00465121,-0.000224718,-0.00319868,0,0,0,0,0,0,-1.19356,-0.638647,-1.15552,-3056530.0,919622.0,6541080.0,6713.35,444.337,3074.35,-3056500.0,919618.0,6541080.0,6711.51,444.873,3075.22,7272020.0,0.000865436,98.0419,-179.915,-116.462,-178.358,8,1,1443356256,303456,2386,530167,0.816798,0.183202,95.6391,0,0.0,0,0,0,0,0.000243664,-0.00182673,0.000962507,0.00207912,1,0,500.2,0.00205643,0.0600189,0.250395,0.0315732,0.965766,-2.90874e-05,6.15976e-06,2.66405e-05,-2.90874e-05,-6.15976e-06,-2.66405e-05,501,-0.124889,-0.217553,0.00222296,-0.976046,0,0,0,0,0,0,0,0,0,0,1,1,1,501,0.0025324,10_36.0_50,Firesat_Attack_RWA,2025-08-28 20:59:17.074,2025-08-28 20:59:16.944,2071-06-24 12:17:18,-31.155267659592667,63.8515626049692,36.0,50.0,attack_rwa,Firesat_Attack_RWA_10_36.0_50,RWA
502,2025,10,0,12,17,37,1.11538,-0.544568,900171,76.5311,-68.5336,102.0,0.0,0.0,0.0,0.0315883,-0.759497,-0.0601447,-0.646953,0.126179,-0.00124042,0.00016144,-0.992007,-3049800.0,920042.0,6544160.0,6714.67,443.869,3068.19,-0.00209482,0.000383729,-0.00113089,0.000244119,-0.00184979,0.000954853,0.00209596,502,502,502,50.0,-85.0548,-6.93321,0.00201379,-0.00153923,0.00212336,-0.00386462,0.000538421,-0.00358899,0,0,0,0,0,0,-1.19423,-0.637793,-1.15489,-3049800.0,920061.0,6544150.0,6716.58,443.357,3067.57,-3049800.0,920042.0,6544160.0,6714.67,443.869,3068.19,7272120.0,0.000850772,98.0417,-179.915,-116.795,-177.966,8,1,1443356257,303457,2386,530175,0.816811,0.183189,96.432,0,0.0,0,0,0,0,0.000244119,-0.00184979,0.000954853,0.00209596,1,0,501.2,0.00177684,0.0603732,0.251067,0.0311494,0.965583,-2.90825e-05,6.19275e-06,2.66531e-05,-2.90825e-05,-6.19275e-06,-2.66531e-05,502,-0.124893,-0.218834,0.00179627,-0.97576,0,0,0,0,0,0,0,0,0,0,1,1,1,502,0.00212968,10_36.0_50,Firesat_Attack_RWA,2025-08-28 20:59:17.074,2025-08-28 20:59:16.944,2071-06-24 12:17:19,-31.201448057880217,63.906566553301765,36.0,50.0,attack_rwa,Firesat_Attack_RWA_10_36.0_50,RWA
503,2025,10,0,12,17,38,1.11635,-0.545374,900174,76.5311,-68.5336,102.0,0.0,0.0,0.0,0.0320929,-0.760233,-0.0598145,-0.646095,0.126216,-0.00124041,0.000161485,-0.992002,-3043100.0,920488.0,6547230.0,6717.95,442.989,3061.59,-0.00192662,5.48092e-05,-0.00083116,0.000240289,-0.00186032,0.00094438,0.00210009,503,503,503,50.0,-85.0793,-6.96784,0.00166926,-0.000840096,0.00108817,-0.00350559,-0.000149741,-0.00257079,0,0,0,0,0,0,-1.19489,-0.636711,-1.15426,-3043090.0,920495.0,6547220.0,6719.71,442.343,3060.84,-3043100.0,920488.0,6547230.0,6717.95,442.989,3061.59,7272120.0,0.000851635,98.0414,-179.915,-116.585,-178.118,8,1,1443356258,303458,2386,530183,0.816823,0.183177,97.2331,0,0.0,0,0,0,0,0.000240289,-0.00186032,0.00094438,0.00210009,1,0,502.2,0.00256272,0.0605971,0.252162,0.0305895,0.965301,-2.90769e-05,6.22545e-06,2.66663e-05,-2.90769e-05,-6.22545e-06,-2.66663e-05,503,-0.124901,-0.220953,0.00169532,-0.975283,0,0,0,0,0,0,0,0,0,0,1,1,1,503,0.0019274,10_36.0_50,Firesat_Attack_RWA,2025-08-28 20:59:17.074,2025-08-28 20:59:16.944,2071-06-24 12:17:20,-31.24762845616776,63.96214345942945,36.0,50.0,attack_rwa,Firesat_Attack_RWA_10_36.0_50,RWA
504,2025,10,0,12,17,39,1.11731,-0.546185,900182,76.5311,-68.5336,102.0,0.0,0.0,0.0,0.0321699,-0.760696,-0.0597475,-0.645551,0.126252,-0.0012404,0.00016153,-0.991997,-3036370.0,920931.0,6550290.0,6721.1,441.736,3054.32,-0.00208573,0.000496165,-0.00151606,0.000239107,-0.00188109,0.000941926,0.00211729,504,504,504,50.0,-85.0824,-7.03141,0.0020006,-0.0014078,0.00226097,-0.00383767,0.000420303,-0.00376672,0,0,0,0,0,0,-1.19559,-0.635785,-1.15362,-3036370.0,920934.0,6550290.0,6722.8,441.367,3054.11,-3036370.0,920931.0,6550290.0,6721.1,441.736,3054.32,7272070.0,0.000859702,98.0413,-179.916,-116.114,-178.531,8,1,1443356259,303459,2386,530192,0.816835,0.183165,98.0394,0,0.0,0,0,0,0,0.000239107,-0.00188109,0.000941926,0.00211729,1,0,503.2,0.00144278,0.0606218,0.252853,0.0304904,0.965122,-2.90711e-05,6.25783e-06,2.66799e-05,-2.90711e-05,-6.25783e-06,-2.66799e-05,504,-0.124904,-0.222329,0.00169598,-0.97497,0,0,0,0,0,0,0,0,0,0,1,1,1,504,0.00214393,10_36.0_50,Firesat_Attack_RWA,2025-08-28 20:59:17.074,2025-08-28 20:59:16.944,2071-06-24 12:17:21,-31.29409533335287,64.01714740776201,36.0,50.0,attack_rwa,Firesat_Attack_RWA_10_36.0_50,RWA
505,2025,10,0,12,17,40,1.11827,-0.547,900183,76.5311,-68.5336,102.0,0.0,0.0,0.0,0.0326065,-0.761565,-0.0593796,-0.644538,0.126288,-0.0012404,0.000161575,-0.991993,-3029650.0,921378.0,6553340.0,6724.37,440.835,3047.84,-0.00205665,-0.000230749,-0.00118708,0.000238322,-0.00187666,0.000934098,0.00210978,505,505,505,50.0,-85.1388,-7.07782,0.00191592,-0.000195842,0.00136314,-0.00374227,-0.00078384,-0.00286541,0,0,0,0,0,0,-1.19625,-0.634848,-1.15292,-3029650.0,921374.0,6553340.0,6725.94,440.411,3047.34,-3029650.0,921378.0,6553340.0,6724.37,440.835,3047.84,7272080.0,0.00085776,98.0413,-179.916,-116.035,-178.552,8,1,1443356260,303460,2386,530200,0.816848,0.183152,98.8507,0,0.0,0,0,0,0,0.000238322,-0.00187666,0.000934098,0.00210978,1,0,504.2,0.00290331,0.0607684,0.254146,0.0299385,0.964791,-2.90648e-05,6.29012e-06,2.66937e-05,-2.90648e-05,-6.29012e-06,-2.66937e-05,505,-0.124905,-0.224849,0.00173726,-0.974392,0,0,0,0,0,0,0,0,0,0,1,1,1,505,0.00206956,10_36.0_50,Firesat_Attack_RWA,2025-08-28 20:59:17.074,2025-08-28 20:59:16.944,2071-06-24 12:17:22,-31.340791393656037,64.07215135609458,36.0,50.0,attack_rwa,Firesat_Attack_RWA_10_36.0_50,RWA
506,2025,10,0,12,17,41,1.11924,-0.547819,900184,76.5311,-68.5336,102.0,0.0,0.0,0.0,0.0329798,-0.76207,-0.0592893,-0.64393,0.126324,-0.00124039,0.000161621,-0.991988,-3022920.0,921840.0,6556370.0,6727.37,439.845,3041.11,-0.00178726,0.00010827,-0.00141434,0.000232208,-0.00188214,0.000927143,0.00211091,506,506,506,50.0,-85.1755,-7.12629,0.00139394,-0.000845027,0.00125996,-0.00321186,-0.000126968,-0.00277783,0,0,0,0,0,0,-1.19695,-0.63366,-1.15232,-3022920.0,921819.0,6556380.0,6729.06,439.492,3040.56,-3022920.0,921840.0,6556370.0,6727.37,439.845,3041.11,7272070.0,0.000859601,98.0414,-179.915,-115.99,-178.539,8,1,1443356261,303461,2386,530208,0.816861,0.183139,99.6601,0,0.0,0,0,0,0,0.000232208,-0.00188214,0.000927143,0.00211091,1,0,505.2,0.0017579,0.0610224,0.254908,0.0296506,0.964582,-2.90587e-05,6.32208e-06,2.67075e-05,-2.90587e-05,-6.32208e-06,-2.67075e-05,506,-0.124901,-0.226335,0.00142067,-0.974048,0,0,0,0,0,0,0,0,0,0,1,1,1,506,0.00179054,10_36.0_50,Firesat_Attack_RWA,2025-08-28 20:59:17.074,2025-08-28 20:59:16.944,2071-06-24 12:17:23,-31.387716637077244,64.12772826222226,36.0,50.0,attack_rwa,Firesat_Attack_RWA_10_36.0_50,RWA
507,2025,10,0,12,17,42,1.1202,-0.548643,900185,76.5311,-68.5336,102.0,0.0,0.0,0.0,0.0332761,-0.762851,-0.0587754,-0.643037,0.12636,-0.00124039,0.000161666,-0.991984,-3016210.0,922262.0,6559440.0,6730.36,439.059,3034.25,-0.00216386,-0.000315436,-0.00102714,0.00023302,-0.00187619,0.000908589,0.0020976,507,507,507,50.0,-85.235,-7.13372,0.00232686,-0.000429527,0.00143087,-0.00411451,-0.000523839,-0.00294105,0,0,0,0,0,0,-1.19761,-0.632794,-1.15162,-3016190.0,922266.0,6559420.0,6732.16,438.596,3033.78,-3016210.0,922262.0,6559440.0,6730.36,439.059,3034.25,7272040.0,0.000864654,98.0417,-179.915,-115.929,-178.541,8,1,1443356262,303462,2386,530216,0.816874,0.183126,100.47,0,0.0,0,0,0,0,0.00023302,-0.00187619,0.000908589,0.0020976,1,0,506.2,0.00265342,0.0609704,0.256061,0.0290596,0.964298,-2.90525e-05,6.3536e-06,2.67213e-05,-2.90525e-05,-6.3536e-06,-2.67213e-05,507,-0.124895,-0.228572,0.00187204,-0.973525,0,0,0,0,0,0,0,0,0,0,1,1,1,507,0.00218673,10_36.0_50,Firesat_Attack_RWA,2025-08-28 20:59:17.074,2025-08-28 20:59:16.944,2071-06-24 12:17:24,-31.434928359396025,64.18273221055482,36.0,50.0,attack_rwa,Firesat_Attack_RWA_10_36.0_50,RWA
508,2025,10,0,12,17,43,1.12116,-0.549466,900194,76.5311,-68.5336,102.0,0.0,0.0,0.0,0.0335777,-0.763654,-0.0585945,-0.642084,0.126396,-0.00124038,0.000161711,-0.991979,-3009460.0,922703.0,6562460.0,6733.68,437.827,3027.52,-0.00210308,-0.000868553,-0.0011449,0.000236184,-0.00185755,0.000899989,0.00207756,508,508,508,50.0,-85.3224,-7.17511,0.00213366,0.000223651,0.00162567,-0.00390792,-0.00116897,-0.00311115,0,0,0,0,0,0,-1.19825,-0.632079,-1.15091,-3009470.0,922703.0,6562460.0,6735.22,437.631,3027.04,-3009460.0,922703.0,6562460.0,6733.68,437.827,3027.52,7272010.0,0.000869451,98.0416,-179.915,-115.374,-179.038,8,1,1443356263,303463,2386,530225,0.816887,0.183113,101.275,0,0.0,0,0,0,0,0.000236184,-0.00185755,0.000899989,0.00207756,1,0,507.2,0.00258931,0.0611137,0.257265,0.0287385,0.963978,-2.90466e-05,6.3848e-06,2.67348e-05,-2.90466e-05,-6.3848e-06,-2.67348e-05,508,-0.124897,-0.230944,0.00178251,-0.972965,0,0,0,0,0,0,0,0,0,0,1,1,1,508,0.00227537,10_36.0_50,Firesat_Attack_RWA,2025-08-28 20:59:17.074,2025-08-28 20:59:16.944,2071-06-24 12:17:25,-31.48208278593529,64.23773615888737,36.0,50.0,attack_rwa,Firesat_Attack_RWA_10_36.0_50,RWA
509,2025,10,0,12,17,44,1.12212,-0.550293,900197,76.5311,-68.5336,102.0,0.0,0.0,0.0,0.0340581,-0.764123,-0.058281,-0.641529,0.126433,-0.00124037,0.000161756,-0.991974,-3002740.0,923153.0,6565500.0,6736.78,436.855,3020.74,-0.00196198,-0.000347935,-0.000884321,0.000235792,-0.0018598,0.000886964,0.00207393,509,509,509,50.0,-85.3649,-7.20084,0.00179436,-0.00103616,0.000853003,-0.00354884,0.000103961,-0.00234123,0,0,0,0,0,0,-1.19889,-0.631166,-1.15029,-3002730.0,923142.0,6565480.0,6738.33,436.69,3020.28,-3002740.0,923153.0,6565500.0,6736.78,436.855,3020.74,7272020.0,0.00086836,98.0417,-179.915,-115.195,-179.159,8,1,1443356264,303464,2386,530233,0.8169,0.1831,102.074,0,0.0,0,0,0,0,0.000235792,-0.0018598,0.000886964,0.00207393,1,0,508.2,0.00185083,0.0613273,0.257967,0.0282061,0.963793,-2.90411e-05,6.41576e-06,2.67479e-05,-2.90411e-05,-6.41576e-06,-2.67479e-05,509,-0.124896,-0.232276,0.00170314,-0.972648,0,0,0,0,0,0,0,0,0,0,1,1,1,509,0.00199259,10_36.0_50,Firesat_Attack_RWA,2025-08-28 20:59:17.074,2025-08-28 20:59:16.944,2071-06-24 12:17:26,-31.52946639559261,64.29274010721994,36.0,50.0,attack_rwa,Firesat_Attack_RWA_10_36.0_50,RWA
510,2025,10,0,12,17,45,1.12308,-0.551125,900206,76.5311,-68.5336,102.0,0.0,0.0,0.0,0.034278,-0.764535,-0.0579534,-0.641055,0.126469,-0.00124037,0.000161802,-0.99197,-2996000.0,923587.0,6568510.0,6739.65,436.184,3013.87,-0.00224003,0.000348949,-0.000933736,0.000240015,-0.00188985,0.000871555,0.00209494,510,510,510,50.0,-85.3447,-7.21788,0.00234805,-0.00184506,0.00136046,-0.00408066,0.000927767,-0.00287237,0,0,0,0,0,0,-1.19955,-0.630496,-1.14959,-2996000.0,923583.0,6568510.0,6741.39,435.773,3013.54,-2996000.0,923587.0,6568510.0,6739.65,436.184,3013.87,7272030.0,0.000868626,98.0418,-179.915,-114.637,-179.659,8,1,1443356265,303465,2386,530242,0.816913,0.183087,102.88,0,0.0,0,0,0,0,0.000240015,-0.00188985,0.000871555,0.00209494,1,0,509.2,0.00148375,0.0613196,0.258577,0.0278116,0.963641,-2.90352e-05,6.44632e-06,2.67614e-05,-2.90352e-05,-6.44632e-06,-2.67614e-05,510,-0.124892,-0.233447,0.00195991,-0.972368,0,0,0,1,0,0,0,0,0,0,1,1,1,510,0.00226705,10_36.0_50,Firesat_Attack_RWA,2025-08-28 20:59:17.074,2025-08-28 20:59:16.944,2071-06-24 12:17:27,-31.57713648414749,64.3477440555525,36.0,50.0,attack_rwa,Firesat_Attack_RWA_10_36.0_50,RWA
511,2025,10,0,12,17,46,1.12404,-0.551958,900206,76.5311,-68.5336,102.0,0.0,0.0,0.0,0.0344858,-0.76548,-0.0578647,-0.639924,0.126505,-0.00124036,0.000161847,-0.991965,-2989250.0,924015.0,6571510.0,6742.85,435.361,3007.14,-0.00219414,-0.000654604,-0.00125694,0.000244444,-0.00188324,0.000866729,0.00208748,511,511,511,50.0,-85.4019,-7.27361,0.0022227,-0.00010438,0.0021845,-0.00394957,-0.000808955,-0.00368198,0,0,0,0,0,0,-1.20016,-0.629858,-1.14881,-2989250.0,924019.0,6571520.0,6744.48,434.824,3006.74,-2989250.0,924015.0,6571510.0,6742.85,435.361,3007.14,7272020.0,0.000869976,98.0418,-179.915,-114.658,-179.579,8,1,1443356266,303466,2386,530250,0.816926,0.183074,103.692,0,0.0,0,0,0,0,0.000244444,-0.00188324,0.000866729,0.00208748,1,0,510.2,0.00298155,0.0614389,0.259999,0.0276197,0.963257,-2.90288e-05,6.47672e-06,2.67753e-05,-2.90288e-05,-6.47672e-06,-2.67753e-05,511,-0.124892,-0.236275,0.0018356,-0.971685,0,0,0,1,1,0,0,0,0,0,1,1,1,511,0.00228971,10_36.0_50,Firesat_Attack_RWA,2025-08-28 20:59:17.074,2025-08-28 20:59:16.944,2071-06-24 12:17:28,-31.62486386848189,64.40274800388505,36.0,50.0,attack_rwa,Firesat_Attack_RWA_10_36.0_50,RWA
512,2025,10,0,12,17,47,1.12501,-0.552794,900203,76.5311,-68.5336,102.0,0.0,0.0,0.0,0.0348884,-0.765951,-0.0576461,-0.639358,0.126541,-0.00124036,0.000161892,-0.991961,-2982500.0,924462.0,6574510.0,6745.7,434.049,3000.67,-0.00204939,-0.000149093,-0.00122268,0.000245285,-0.00189061,0.000864385,0.00209326,512,512,512,50.0,-85.4316,-7.33906,0.00182878,-0.00114034,0.00164355,-0.00355566,0.000228928,-0.00314698,0,0,0,0,0,0,-1.20082,-0.629028,-1.14814,-2982510.0,924453.0,6574520.0,6747.57,433.866,2999.92,-2982500.0,924462.0,6574510.0,6745.7,434.049,3000.67,7272000.0,0.000872062,98.0418,-179.915,-114.843,-179.336,8,1,1443356267,303467,2386,530259,0.81694,0.18306,104.502,0,0.0,0,0,0,0,0.000245285,-0.00189061,0.000864385,0.00209326,1,0,511.2,0.00173511,0.0616433,0.26071,0.0272098,0.963063,-2.90225e-05,6.50713e-06,2.67891e-05,-2.90225e-05,-6.50713e-06,-2.67891e-05,512,-0.124892,-0.237642,0.00170024,-0.971351,0,0,0,1,1,0,0,0,0,0,1,1,1,512,0.0020548,10_36.0_50,Firesat_Attack_RWA,2025-08-28 20:59:17.074,2025-08-28 20:59:16.944,2071-06-24 12:17:29,-31.67276314015483,64.45832491001275,36.0,50.0,attack_rwa,Firesat_Attack_RWA_10_36.0_50,RWA
513,2025,10,0,12,17,48,1.12597,-0.553634,900200,76.5311,-68.5336,102.0,0.0,0.0,0.0,0.0354954,-0.766357,-0.0575616,-0.638846,0.126577,-0.00124035,0.000161937,-0.991956,-2975770.0,924879.0,6577500.0,6749.13,433.496,2993.38,-0.00141986,0.00054597,-0.00113252,0.000232418,-0.00192264,0.00085507,0.002117,513,513,513,50.0,-85.406,-7.38061,0.000973124,-0.00198494,0.00194437,-0.00268953,0.00108467,-0.00350209,0,0,0,0,0,0,-1.20148,-0.6275,-1.14761,-2975760.0,924889.0,6577510.0,6750.66,432.927,2993.1,-2975770.0,924879.0,6577500.0,6749.13,433.496,2993.38,7271980.0,0.000873872,98.0419,-179.915,-115.022,-179.099,8,1,1443356268,303468,2386,530268,0.816953,0.183047,105.321,0,0.0,0,0,0,0,0.000232418,-0.00192264,0.00085507,0.002117,1,0,512.2,0.00179097,0.0620921,0.261335,0.0267924,0.962876,-2.90157e-05,6.53724e-06,2.68035e-05,-2.90157e-05,-6.53724e-06,-2.68035e-05,513,-0.12489,-0.238832,0.0011079,-0.97106,0,0,0,1,0,0,0,0,0,0,1,1,1,513,0.00152122,10_36.0_50,Firesat_Attack_RWA,2025-08-28 20:59:17.074,2025-08-28 20:59:16.944,2071-06-24 12:17:30,-31.72089159494581,64.5133288583453,36.0,50.0,attack_rwa,Firesat_Attack_RWA_10_36.0_50,RWA
514,2025,10,0,12,17,49,1.12693,-0.554475,900198,76.5311,-68.5336,102.0,0.0,0.0,0.0,0.0353829,-0.767041,-0.0573837,-0.638046,0.126613,-0.00124034,0.000161982,-0.991951,-2969010.0,925319.0,6580490.0,6752.0,432.066,2986.94,-0.00200263,0.000374786,-0.00176835,0.000232279,-0.00194392,0.000861524,0.00213893,514,514,514,50.0,-85.4021,-7.48063,0.00205641,-0.00143596,0.00262645,-0.0037901,0.000528713,-0.00420612,0,0,0,0,0,0,-1.20216,-0.626636,-1.14686,-2969010.0,925318.0,6580500.0,6753.7,431.943,2986.28,-2969010.0,925319.0,6580490.0,6752.0,432.066,2986.94,7271910.0,0.00088415,98.0418,-179.915,-115.15,-178.913,8,1,1443356269,303469,2386,530277,0.816967,0.183033,106.151,0,0.0,0,0,0,0,0.000232279,-0.00194392,0.000861524,0.00213893,1,0,513.2,0.0021471,0.0618979,0.262355,0.0267112,0.962614,-2.90081e-05,6.56704e-06,2.68187e-05,-2.90081e-05,-6.56704e-06,-2.68187e-05,514,-0.124893,-0.240871,0.00151731,-0.970556,0,0,0,1,1,0,0,0,0,0,1,1,1,514,0.0020374,10_36.0_50,Firesat_Attack_RWA,2025-08-28 20:59:17.074,2025-08-28 20:59:16.944,2071-06-24 12:17:31,-31.76907734551632,64.56833280667786,36.0,50.0,attack_rwa,Firesat_Attack_RWA_10_36.0_50,RWA
515,2025,10,0,12,17,50,1.12789,-0.55532,900202,76.5311,-68.5336,102.0,0.0,0.0,0.0,0.035874,-0.767804,-0.0572484,-0.637113,0.12665,-0.00124034,0.000162028,-0.991947,-2962270.0,925746.0,6583500.0,6754.95,431.188,2980.19,-0.00159462,-2.38315e-05,-0.00166713,0.000225986,-0.00194771,0.000862785,0.0021422,515,515,515,50.0,-85.4373,-7.56448,0.00139188,-0.000880768,0.00233059,-0.00313207,-2.71873e-05,-0.00392446,0,0,0,0,0,0,-1.20285,-0.625429,-1.14617,-2962260.0,925749.0,6583480.0,6756.75,430.987,2979.5,-2962270.0,925746.0,6583500.0,6754.95,431.188,2980.19,7271900.0,0.00088566,98.0418,-179.915,-114.924,-179.08,8,1,1443356270,303470,2386,530286,0.81698,0.18302,106.987,0,0.0,0,0,0,0,0.000225986,-0.00194771,0.000862785,0.0021422,1,0,514.2,0.00261744,0.0622226,0.263515,0.0263187,0.962287,-2.9e-05,6.59697e-06,2.68343e-05,-2.9e-05,-6.59697e-06,-2.68343e-05,515,-0.124893,-0.24314,0.00114144,-0.969991,0,0,0,0,1,0,0,0,0,0,1,1,1,515,0.00159479,10_36.0_50,Firesat_Attack_RWA,2025-08-28 20:59:17.074,2025-08-28 20:59:16.944,2071-06-24 12:17:32,-31.81749227920488,64.62333675501043,36.0,50.0,attack_rwa,Firesat_Attack_RWA_10_36.0_50,RWA
516,2025,10,0,12,17,51,1.12885,-0.556168,900215,76.5311,-68.5336,102.0,0.0,0.0,0.0,0.0362519,-0.768458,-0.0567867,-0.636343,0.126686,-0.00124033,0.000162073,-0.991942,-2955510.0,926178.0,6586480.0,6758.09,430.329,2973.32,-0.00178744,-9.63582e-06,-0.00122843,0.00022343,-0.00195289,0.00085361,0.00214297,516,516,516,50.0,-85.4703,-7.61057,0.00182835,-0.000871715,0.00142239,-0.00355626,-2.67694e-05,-0.00302567,0,0,0,0,0,0,-1.20354,-0.624401,-1.14544,-2955510.0,926178.0,6586470.0,6759.75,430.019,2972.76,-2955510.0,926178.0,6586480.0,6758.09,430.329,2973.32,7271880.0,0.000889614,98.0417,-179.915,-114.182,-179.764,8,1,1443356271,303471,2386,530294,0.816994,0.183006,107.823,0,0.0,0,0,0,0,0.00022343,-0.00195289,0.00085361,0.00214297,1,0,515.2,0.0023462,0.0622673,0.264493,0.0257237,0.962032,-2.89918e-05,6.62665e-06,2.685e-05,-2.89918e-05,-6.62665e-06,-2.685e-05,516,-0.124896,-0.245018,0.00143198,-0.969517,0,0,0,1,0,0,0,0,0,0,1,1,1,516,0.00178746,10_36.0_50,Firesat_Attack_RWA,2025-08-28 20:59:17.074,2025-08-28 20:59:16.944,2071-06-24 12:17:33,-31.866079100231968,64.67834070334297,36.0,50.0,attack_rwa,Firesat_Attack_RWA_10_36.0_50,RWA
517,2025,10,0,12,17,52,1.12981,-0.55702,900215,76.5311,-68.5336,102.0,0.0,0.0,0.0,0.0365177,-0.76895,-0.0565951,-0.635751,0.126722,-0.00124033,0.000162118,-0.991937,-2948740.0,926615.0,6589410.0,6761.19,429.197,2966.59,-0.0018154,0.000455158,-0.00136926,0.00022314,-0.00197193,0.000844943,0.0021569,517,517,517,50.0,-85.4727,-7.6578,0.00186806,-0.00134816,0.00158777,-0.00358586,0.000458283,-0.00321092,0,0,0,0,0,0,-1.20426,-0.623507,-1.14469,-2948750.0,926609.0,6589440.0,6762.79,429.067,2965.95,-2948740.0,926615.0,6589410.0,6761.19,429.197,2966.59,7271840.0,0.000894863,98.0417,-179.915,-114.185,-179.703,8,1,1443356272,303472,2386,530303,0.817008,0.182992,108.664,1,0.0,0,0,0,0,0.00022314,-0.00197193,0.000844943,0.0021569,1,0,516.2,0.00167277,0.0623752,0.265235,0.0254143,0.961828,-2.89833e-05,6.65602e-06,2.6866e-05,-2.89833e-05,-6.65602e-06,-2.6866e-05,517,-0.124895,-0.246463,0.00142152,-0.969151,0,0,0,1,1,0,0,0,0,0,1,1,1,517,0.00187159,10_36.0_50,Firesat_Attack_RWA,2025-08-28 20:59:17.074,2025-08-28 20:59:16.944,2071-06-24 12:17:34,-31.914895104377116,64.73334465167554,36.0,50.0,attack_rwa,Firesat_Attack_RWA_10_36.0_50,RWA
518,2025,10,0,12,17,53,1.13077,-0.557875,900203,76.5311,-68.5336,102.0,0.0,0.0,0.0,0.0365643,-0.769744,-0.0565347,-0.634792,0.126758,-0.00124032,0.000162163,-0.991933,-2941990.0,927031.0,6592380.0,6764.18,428.392,2959.71,-0.00199583,-6.17337e-05,-0.00192118,0.000226338,-0.00197072,0.000846677,0.00215681,518,518,518,50.0,-85.5177,-7.74329,0.00224811,-0.000648287,0.00287749,-0.00397283,-0.000244237,-0.00449386,0,0,0,0,0,0,-1.20496,-0.622804,-1.14385,-2941980.0,927039.0,6592390.0,6765.84,428.119,2959.05,-2941990.0,927031.0,6592380.0,6764.18,428.392,2959.71,7271780.0,0.000902784,98.0418,-179.915,-114.913,-178.917,8,1,1443356273,303473,2386,530313,0.817022,0.182978,109.509,1,0.0,0,0,0,0,0.000226338,-0.00197072,0.000846677,0.00215681,1,0,517.2,0.00249665,0.0623787,0.266436,0.0253381,0.961498,-2.89744e-05,6.6853e-06,2.68823e-05,-2.89744e-05,-6.6853e-06,-2.68823e-05,518,-0.124893,-0.248862,0.00145501,-0.968538,0,0,0,1,1,0,0,0,0,0,1,1,1,518,0.00199679,10_36.0_50,Firesat_Attack_RWA,2025-08-28 20:59:17.074,2025-08-28 20:59:16.944,2071-06-24 12:17:35,-31.9638829958608,64.7883486000081,36.0,50.0,attack_rwa,Firesat_Attack_RWA_10_36.0_50,RWA
519,2025,10,0,12,17,54,1.13173,-0.558732,900203,76.5311,-68.5336,102.0,0.0,0.0,0.0,0.0371441,-0.770548,-0.0563234,-0.633801,0.126794,-0.00124032,0.000162209,-0.991928,-2935220.0,927464.0,6595350.0,6767.19,427.517,2952.95,-0.00154691,-0.000552091,-0.00156176,0.000221519,-0.00195661,0.00084529,0.00214287,519,519,519,50.0,-85.5922,-7.81868,0.00139955,-0.000277599,0.00184324,-0.00312436,-0.000613103,-0.00345296,0,0,0,0,0,0,-1.20565,-0.621669,-1.14313,-2935220.0,927463.0,6595340.0,6768.85,427.137,2952.22,-2935220.0,927464.0,6595350.0,6767.19,427.517,2952.95,7271720.0,0.00091107,98.0417,-179.915,-114.916,-178.855,8,1,1443356274,303474,2386,530322,0.817036,0.182964,110.351,1,0.0,0,0,0,0,0.000221519,-0.00195661,0.00084529,0.00214287,1,0,518.2,0.0028334,0.0627324,0.267662,0.0248324,0.961148,-2.89657e-05,6.71466e-06,2.68983e-05,-2.89657e-05,-6.71466e-06,-2.68983e-05,519,-0.124895,-0.251246,0.00110543,-0.967923,0,0,0,1,0,0,0,0,0,0,1,1,1,519,0.00164248,10_36.0_50,Firesat_Attack_RWA,2025-08-28 20:59:17.074,2025-08-28 20:59:16.944,2071-06-24 12:17:36,-32.01298547890351,64.84335254834065,36.0,50.0,attack_rwa,Firesat_Attack_RWA_10_36.0_50,RWA
520,2025,10,0,12,17,55,1.13269,-0.559593,900206,76.5311,-68.5336,102.0,0.0,0.0,0.0,0.0370195,-0.771138,-0.0559515,-0.633124,0.12683,-0.00124031,0.000162254,-0.991924,-2928430.0,927878.0,6598290.0,6770.22,426.435,2946.23,-0.00240543,-0.000345216,-0.00188697,0.000232056,-0.0019562,0.000845664,0.00214376,520,520,520,50.0,-85.6377,-7.89877,0.00299001,-0.000783808,0.00273938,-0.00471935,-0.000109317,-0.00433082,0,0,0,0,0,0,-1.20635,-0.621328,-1.14224,-2928450.0,927888.0,6598290.0,6771.89,426.169,2945.43,-2928430.0,927878.0,6598290.0,6770.22,426.435,2946.23,7271750.0,0.000907125,98.0417,-179.915,-114.727,-178.987,8,1,1443356275,303475,2386,530331,0.81705,0.18295,111.188,1,0.0,0,0,0,0,0.000232056,-0.0019562,0.000845664,0.00214376,1,0,519.2,0.00196046,0.062417,0.268534,0.0245993,0.960931,-2.89572e-05,6.74398e-06,2.69141e-05,-2.89572e-05,-6.74398e-06,-2.69141e-05,520,-0.124897,-0.252966,0.00185027,-0.967473,0,0,0,1,1,0,0,0,0,0,1,1,1,520,0.00243007,10_36.0_50,Firesat_Attack_RWA,2025-08-28 20:59:17.074,2025-08-28 20:59:16.944,2071-06-24 12:17:37,-32.06231714506428,64.89835649667322,36.0,50.0,attack_rwa,Firesat_Attack_RWA_10_36.0_50,RWA
521,2025,10,0,12,17,56,1.13365,-0.560457,900203,76.5311,-68.5336,102.0,0.0,0.0,0.0,0.0377336,-0.771688,-0.0555316,-0.632448,0.126867,-0.0012403,0.000162299,-0.991919,-2921680.0,928322.0,6601240.0,6773.2,425.573,2939.25,-0.0020289,1.82769e-05,-0.00107735,0.000237496,-0.00197027,0.000833866,0.0021526,521,521,521,50.0,-85.6508,-7.9354,0.00196535,-0.00145656,0.00055613,-0.0036785,0.000574336,-0.00215274,0,0,0,0,0,0,-1.20705,-0.620711,-1.1414,-2921670.0,928311.0,6601230.0,6774.94,425.19,2938.6,-2921680.0,928322.0,6601240.0,6773.2,425.573,2939.25,7271780.0,0.000902049,98.0416,-179.915,-114.915,-178.74,8,1,1443356276,303476,2386,530340,0.817065,0.182935,112.028,1,0.0,0,0,0,0,0.000237496,-0.00197027,0.000833866,0.0021526,1,0,520.2,0.0024054,0.0627611,0.269373,0.0238457,0.960693,-2.89485e-05,6.77349e-06,2.69299e-05,-2.89485e-05,-6.77349e-06,-2.69299e-05,521,-0.124899,-0.254539,0.00168783,-0.967061,0,0,0,1,0,0,0,0,0,0,1,1,1,521,0.00202898,10_36.0_50,Firesat_Attack_RWA,2025-08-28 20:59:17.074,2025-08-28 20:59:16.944,2071-06-24 12:17:38,-32.11182069856358,64.95336044500577,36.0,50.0,attack_rwa,Firesat_Attack_RWA_10_36.0_50,RWA
522,2025,10,0,12,17,57,1.13461,-0.561326,900207,76.5311,-68.5336,102.0,0.0,0.0,0.0,0.0379699,-0.772241,-0.0556923,-0.631744,0.126903,-0.0012403,0.000162344,-0.991914,-2914890.0,928743.0,6604170.0,6776.15,424.588,2932.19,-0.00164817,0.000248499,-0.00174493,0.000231389,-0.00199199,0.000826331,0.00216896,522,522,522,50.0,-85.6458,-7.98592,0.00142161,-0.0016115,0.00218304,-0.00312705,0.000737648,-0.00381204,0,0,0,0,0,0,-1.20776,-0.619557,-1.14068,-2914900.0,928741.0,6604170.0,6777.94,424.266,2931.79,-2914890.0,928743.0,6604170.0,6776.15,424.588,2932.19,7271770.0,0.000903603,98.0417,-179.915,-114.668,-178.929,8,1,1443356277,303477,2386,530350,0.817079,0.182921,112.875,1,0.0,0,0,0,0,0.000231389,-0.00199199,0.000826331,0.00216896,1,0,521.2,0.00187822,0.063047,0.270229,0.0238418,0.960434,-2.89394e-05,6.80261e-06,2.69463e-05,-2.89394e-05,-6.80261e-06,-2.69463e-05,522,-0.124896,-0.256251,0.00114573,-0.96661,0,0,0,0,1,0,0,0,0,0,1,1,1,522,0.00166679,10_36.0_50,Firesat_Attack_RWA,2025-08-28 20:59:17.074,2025-08-28 20:59:16.944,2071-06-24 12:17:39,-32.16161073096045,65.00836439333833,36.0,50.0,attack_rwa,Firesat_Attack_RWA_10_36.0_50,RWA
523,2025,10,0,12,17,58,1.13556,-0.562198,900207,76.5311,-68.5336,102.0,0.0,0.0,0.0,0.0382738,-0.772798,-0.0552308,-0.631085,0.126939,-0.00124029,0.000162389,-0.99191,-2908120.0,929186.0,6607100.0,6779.68,423.687,2925.66,-0.00195561,0.000606541,-0.00136654,0.000231909,-0.00202042,0.000816788,0.00219158,523,523,523,50.0,-85.6256,-8.03253,0.00191622,-0.00188481,0.00100818,-0.00361116,0.00102031,-0.00266538,0,0,0,0,0,0,-1.20849,-0.618707,-1.13985,-2908120.0,929168.0,6607100.0,6780.95,423.33,2924.96,-2908120.0,929186.0,6607100.0,6779.68,423.687,2925.66,7271780.0,0.000902199,98.0418,-179.915,-114.649,-178.889,8,1,1443356278,303478,2386,530359,0.817094,0.182906,113.732,1,0.0,0,0,0,0,0.000231909,-0.00202042,0.000816788,0.00219158,1,0,522.2,0.00204893,0.0630312,0.271063,0.0232894,0.960213,-2.89295e-05,6.83145e-06,2.69633e-05,-2.89295e-05,-6.83145e-06,-2.69633e-05,523,-0.124893,-0.257846,0.00153657,-0.966185,0,0,0,1,1,0,0,0,0,0,1,1,1,523,0.00204751,10_36.0_50,Firesat_Attack_RWA,2025-08-28 20:59:17.074,2025-08-28 20:59:16.944,2071-06-24 12:17:40,-32.21157265069586,65.06279538387575,36.0,50.0,attack_rwa,Firesat_Attack_RWA_10_36.0_50,RWA
524,2025,10,0,12,17,59,1.13652,-0.563074,900208,76.5311,-68.5336,102.0,0.0,0.0,0.0,0.0385311,-0.773562,-0.0551477,-0.630139,0.126975,-0.00124029,0.000162435,-0.991905,-2901350.0,929583.0,6610020.0,6782.22,422.55,2918.92,-0.00184112,0.000231086,-0.00157592,0.000230758,-0.00203122,0.000805799,0.00219737,524,524,524,50.0,-85.6426,-8.07384,0.00196033,-0.00108268,0.00237619,-0.00364035,0.0002293,-0.00404625,0,0,0,0,0,0,-1.20921,-0.61779,-1.139,-2901340.0,929597.0,6610020.0,6783.93,422.408,2918.12,-2901350.0,929583.0,6610020.0,6782.22,422.55,2918.92,7271750.0,0.000906937,98.042,-179.915,-114.594,-178.886,8,1,1443356279,303479,2386,530369,0.817108,0.182892,114.598,1,0.0,0,0,0,0,0.000230758,-0.00203122,0.000805799,0.00219737,1,0,523.2,0.00249292,0.0631943,0.272232,0.0230738,0.959877,-2.89191e-05,6.85995e-06,2.6981e-05,-2.89191e-05,-6.85995e-06,-2.6981e-05,524,-0.124888,-0.260157,0.0013675,-0.965565,0,0,0,1,1,0,0,0,0,0,1,1,1,524,0.00185556,10_36.0_50,Firesat_Attack_RWA,2025-08-28 20:59:17.074,2025-08-28 20:59:16.944,2071-06-24 12:17:41,-32.26176375354931,65.11779933220832,36.0,50.0,attack_rwa,Firesat_Attack_RWA_10_36.0_50,RWA
525,2025,10,0,12,18,0,1.13748,-0.56395,900211,76.5311,-68.5336,102.0,0.0,0.0,0.0,0.0387866,-0.774282,-0.0551071,-0.629243,0.127011,-0.00124028,0.00016248,-0.9919,-2894550.0,930023.0,6612950.0,6785.29,421.802,2911.98,-0.00168366,-3.41562e-06,-0.00187435,0.000228454,-0.00203143,0.000810353,0.002199,525,525,525,50.0,-85.6836,-8.17219,0.00153183,-0.000889829,0.00217923,-0.00322422,3.17583e-05,-0.00385317,0,0,0,0,0,0,-1.20995,-0.616828,-1.13816,-2894560.0,930014.0,6612940.0,6786.89,421.413,2911.3,-2894550.0,930023.0,6612950.0,6785.29,421.802,2911.98,7271700.0,0.000914442,98.0419,-179.915,-114.451,-178.971,8,1,1443356280,303480,2386,530378,0.817123,0.182877,115.465,1,0.0,0,0,0,0,0.000228454,-0.00203143,0.000810353,0.002199,1,0,524.2,0.00235593,0.0633803,0.273336,0.022894,0.959555,-2.89085e-05,6.88834e-06,2.69988e-05,-2.89085e-05,-6.88834e-06,-2.69988e-05,525,-0.124893,-0.262339,0.00113298,-0.964975,0,0,0,1,1,0,0,0,0,0,1,1,1,525,0.00168367,10_36.0_50,Firesat_Attack_RWA,2025-08-28 20:59:17.074,2025-08-28 20:59:16.944,2071-06-24 12:17:42,-32.31195485640277,65.17280328054089,36.0,50.0,attack_rwa,Firesat_Attack_RWA_10_36.0_50,RWA
526,2025,10,0,12,18,1,1.13844,-0.564832,900217,76.5311,-68.5336,102.0,0.0,0.0,0.0,0.0386647,-0.774974,-0.0546781,-0.628435,0.127047,-0.00124027,0.000162525,-0.991896,-2887780.0,930437.0,6615870.0,6788.27,420.712,2905.3,-0.00260403,-6.36887e-05,-0.00203647,0.000242309,-0.0020329,0.000811955,0.00220242,526,526,526,50.0,-85.7226,-8.26066,0.00314052,-0.000996529,0.00259827,-0.00484008,0.000134112,-0.00425032,0,0,0,0,0,0,-1.2107,-0.616666,-1.13712,-2887770.0,930438.0,6615850.0,6789.88,420.476,2904.51,-2887780.0,930437.0,6615870.0,6788.27,420.712,2905.3,7271740.0,0.000909214,98.0419,-179.915,-114.048,-179.316,8,1,1443356281,303481,2386,530388,0.817138,0.182862,116.332,1,0.0,0,0,0,0,0.000242309,-0.0020329,0.000811955,0.00220242,1,0,525.2,0.00230585,0.0630344,0.274366,0.0226125,0.959291,-2.88978e-05,6.91693e-06,2.70166e-05,-2.88978e-05,-6.91693e-06,-2.70166e-05,526,-0.124891,-0.264365,0.0019731,-0.964421,0,0,0,1,1,0,0,0,0,0,1,1,1,526,0.00260481,10_36.0_50,Firesat_Attack_RWA,2025-08-28 20:59:17.074,2025-08-28 20:59:16.944,2071-06-24 12:17:43,-32.36248973393332,65.22780722887343,36.0,50.0,attack_rwa,Firesat_Attack_RWA_10_36.0_50,RWA
527,2025,10,0,12,18,2,1.1394,-0.565716,900224,76.5311,-68.5336,102.0,0.0,0.0,0.0,0.0394119,-0.77565,-0.0544832,-0.627571,0.127084,-0.00124027,0.00016257,-0.991891,-2880970.0,930862.0,6618750.0,6791.07,419.875,2898.5,-0.0018772,-0.000108626,-0.00146579,0.000243333,-0.00203641,0.000803824,0.0022028,527,527,527,50.0,-85.7571,-8.31336,0.00166246,-0.000816432,0.00144063,-0.00335163,-3.81862e-05,-0.00309438,0,0,0,0,0,0,-1.21144,-0.615855,-1.13624,-2880980.0,930859.0,6618760.0,6792.84,419.515,2897.71,-2880970.0,930862.0,6618750.0,6791.07,419.875,2898.5,7271750.0,0.000908739,98.0419,-179.915,-113.627,-179.679,8,1,1443356282,303482,2386,530398,0.817153,0.182847,117.2,1,0.0,0,0,0,0,0.000243333,-0.00203641,0.000803824,0.0022028,1,0,526.2,0.00268476,0.0635346,0.275416,0.0220243,0.958971,-2.8887e-05,6.94575e-06,2.70343e-05,-2.8887e-05,-6.94575e-06,-2.70343e-05,527,-0.124892,-0.266382,0.00141902,-0.963867,0,0,0,1,1,0,0,0,0,0,1,1,1,527,0.00188034,10_36.0_50,Firesat_Attack_RWA,2025-08-28 20:59:17.074,2025-08-28 20:59:16.944,2071-06-24 12:17:44,-32.41313920302288,65.282811177206,36.0,50.0,attack_rwa,Firesat_Attack_RWA_10_36.0_50,RWA
528,2025,10,0,12,18,3,1.14035,-0.566605,900220,76.5311,-68.5336,102.0,0.0,0.0,0.0,0.0396181,-0.77623,-0.0540103,-0.626882,0.12712,-0.00124026,0.000162616,-0.991887,-2874200.0,931276.0,6621650.0,6794.26,418.913,2891.56,-0.00234862,0.000209091,-0.00116169,0.000250287,-0.00204821,0.000787208,0.00220851,528,528,528,50.0,-85.7729,-8.33414,0.00251418,-0.00144615,0.00115501,-0.00417834,0.000607073,-0.00280906,0,0,0,0,0,0,-1.21218,-0.615357,-1.13527,-2874190.0,931279.0,6621650.0,6795.82,418.561,2890.83,-2874200.0,931276.0,6621650.0,6794.26,418.913,2891.56,7271730.0,0.000910973,98.042,-179.915,-113.915,-179.333,8,1,1443356283,303483,2386,530407,0.817168,0.182832,118.07,1,0.0,0,0,0,0,0.000250287,-0.00204821,0.000787208,0.00220851,1,0,527.2,0.00207507,0.0634323,0.276286,0.0215187,0.958739,-2.88761e-05,6.97423e-06,2.70521e-05,-2.88761e-05,-6.97423e-06,-2.70521e-05,528,-0.12489,-0.268053,0.0019511,-0.963402,0,0,0,1,1,0,0,0,0,0,1,1,1,528,0.00235791,10_36.0_50,Firesat_Attack_RWA,2025-08-28 20:59:17.074,2025-08-28 20:59:16.944,2071-06-24 12:17:45,-32.464075151010015,65.33724216774343,36.0,50.0,attack_rwa,Firesat_Attack_RWA_10_36.0_50,RWA
529,2025,10,0,12,18,4,1.14131,-0.567495,900222,76.5311,-68.5336,102.0,0.0,0.0,0.0,0.0396867,-0.776799,-0.0544838,-0.626131,0.127156,-0.00124026,0.000162661,-0.991882,-2867400.0,931696.0,6624530.0,6797.11,417.828,2884.53,-0.00184152,0.000362266,-0.00249183,0.000248232,-0.00206631,0.000798454,0.00222907,529,529,529,50.0,-85.7742,-8.45491,0.0015083,-0.00153054,0.00339157,-0.003199,0.000679822,-0.00506751,0,0,0,0,0,0,-1.21295,-0.614463,-1.1344,-2867400.0,931696.0,6624540.0,6798.74,417.59,2883.98,-2867400.0,931696.0,6624530.0,6797.11,417.828,2884.53,7271640.0,0.000923897,98.0419,-179.915,-113.827,-179.362,8,1,1443356284,303484,2386,530417,0.817183,0.182817,118.946,1,0.0,0,0,0,0,0.000248232,-0.00206631,0.000798454,0.00222907,1,0,528.2,0.00211282,0.0637601,0.277182,0.0218671,0.95845,-2.88647e-05,7.00268e-06,2.70704e-05,-2.88647e-05,-7.00268e-06,-2.70704e-05,529,-0.124891,-0.269893,0.00110013,-0.96289,0,0,0,1,0,0,0,0,0,0,1,1,1,529,0.00187681,10_36.0_50,Firesat_Attack_RWA,2025-08-28 20:59:17.074,2025-08-28 20:59:16.944,2071-06-24 12:17:46,-32.51506839477665,65.392246116076,36.0,50.0,attack_rwa,Firesat_Attack_RWA_10_36.0_50,RWA
530,2025,10,0,12,18,5,1.14227,-0.568389,900218,76.5311,-68.5336,102.0,0.0,0.0,0.0,0.0403677,-0.777528,-0.0540681,-0.625218,0.127192,-0.00124025,0.000162706,-0.991877,-2860600.0,932106.0,6627390.0,6800.26,417.18,2877.98,-0.00149262,0.000208096,-0.00163905,0.00023707,-0.00207678,0.000793972,0.00223598,530,530,530,50.0,-85.7921,-8.52417,0.00110834,-0.00111207,0.00183021,-0.00279627,0.000267462,-0.00353543,0,0,0,0,0,0,-1.21371,-0.613026,-1.13362,-2860600.0,932112.0,6627410.0,6801.68,416.622,2877.09,-2860600.0,932106.0,6627390.0,6800.26,417.18,2877.98,7271560.0,0.000934578,98.0419,-179.915,-114.107,-179.024,8,1,1443356285,303485,2386,530427,0.817199,0.182801,119.828,1,0.0,0,0,0,0,0.00023707,-0.00207678,0.000793972,0.00223598,1,0,529.2,0.00283039,0.0640795,0.278304,0.021136,0.95812,-2.88529e-05,7.03116e-06,2.70891e-05,-2.88529e-05,-7.03116e-06,-2.70891e-05,530,-0.124891,-0.272033,0.000990246,-0.962287,0,0,0,1,1,0,0,0,0,0,1,1,1,530,0.00150705,10_36.0_50,Firesat_Attack_RWA,2025-08-28 20:59:17.074,2025-08-28 20:59:16.944,2071-06-24 12:17:47,-32.56629082166135,65.44725006440854,36.0,50.0,attack_rwa,Firesat_Attack_RWA_10_36.0_50,RWA
531,2025,10,0,12,18,6,1.14322,-0.569287,900212,76.5311,-68.5336,102.0,0.0,0.0,0.0,0.0406065,-0.778261,-0.0538787,-0.624306,0.127228,-0.00124024,0.000162751,-0.991873,-2853790.0,932546.0,6630290.0,6802.82,416.03,2870.91,-0.00154821,-4.74314e-06,-0.00168509,0.000228984,-0.00207769,0.00078757,0.00223371,531,531,531,50.0,-85.8308,-8.58484,0.00122981,-0.0011362,0.00132173,-0.00291033,0.000299188,-0.00304123,0,0,0,0,0,0,-1.21448,-0.611773,-1.13279,-2853800.0,932529.0,6630280.0,6804.63,415.66,2870.2,-2853790.0,932546.0,6630290.0,6802.82,416.03,2870.91,7271520.0,0.000939519,98.042,-179.915,-114.421,-178.652,8,1,1443356286,303486,2386,530437,0.817214,0.182786,120.712,1,0.0,0,0,0,0,0.000228984,-0.00207769,0.00078757,0.00223371,1,0,530.2,0.00241793,0.0641665,0.279427,0.0208439,0.957794,-2.88408e-05,7.05913e-06,2.71081e-05,-2.88408e-05,-7.05913e-06,-2.71081e-05,531,-0.12489,-0.274238,0.00102675,-0.961661,0,0,0,1,1,0,0,0,0,0,1,1,1,531,0.00154822,10_36.0_50,Firesat_Attack_RWA,2025-08-28 20:59:17.074,2025-08-28 20:59:16.944,2071-06-24 12:17:48,-32.6177424316641,65.50168105494596,36.0,50.0,attack_rwa,Firesat_Attack_RWA_10_36.0_50,RWA
532,2025,10,0,12,18,7,1.14418,-0.570191,900221,76.5311,-68.5336,102.0,0.0,0.0,0.0,0.0408172,-0.77882,-0.0536106,-0.623618,0.127264,-0.00124024,0.000162796,-0.991868,-2846990.0,932955.0,6633170.0,6806.01,414.79,2864.53,-0.00175196,0.000367584,-0.00166229,0.000225956,-0.00209521,0.000775444,0.0022455,532,532,532,50.0,-85.8336,-8.62581,0.00182435,-0.00165695,0.00175426,-0.00348897,0.000832556,-0.00349668,0,0,0,0,0,0,-1.21526,-0.610762,-1.13192,-2846990.0,932952.0,6633150.0,6807.58,414.752,2863.4,-2846990.0,932955.0,6633170.0,6806.01,414.79,2864.53,7271590.0,0.000930554,98.0422,-179.914,-113.886,-179.129,8,1,1443356287,303487,2386,530447,0.81723,0.18277,121.599,1,0.0,0,0,0,0,0.000225956,-0.00209521,0.000775444,0.0022455,1,0,531.2,0.00190031,0.0641853,0.28028,0.0205034,0.957551,-2.88285e-05,7.08668e-06,2.71272e-05,-2.88285e-05,-7.08668e-06,-2.71272e-05,532,-0.124885,-0.275896,0.00122496,-0.961187,0,0,0,1,1,0,0,0,0,0,1,1,1,532,0.00179011,10_36.0_50,Firesat_Attack_RWA,2025-08-28 20:59:17.074,2025-08-28 20:59:16.944,2071-06-24 12:17:49,-32.669537816343926,65.55668500327853,36.0,50.0,attack_rwa,Firesat_Attack_RWA_10_36.0_50,RWA
533,2025,10,0,12,18,8,1.14514,-0.571096,900225,76.5311,-68.5336,102.0,0.0,0.0,0.0,0.0409642,-0.779474,-0.0535812,-0.622794,0.127301,-0.00124023,0.000162842,-0.991863,-2840190.0,933353.0,6636000.0,6809.06,414.054,2857.18,-0.0017553,0.000390462,-0.00207782,0.00022577,-0.00211189,0.000775626,0.00226112,533,533,533,50.0,-85.8367,-8.71184,0.00195743,-0.00133071,0.00288008,-0.0036286,0.000505767,-0.0046398,0,0,0,0,0,0,-1.21605,-0.609919,-1.13098,-2840180.0,933366.0,6636020.0,6810.49,413.783,2856.56,-2840190.0,933353.0,6636000.0,6809.06,414.054,2857.18,7271570.0,0.000933692,98.0421,-179.914,-113.686,-179.27,8,1,1443356288,303488,2386,530457,0.817245,0.182755,122.493,1,0.0,0,0,0,0,0.00022577,-0.00211189,0.000775626,0.00226112,1,0,532.2,0.00212466,0.0642888,0.281288,0.020395,0.95725,-2.88158e-05,7.11401e-06,2.71469e-05,-2.88158e-05,-7.11401e-06,-2.71469e-05,533,-0.124886,-0.277895,0.00110826,-0.960611,0,0,0,1,1,0,0,0,0,0,1,1,1,533,0.0017982,10_36.0_50,Firesat_Attack_RWA,2025-08-28 20:59:17.074,2025-08-28 20:59:16.944,2071-06-24 12:17:50,-32.72139049680327,65.6116889516111,36.0,50.0,attack_rwa,Firesat_Attack_RWA_10_36.0_50,RWA
534,2025,10,0,12,18,9,1.14609,-0.572002,900217,76.5311,-68.5336,102.0,0.0,0.0,0.0,0.0411512,-0.780059,-0.0532366,-0.622077,0.127337,-0.00124023,0.000162887,-0.991859,-2833370.0,933759.0,6638860.0,6811.78,413.049,2850.53,-0.00209835,0.000701596,-0.00197486,0.000233194,-0.00213238,0.00077788,0.00228178,534,534,534,50.0,-85.832,-8.8075,0.00249425,-0.00185484,0.00254818,-0.00417639,0.00102585,-0.00431637,0,0,0,0,0,0,-1.21686,-0.609449,-1.12991,-2833370.0,933772.0,6638860.0,6813.42,412.768,2849.65,-2833370.0,933759.0,6638860.0,6811.78,413.049,2850.53,7271500.0,0.000943161,98.042,-179.915,-114.166,-178.732,8,1,1443356289,303489,2386,530468,0.817261,0.182739,123.393,1,0.0,0,0,0,0,0.000233194,-0.00213238,0.00077788,0.00228178,1,0,533.2,0.0020097,0.0642444,0.282178,0.0200055,0.956999,-2.88025e-05,7.1415e-06,2.71671e-05,-2.88025e-05,-7.1415e-06,-2.71671e-05,534,-0.124891,-0.27962,0.00146157,-0.96011,0,0,0,1,1,0,0,0,0,0,1,1,1,534,0.00221254,10_36.0_50,Firesat_Attack_RWA,2025-08-28 20:59:17.074,2025-08-28 20:59:16.944,2071-06-24 12:17:51,-32.77330047304211,65.66611994214853,36.0,50.0,attack_rwa,Firesat_Attack_RWA_10_36.0_50,RWA
535,2025,10,0,12,18,10,1.14705,-0.572913,900215,76.5311,-68.5336,102.0,0.0,0.0,0.0,0.0418275,-0.780792,-0.0529854,-0.621133,0.127373,-0.00124022,0.000162932,-0.991854,-2826550.0,934178.0,6641720.0,6814.75,412.634,2843.61,-0.00154891,0.000532266,-0.00136733,0.000229863,-0.00214694,0.000766213,0.00229113,535,535,535,50.0,-85.8395,-8.85348,0.00138908,-0.00148728,0.00111594,-0.00305607,0.000670485,-0.00290451,0,0,0,0,0,0,-1.21768,-0.608423,-1.12895,-2826560.0,934178.0,6641710.0,6816.35,411.764,2842.78,-2826550.0,934178.0,6641720.0,6814.75,412.634,2843.61,7271500.0,0.000941943,98.0418,-179.915,-114.218,-178.622,8,1,1443356290,303490,2386,530478,0.817277,0.182723,124.302,1,0.0,0,0,0,0,0.000229863,-0.00214694,0.000766213,0.00229113,1,0,534.2,0.00279193,0.0646543,0.28332,0.0194118,0.956647,-2.87886e-05,7.16898e-06,2.71877e-05,-2.87886e-05,-7.16898e-06,-2.71877e-05,535,-0.124896,-0.281818,0.00110032,-0.959467,0,0,0,1,1,0,0,0,0,0,1,1,1,535,0.00163781,10_36.0_50,Firesat_Attack_RWA,2025-08-28 20:59:17.074,2025-08-28 20:59:16.944,2071-06-24 12:17:52,-32.82549692817853,65.72112389048107,36.0,50.0,attack_rwa,Firesat_Attack_RWA_10_36.0_50,RWA
536,2025,10,0,12,18,11,1.148,-0.573828,900221,76.5311,-68.5336,102.0,0.0,0.0,0.0,0.0418941,-0.78128,-0.0529424,-0.620518,0.127409,-0.00124021,0.000162977,-0.991849,-2819750.0,934593.0,6644570.0,6817.86,410.994,2836.48,-0.0017043,0.00111046,-0.00188118,0.000227436,-0.00217679,0.000759826,0.00231678,536,536,536,50.0,-85.814,-8.91793,0.00172446,-0.00223415,0.00201451,-0.00338788,0.00142396,-0.00383768,0,0,0,0,0,0,-1.21853,-0.607477,-1.12797,-2819740.0,934590.0,6644550.0,6819.27,410.803,2835.95,-2819750.0,934593.0,6644570.0,6817.86,410.994,2836.48,7271530.0,0.000938975,98.0418,-179.915,-113.904,-178.878,8,1,1443356291,303491,2386,530488,0.817293,0.182707,125.218,1,0.0,0,0,0,0,0.000227436,-0.00217679,0.000759826,0.00231678,1,0,535.2,0.00157826,0.0646841,0.284073,0.0193384,0.956423,-2.87742e-05,7.196e-06,2.72089e-05,-2.87742e-05,-7.196e-06,-2.72089e-05,536,-0.124896,-0.283311,0.00110025,-0.959027,0,0,0,1,1,0,0,0,0,0,1,1,1,536,0.00203415,10_36.0_50,Firesat_Attack_RWA,2025-08-28 20:59:17.074,2025-08-28 20:59:16.944,2071-06-24 12:17:53,-32.877922566433,65.77555488101851,36.0,50.0,attack_rwa,Firesat_Attack_RWA_10_36.0_50,RWA
537,2025,10,0,12,18,12,1.14896,-0.574747,900225,76.5311,-68.5336,102.0,0.0,0.0,0.0,0.0422314,-0.782144,-0.052672,-0.619429,0.127445,-0.00124021,0.000163023,-0.991845,-2812910.0,934988.0,6647380.0,6820.1,410.466,2829.7,-0.00170157,0.00053805,-0.00161954,0.000226137,-0.00218498,0.000749357,0.00232095,537,537,537,50.0,-85.8338,-8.97023,0.00190891,-0.000976303,0.00207441,-0.00355874,0.000176706,-0.00390801,0,0,0,0,0,0,-1.21937,-0.606565,-1.12692,-2812920.0,935000.0,6647390.0,6822.15,409.834,2829.11,-2812910.0,934988.0,6647380.0,6820.1,410.466,2829.7,7271520.0,0.000940895,98.0418,-179.915,-113.643,-179.081,8,1,1443356292,303492,2386,530499,0.817309,0.182691,126.143,1,0.0,0,0,0,0,0.000226137,-0.00218498,0.000749357,0.00232095,1,0,536.2,0.00291238,0.0648054,0.285405,0.0189235,0.956026,-2.87592e-05,7.22278e-06,2.72307e-05,-2.87592e-05,-7.22278e-06,-2.72307e-05,537,-0.124897,-0.285914,0.00116695,-0.958255,0,0,0,1,1,0,0,0,0,0,1,1,1,537,0.00178461,10_36.0_50,Firesat_Attack_RWA,2025-08-28 20:59:17.074,2025-08-28 20:59:16.944,2071-06-24 12:17:54,-32.93057738780553,65.83055882935106,36.0,50.0,attack_rwa,Firesat_Attack_RWA_10_36.0_50,RWA
538,2025,10,0,12,18,13,1.14991,-0.57567,900218,76.5311,-68.5336,102.0,0.0,0.0,0.0,0.0423329,-0.783015,-0.0527824,-0.618312,0.127481,-0.0012402,0.000163068,-0.99184,-2806080.0,935412.0,6650220.0,6823.25,409.299,2822.68,-0.00159785,-0.000135417,-0.00224613,0.000224568,-0.00216734,0.000755622,0.00230625,538,538,538,50.0,-85.9111,-9.08198,0.0015882,-0.000340163,0.00264328,-0.00325178,-0.000466,-0.00446118,0,0,0,0,0,0,-1.22021,-0.605673,-1.12589,-2806090.0,935406.0,6650210.0,6825.11,408.84,2822.21,-2806080.0,935412.0,6650220.0,6823.25,409.299,2822.68,7271570.0,0.000932926,98.0417,-179.915,-114.008,-178.658,8,1,1443356293,303493,2386,530509,0.817325,0.182675,127.065,1,0.0,0,0,0,0,0.000224568,-0.00216734,0.000755622,0.00230625,1,0,537.2,0.00284759,0.0649519,0.286759,0.0189557,0.95561,-2.87443e-05,7.24942e-06,2.72524e-05,-2.87443e-05,-7.24942e-06,-2.72524e-05,538,-0.1249,-0.288619,0.000881754,-0.957444,0,0,0,1,1,0,0,0,0,0,1,1,1,538,0.00160357,10_36.0_50,Firesat_Attack_RWA,2025-08-28 20:59:17.074,2025-08-28 20:59:16.944,2071-06-24 12:17:55,-32.9834613922961,65.88498981988849,36.0,50.0,attack_rwa,Firesat_Attack_RWA_10_36.0_50,RWA
539,2025,10,0,12,18,14,1.15087,-0.576598,900218,76.5311,-68.5336,102.0,0.0,0.0,0.0,0.0425603,-0.783566,-0.0523325,-0.617636,0.127518,-0.0012402,0.000163113,-0.991836,-2799270.0,935824.0,6653030.0,6826.22,408.271,2815.98,-0.00200503,0.000349611,-0.00189347,0.00022947,-0.00217264,0.000751394,0.00231033,539,539,539,50.0,-85.9403,-9.15729,0.00229733,-0.00131105,0.00189153,-0.00395845,0.000507917,-0.00370649,0,0,0,0,0,0,-1.22106,-0.605068,-1.12482,-2799260.0,935818.0,6653030.0,6828.04,407.899,2815.34,-2799270.0,935824.0,6653030.0,6826.22,408.271,2815.98,7271640.0,0.000923749,98.0418,-179.915,-113.993,-178.614,8,1,1443356294,303494,2386,530520,0.817342,0.182658,127.983,1,0.0,0,0,0,0,0.00022947,-0.00217264,0.000751394,0.00231033,1,0,538.2,0.00201582,0.06488,0.287599,0.0184567,0.955373,-2.87296e-05,7.27616e-06,2.72738e-05,-2.87296e-05,-7.27616e-06,-2.72738e-05,539,-0.124897,-0.290225,0.00136878,-0.956958,0,0,0,1,1,0,0,0,0,0,1,1,1,539,0.00203529,10_36.0_50,Firesat_Attack_RWA,2025-08-28 20:59:17.074,2025-08-28 20:59:16.944,2071-06-24 12:17:56,-33.03663187568424,65.93999376822106,36.0,50.0,attack_rwa,Firesat_Attack_RWA_10_36.0_50,RWA
540,2025,10,0,12,18,15,1.15182,-0.577528,900219,76.5311,-68.5336,102.0,0.0,0.0,0.0,0.0429131,-0.784359,-0.0519196,-0.616639,0.127554,-0.00124019,0.000163158,-0.991831,-2792440.0,936226.0,6655850.0,6828.99,407.479,2809.46,-0.00215723,5.43844e-05,-0.00138617,0.00023821,-0.00217215,0.000735441,0.00230562,540,540,540,50.0,-85.9799,-9.18855,0.00250541,-0.0010338,0.00131152,-0.00414169,0.000245043,-0.00311115,0,0,0,0,0,0,-1.22188,-0.604672,-1.12365,-2792430.0,936228.0,6655840.0,6830.9,406.947,2808.46,-2792440.0,936226.0,6655850.0,6828.99,407.479,2809.46,7271590.0,0.000930505,98.0419,-179.915,-113.924,-178.625,8,1,1443356295,303495,2386,530531,0.817358,0.182642,128.902,1,0.0,0,0,0,0,0.00023821,-0.00217215,0.000735441,0.00230562,1,0,539.2,0.00276814,0.0649322,0.288819,0.0179161,0.955011,-2.87147e-05,7.3028e-06,2.72952e-05,-2.87147e-05,-7.3028e-06,-2.72952e-05,540,-0.124895,-0.292584,0.0016572,-0.956238,0,0,0,1,1,0,0,0,0,0,1,1,1,540,0.00215791,10_36.0_50,Firesat_Attack_RWA,2025-08-28 20:59:17.074,2025-08-28 20:59:16.944,2071-06-24 12:17:57,-33.08991695063141,65.99442475875848,36.0,50.0,attack_rwa,Firesat_Attack_RWA_10_36.0_50,RWA
541,2025,10,0,12,18,16,1.15278,-0.578462,900225,76.5311,-68.5336,102.0,0.0,0.0,0.0,0.0433394,-0.784837,-0.0519907,-0.615994,0.12759,-0.00124018,0.000163203,-0.991826,-2785620.0,936636.0,6658650.0,6832.09,406.692,2802.55,-0.00160718,0.000673947,-0.00161106,0.000235861,-0.00219369,0.00072606,0.00232273,541,541,541,50.0,-85.9718,-9.24233,0.00144071,-0.00193011,0.00173251,-0.00306708,0.00115103,-0.00355807,0,0,0,0,0,0,-1.22274,-0.603746,-1.12265,-2785610.0,936634.0,6658650.0,6833.74,405.977,2801.6,-2785620.0,936636.0,6658650.0,6832.09,406.692,2802.55,7271550.0,0.000936533,98.0418,-179.915,-113.616,-178.875,8,1,1443356296,303496,2386,530542,0.817375,0.182625,129.824,1,0.0,0,0,0,0,0.000235861,-0.00219369,0.00072606,0.00232273,1,0,540.2,0.00182445,0.0653222,0.289581,0.0177298,0.954757,-2.86997e-05,7.32917e-06,2.73168e-05,-2.86997e-05,-7.32917e-06,-2.73168e-05,541,-0.124896,-0.294079,0.00106165,-0.955781,0,0,0,1,1,0,0,0,0,0,1,1,1,541,0.00174276,10_36.0_50,Firesat_Attack_RWA,2025-08-28 20:59:17.074,2025-08-28 20:59:16.944,2071-06-24 12:17:58,-33.143431208696626,66.04942870709104,36.0,50.0,attack_rwa,Firesat_Attack_RWA_10_36.0_50,RWA
542,2025,10,0,12,18,17,1.15373,-0.579399,900229,76.5311,-68.5336,102.0,0.0,0.0,0.0,0.04364,-0.78564,-0.0520481,-0.614945,0.127626,-0.00124018,0.000163249,-0.991822,-2778800.0,937054.0,6661460.0,6835.04,405.175,2795.51,-0.00125762,0.000256457,-0.00189072,0.00022478,-0.00220035,0.000722817,0.00232691,542,542,542,50.0,-85.9939,-9.32053,0.000901513,-0.00125594,0.00197632,-0.00252737,0.000481855,-0.00382712,0,0,0,0,0,0,-1.22357,-0.602368,-1.12172,-2778780.0,937042.0,6661450.0,6836.57,405.028,2794.72,-2778800.0,937054.0,6661460.0,6835.04,405.175,2795.51,7271470.0,0.000949036,98.0419,-179.915,-113.427,-179.006,8,1,1443356297,303497,2386,530552,0.817391,0.182609,130.753,1,0.0,0,0,0,0,0.00022478,-0.00220035,0.000722817,0.00232691,1,0,541.2,0.00271206,0.0656013,0.290841,0.0176044,0.954358,-2.86842e-05,7.35514e-06,2.73389e-05,-2.86842e-05,-7.35514e-06,-2.73389e-05,542,-0.124894,-0.296572,0.000640024,-0.95501,0,0,0,1,1,0,0,0,0,0,1,1,1,542,0.0012835,10_36.0_50,Firesat_Attack_RWA,2025-08-28 20:59:17.074,2025-08-28 20:59:16.944,2071-06-24 12:17:59,-33.197117354100385,66.10385969762847,36.0,50.0,attack_rwa,Firesat_Attack_RWA_10_36.0_50,RWA
543,2025,10,0,12,18,18,1.15468,-0.580342,900235,76.5311,-68.5336,102.0,0.0,0.0,0.0,0.043837,-0.786303,-0.0514669,-0.614132,0.127662,-0.00124017,0.000163294,-0.991817,-2771940.0,937468.0,6664230.0,6837.68,404.484,2789.02,-0.00186595,0.000439955,-0.0013186,0.000226292,-0.00221209,0.000706752,0.00233325,543,543,543,50.0,-86.0059,-9.35415,0.00213244,-0.00145618,0.00111595,-0.00373503,0.000697919,-0.00297612,0,0,0,0,0,0,-1.22442,-0.601597,-1.12064,-2771950.0,937454.0,6664240.0,6839.39,404.109,2787.85,-2771940.0,937468.0,6664230.0,6837.68,404.484,2789.02,7271410.0,0.000957241,98.0421,-179.914,-113.126,-179.248,8,1,1443356298,303498,2386,530563,0.817408,0.182592,131.684,1,0.0,0,0,0,0,0.000226292,-0.00221209,0.000706752,0.00233325,1,0,542.2,0.00243082,0.0654294,0.29185,0.0170153,0.954072,-2.86685e-05,7.3807e-06,2.73612e-05,-2.86685e-05,-7.3807e-06,-2.73612e-05,543,-0.124888,-0.298501,0.00138688,-0.954408,0,0,0,1,1,0,0,0,0,0,1,1,1,543,0.00191711,10_36.0_50,Firesat_Attack_RWA,2025-08-28 20:59:17.074,2025-08-28 20:59:16.944,2071-06-24 12:18:00,-33.25114727418122,66.15829068816589,36.0,50.0,attack_rwa,Firesat_Attack_RWA_10_36.0_50,RWA
544,2025,10,0,12,18,19,1.15564,-0.58129,900229,76.5311,-68.5336,102.0,0.0,0.0,0.0,0.0439857,-0.787005,-0.0511869,-0.613244,0.127698,-0.00124017,0.000163339,-0.991812,-2765100.0,937863.0,6667030.0,6840.5,403.236,2781.56,-0.00217757,0.000433715,-0.00126812,0.000237038,-0.0022219,0.000690418,0.00233874,544,544,544,50.0,-86.0207,-9.38513,0.00267675,-0.00156879,0.00164014,-0.00425524,0.000824879,-0.00349224,0,0,0,0,0,0,-1.22527,-0.60133,-1.11941,-2765100.0,937864.0,6667020.0,6842.28,403.181,2780.93,-2765100.0,937863.0,6667030.0,6840.5,403.236,2781.56,7271440.0,0.000953011,98.0423,-179.914,-113.395,-178.921,8,1,1443356299,303499,2386,530574,0.817425,0.182575,132.619,1,0.0,0,0,0,0,0.000237038,-0.0022219,0.000690418,0.00233874,1,0,543.2,0.00235162,0.0653906,0.292935,0.0167007,0.953748,-2.86525e-05,7.40593e-06,2.73838e-05,-2.86525e-05,-7.40593e-06,-2.73838e-05,544,-0.124883,-0.300617,0.00169523,-0.953743,0,0,0,1,1,0,0,0,0,0,1,1,1,544,0.00222035,10_36.0_50,Firesat_Attack_RWA,2025-08-28 20:59:17.074,2025-08-28 20:59:16.944,2071-06-24 12:18:01,-33.30546367315962,66.21329463649846,36.0,50.0,attack_rwa,Firesat_Attack_RWA_10_36.0_50,RWA
545,2025,10,0,12,18,20,1.15659,-0.582238,900230,76.5311,-68.5336,102.0,0.0,0.0,0.0,0.0442714,-0.787866,-0.0513249,-0.612105,0.127734,-0.00124016,0.000163384,-0.991808,-2758240.0,938259.0,6669810.0,6843.38,402.503,2774.79,-0.00175436,-0.000171599,-0.00167601,0.000239733,-0.00221464,0.000688314,0.00233149,545,545,545,50.0,-86.0721,-9.4672,0.00183512,-0.000742386,0.00258557,-0.00341324,-3.0256e-07,-0.00442551,0,0,0,0,0,0,-1.2261,-0.600679,-1.11826,-2758260.0,938265.0,6669800.0,6845.17,402.203,2774.05,-2758240.0,938259.0,6669810.0,6843.38,402.503,2774.79,7271500.0,0.000943726,98.0422,-179.914,-113.343,-178.914,8,1,1443356300,303500,2386,530585,0.817442,0.182558,133.555,1,0.0,0,0,0,0,0.000239733,-0.00221464,0.000688314,0.00233149,1,0,544.2,0.00292519,0.0657038,0.294294,0.0166499,0.953309,-2.86365e-05,7.43111e-06,2.74063e-05,-2.86365e-05,-7.43111e-06,-2.74063e-05,545,-0.124885,-0.303316,0.00116353,-0.952889,0,0,0,1,1,0,0,0,0,0,1,1,1,545,0.00176273,10_36.0_50,Firesat_Attack_RWA,2025-08-28 20:59:17.074,2025-08-28 20:59:16.944,2071-06-24 12:18:02,-33.35978007213803,66.26772562703589,36.0,50.0,attack_rwa,Firesat_Attack_RWA_10_36.0_50,RWA
546,2025,10,0,12,18,21,1.15754,-0.583191,900229,76.5311,-68.5336,102.0,0.0,0.0,0.0,0.0443594,-0.78842,-0.0512816,-0.611389,0.127771,-0.00124016,0.00016343,-0.991803,-2751400.0,938659.0,6672590.0,6846.22,401.524,2767.93,-0.00188259,0.000274495,-0.00210979,0.000242632,-0.00222426,0.000697578,0.00234367,546,546,546,50.0,-86.0886,-9.59157,0.00198603,-0.00169577,0.00306633,-0.00358717,0.00094254,-0.00491114,0,0,0,0,0,0,-1.22696,-0.600035,-1.11715,-2751400.0,938664.0,6672580.0,6848.06,401.212,2767.17,-2751400.0,938659.0,6672590.0,6846.22,401.524,2767.93,7271600.0,0.000930413,98.0421,-179.914,-113.324,-178.875,8,1,1443356301,303501,2386,530597,0.81746,0.18254,134.489,1,0.0,0,0,0,0,0.000242632,-0.00222426,0.000697578,0.00234367,1,0,545.2,0.00181929,0.065751,0.295157,0.0165639,0.95304,-2.86205e-05,7.45645e-06,2.74288e-05,-2.86205e-05,-7.45645e-06,-2.74288e-05,546,-0.124888,-0.305023,0.00114899,-0.952344,0,0,0,1,1,0,0,0,0,0,1,1,1,546,0.0019025,10_36.0_50,Firesat_Attack_RWA,2025-08-28 20:59:17.074,2025-08-28 20:59:16.944,2071-06-24 12:18:03,-33.414382950013994,66.32215661757331,36.0,50.0,attack_rwa,Firesat_Attack_RWA_10_36.0_50,RWA
547,2025,10,0,12,18,22,1.1585,-0.584146,900230,76.5311,-68.5336,102.0,0.0,0.0,0.0,0.0446897,-0.789056,-0.0508035,-0.610584,0.127807,-0.00124015,0.000163475,-0.991798,-2744550.0,939043.0,6675320.0,6848.73,400.553,2761.05,-0.00215878,0.00055039,-0.00154101,0.000250183,-0.00224616,0.000693327,0.00236401,547,547,547,50.0,-86.0773,-9.66879,0.00249941,-0.00177904,0.00226211,-0.00410057,0.00102825,-0.00411666,0,0,0,0,0,0,-1.22782,-0.599602,-1.11593,-2744550.0,939060.0,6675340.0,6850.89,400.211,2760.29,-2744550.0,939043.0,6675320.0,6848.73,400.553,2761.05,7271590.0,0.000931526,98.042,-179.915,-113.247,-178.894,8,1,1443356302,303502,2386,530608,0.817477,0.182523,135.429,1,0.0,0,0,0,0,0.000250183,-0.00224616,0.000693327,0.00236401,1,0,546.2,0.00235962,0.0657473,0.29614,0.0159829,0.952745,-2.86039e-05,7.48203e-06,2.74517e-05,-2.86039e-05,-7.48203e-06,-2.74517e-05,547,-0.124892,-0.306899,0.00158108,-0.951741,0,0,0,1,1,0,0,0,0,0,1,1,1,547,0.00222784,10_36.0_50,Firesat_Attack_RWA,2025-08-28 20:59:17.074,2025-08-28 20:59:16.944,2071-06-24 12:18:04,-33.46910041944899,66.37716056590588,36.0,50.0,attack_rwa,Firesat_Attack_RWA_10_36.0_50,RWA
548,2025,10,0,12,18,23,1.15945,-0.585104,900225,76.5311,-68.5336,102.0,0.0,0.0,0.0,0.0450408,-0.78971,-0.0507899,-0.609713,0.127843,-0.00124014,0.00016352,-0.991794,-2737730.0,939466.0,6678100.0,6851.75,399.932,2754.33,-0.00183053,0.00066813,-0.00167006,0.000251869,-0.00226567,0.000691953,0.00238233,548,548,548,50.0,-86.0706,-9.75511,0.00155604,-0.00203184,0.00165507,-0.00316218,0.00128168,-0.00352671,0,0,0,0,0,0,-1.2287,-0.59891,-1.11476,-2737710.0,939454.0,6678090.0,6853.7,399.201,2753.34,-2737730.0,939466.0,6678100.0,6851.75,399.932,2754.33,7271500.0,0.000943827,98.0419,-179.915,-113.602,-178.481,8,1,1443356303,303503,2386,530619,0.817494,0.182506,136.378,1,0.0,0,0,0,0,0.000251869,-0.00226567,0.000691953,0.00238233,1,0,547.2,0.00228849,0.0660271,0.297176,0.0157704,0.952407,-2.85867e-05,7.50765e-06,2.74751e-05,-2.85867e-05,-7.50765e-06,-2.74751e-05,548,-0.124896,-0.30893,0.00122434,-0.951084,0,0,0,1,1,0,0,0,0,0,1,1,1,548,0.00194865,10_36.0_50,Firesat_Attack_RWA,2025-08-28 20:59:17.074,2025-08-28 20:59:16.944,2071-06-24 12:18:05,-33.523989776222514,66.43159155644331,36.0,50.0,attack_rwa,Firesat_Attack_RWA_10_36.0_50,RWA
549,2025,10,0,12,18,24,1.1604,-0.586069,900234,76.5311,-68.5336,102.0,0.0,0.0,0.0,0.0452333,-0.790412,-0.0506865,-0.608797,0.127879,-0.00124014,0.000163565,-0.991789,-2730860.0,939864.0,6680860.0,6854.61,398.876,2747.05,-0.0018566,0.000664154,-0.00181827,0.000249969,-0.00228486,0.000685849,0.00239863,549,549,549,50.0,-86.0644,-9.82572,0.00173706,-0.0018563,0.00220425,-0.00333955,0.00111233,-0.00409867,0,0,0,0,0,0,-1.2296,-0.598027,-1.11361,-2730860.0,939859.0,6680850.0,6856.46,398.27,2746.47,-2730860.0,939864.0,6680860.0,6854.61,398.876,2747.05,7271420.0,0.000955395,98.042,-179.915,-113.079,-178.946,8,1,1443356304,303504,2386,530631,0.817512,0.182488,137.334,1,0.0,0,0,0,0,0.000249969,-0.00228486,0.000685849,0.00239863,1,0,548.2,0.0023494,0.0661255,0.298276,0.0155752,0.952059,-2.85689e-05,7.53312e-06,2.7499e-05,-2.85689e-05,-7.53312e-06,-2.7499e-05,549,-0.124892,-0.311092,0.00119806,-0.950379,0,0,0,1,1,0,0,0,0,0,1,1,1,549,0.00197181,10_36.0_50,Firesat_Attack_RWA,2025-08-28 20:59:17.074,2025-08-28 20:59:16.944,2071-06-24 12:18:06,-33.57928020345264,66.48602254698073,36.0,50.0,attack_rwa,Firesat_Attack_RWA_10_36.0_50,RWA
550,2025,10,0,12,18,25,1.16135,-0.587037,900240,76.5311,-68.5336,102.0,0.0,0.0,0.0,0.0454913,-0.791335,-0.0504659,-0.607596,0.127915,-0.00124013,0.00016361,-0.991784,-2724030.0,940261.0,6683610.0,6857.44,397.55,2740.11,-0.00191622,-3.06556e-05,-0.00165477,0.000250691,-0.00227939,0.000679578,0.00239171,550,550,550,50.0,-86.1114,-9.89618,0.00185511,-0.000784571,0.00192174,-0.00345003,4.6448e-05,-0.00380914,0,0,0,0,0,0,-1.23048,-0.597281,-1.1124,-2724010.0,940259.0,6683600.0,6859.25,397.317,2739.59,-2724030.0,940261.0,6683610.0,6857.44,397.55,2740.11,7271410.0,0.000958819,98.0421,-179.914,-112.757,-179.21,8,1,1443356305,303505,2386,530642,0.81753,0.18247,138.293,1,0.0,0,0,0,0,0.000250691,-0.00227939,0.000679578,0.00239171,1,0,549.2,0.00310471,0.0662104,0.299721,0.0152465,0.951604,-2.85509e-05,7.5584e-06,2.75232e-05,-2.85509e-05,-7.5584e-06,-2.75232e-05,550,-0.12489,-0.313918,0.00129993,-0.949449,0,0,0,1,1,0,0,0,0,0,1,1,1,550,0.00191647,10_36.0_50,Firesat_Attack_RWA,2025-08-28 20:59:17.074,2025-08-28 20:59:16.944,2071-06-24 12:18:07,-33.63474251802131,66.54045353751816,36.0,50.0,attack_rwa,Firesat_Attack_RWA_10_36.0_50,RWA
551,2025,10,0,12,18,26,1.1623,-0.588009,900249,76.5311,-68.5336,102.0,0.0,0.0,0.0,0.0457066,-0.791638,-0.050452,-0.607186,0.127951,-0.00124013,0.000163656,-0.99178,-2717160.0,940662.0,6686340.0,6860.42,396.752,2733.32,-0.00181485,0.00126626,-0.0020035,0.00024968,-0.00231494,0.00067971,0.00242555,551,551,551,50.0,-86.0713,-9.98986,0.00169328,-0.00283982,0.00255559,-0.00329865,0.0021013,-0.00448115,0,0,0,0,0,0,-1.23143,-0.596462,-1.11126,-2717160.0,940658.0,6686340.0,6861.98,396.356,2732.71,-2717160.0,940662.0,6686340.0,6860.42,396.752,2733.32,7271300.0,0.000974794,98.0421,-179.914,-112.342,-179.566,8,1,1443356306,303506,2386,530654,0.817547,0.182453,139.255,1,0.0,0,0,0,0,0.00024968,-0.00231494,0.00067971,0.00242555,1,0,550.2,0.0011072,0.0663787,0.300205,0.0151117,0.951443,-2.85325e-05,7.58356e-06,2.75476e-05,-2.85325e-05,-7.58356e-06,-2.75476e-05,551,-0.124889,-0.314861,0.00109015,-0.949137,0,0,0,1,1,0,0,0,0,0,1,1,1,551,0.00221294,10_36.0_50,Firesat_Attack_RWA,2025-08-28 20:59:17.074,2025-08-28 20:59:16.944,2071-06-24 12:18:08,-33.69043401570802,66.59488452805559,36.0,50.0,attack_rwa,Firesat_Attack_RWA_10_36.0_50,RWA
552,2025,10,0,12,18,27,1.16325,-0.588986,900250,76.5311,-68.5336,102.0,0.0,0.0,0.0,0.0459599,-0.792533,-0.0507198,-0.605976,0.127988,-0.00124012,0.000163701,-0.991775,-2710290.0,941068.0,6689080.0,6862.99,395.688,2726.55,-0.00128815,0.000567117,-0.00261471,0.000238077,-0.00232768,0.000691876,0.00243997,552,552,552,50.0,-86.0774,-10.1297,0.000815863,-0.00153484,0.00326087,-0.00245058,0.000785674,-0.0052188,0,0,0,0,0,0,-1.23235,-0.595107,-1.11016,-2710290.0,941057.0,6689070.0,6864.8,395.407,2725.81,-2710290.0,941068.0,6689080.0,6862.99,395.688,2726.55,7271330.0,0.000970389,98.0422,-179.914,-112.26,-179.59,8,1,1443356307,303507,2386,530665,0.817565,0.182435,140.23,1,0.0,0,0,0,0,0.000238077,-0.00232768,0.000691876,0.00243997,1,0,551.2,0.00309848,0.0667398,0.301631,0.0151857,0.950965,-2.85133e-05,7.60873e-06,2.75729e-05,-2.85133e-05,-7.60873e-06,-2.75729e-05,552,-0.124887,-0.317708,0.000389872,-0.948188,0,0,0,1,1,0,0,0,0,0,1,1,1,552,0.00140746,10_36.0_50,Firesat_Attack_RWA,2025-08-28 20:59:17.074,2025-08-28 20:59:16.944,2071-06-24 12:18:09,-33.74641199229231,66.649315518593,36.0,50.0,attack_rwa,Firesat_Attack_RWA_10_36.0_50,RWA
553,2025,10,0,12,18,28,1.1642,-0.589968,900255,76.5311,-68.5336,102.0,0.0,0.0,0.0,0.0464305,-0.793127,-0.0501112,-0.605213,0.128024,-0.00124011,0.000163746,-0.99177,-2703430.0,941459.0,6691790.0,6866.01,394.595,2719.53,-0.00149437,0.00105842,-0.00164007,0.000230317,-0.00235187,0.00068182,0.00245952,553,553,553,50.0,-86.0612,-10.1926,0.00147937,-0.00211829,0.00160565,-0.0031045,0.00138059,-0.00360129,0,0,0,0,0,0,-1.23331,-0.593888,-1.10904,-2703430.0,941457.0,6691800.0,6867.61,394.468,2718.93,-2703430.0,941459.0,6691790.0,6866.01,394.595,2719.53,7271400.0,0.000961962,98.0423,-179.914,-111.975,-179.817,8,1,1443356308,303508,2386,530677,0.817583,0.182417,141.21,1,0.0,0,0,0,0,0.000230317,-0.00235187,0.00068182,0.00245952,1,0,552.2,0.00247141,0.0667762,0.302556,0.0144173,0.95068,-2.84935e-05,7.63369e-06,2.75986e-05,-2.84935e-05,-7.63369e-06,-2.75986e-05,553,-0.124883,-0.319438,0.000891099,-0.947607,0,0,0,1,1,0,0,0,0,0,1,1,1,553,0.00183123,10_36.0_50,Firesat_Attack_RWA,2025-08-28 20:59:17.074,2025-08-28 20:59:16.944,2071-06-24 12:18:10,-33.802676447774154,66.70374650913044,36.0,50.0,attack_rwa,Firesat_Attack_RWA_10_36.0_50,RWA
554,2025,10,0,12,18,29,1.16515,-0.590952,900252,76.5311,-68.5336,102.0,0.0,0.0,0.0,0.0467902,-0.793933,-0.0501146,-0.604128,0.12806,-0.00124011,0.000163791,-0.991766,-2696550.0,941843.0,6694490.0,6868.75,393.696,2712.68,-0.0011264,0.000720099,-0.00172318,0.000219369,-0.00236168,0.00067149,0.00246507,554,554,554,50.0,-86.0742,-10.2531,0.00108234,-0.00132852,0.00213159,-0.0026951,0.000603278,-0.00415547,0,0,0,0,0,0,-1.23427,-0.592544,-1.10791,-2696560.0,941851.0,6694510.0,6870.4,393.493,2711.99,-2696550.0,941843.0,6694490.0,6868.75,393.696,2712.68,7271370.0,0.000965105,98.0423,-179.914,-112.145,-179.588,8,1,1443356309,303509,2386,530689,0.817602,0.182398,142.197,1,0.0,0,0,0,0,0.000219369,-0.00236168,0.00067149,0.00246507,1,0,553.2,0.00279752,0.0670728,0.303838,0.0142137,0.950253,-2.84732e-05,7.65807e-06,2.76249e-05,-2.84732e-05,-7.65807e-06,-2.76249e-05,554,-0.124883,-0.321958,0.000510914,-0.946754,0,0,0,1,1,0,0,0,0,0,1,1,1,554,0.00133691,10_36.0_50,Firesat_Attack_RWA,2025-08-28 20:59:17.074,2025-08-28 20:59:16.944,2071-06-24 12:18:11,-33.859055494815024,66.75817749966787,36.0,50.0,attack_rwa,Firesat_Attack_RWA_10_36.0_50,RWA
555,2025,10,0,12,18,30,1.1661,-0.591938,900243,76.5311,-68.5336,102.0,0.0,0.0,0.0,0.0464597,-0.794904,-0.0497527,-0.602904,0.128096,-0.0012401,0.000163836,-0.991761,-2689690.0,942231.0,6697210.0,6871.36,392.795,2705.86,-0.00230161,-6.18315e-05,-0.00203177,0.000233314,-0.00234375,0.000671456,0.00244918,555,555,555,50.0,-86.1482,-10.3512,0.00314369,-0.000513446,0.00269842,-0.00475869,-0.000215123,-0.00468035,0,0,0,0,0,0,-1.23522,-0.592484,-1.10644,-2689680.0,942239.0,6697210.0,6873.18,392.488,2705.01,-2689690.0,942231.0,6697210.0,6871.36,392.795,2705.86,7271310.0,0.000971979,98.0422,-179.914,-112.622,-179.053,8,1,1443356310,303510,2386,530701,0.81762,0.18238,143.182,1,0.0,0,0,0,0,0.000233314,-0.00234375,0.000671456,0.00244918,1,0,554.2,0.00327412,0.0665945,0.305336,0.0141068,0.949809,-2.8453e-05,7.68224e-06,2.76511e-05,-2.8453e-05,-7.68224e-06,-2.76511e-05,555,-0.124886,-0.324906,0.00151669,-0.945745,0,0,0,1,1,0,0,0,0,0,1,1,1,555,0.00230244,10_36.0_50,Firesat_Attack_RWA,2025-08-28 20:59:17.074,2025-08-28 20:59:16.944,2071-06-24 12:18:12,-33.91554913341492,66.81260849020529,36.0,50.0,attack_rwa,Firesat_Attack_RWA_10_36.0_50,RWA
556,2025,10,0,12,18,31,1.16705,-0.592929,900246,76.5311,-68.5336,102.0,0.0,0.0,0.0,0.0468093,-0.79555,-0.0496659,-0.602031,0.128132,-0.0012401,0.000163882,-0.991756,-2682840.0,942623.0,6699920.0,6874.3,391.727,2698.88,-0.00206803,0.000162111,-0.00201701,0.000244547,-0.00234081,0.000672538,0.00244776,556,556,556,50.0,-86.1917,-10.4525,0.00239201,-0.00134964,0.00243639,-0.00401366,0.000617121,-0.00439631,0,0,0,0,0,0,-1.23618,-0.592286,-1.10504,-2682810.0,942627.0,6699910.0,6875.93,391.487,2698.09,-2682840.0,942623.0,6699920.0,6874.3,391.727,2698.88,7271260.0,0.000979632,98.0421,-179.914,-112.508,-179.11,8,1,1443356311,303511,2386,530713,0.817638,0.182362,144.16,1,0.0,0,0,0,0,0.000244547,-0.00234081,0.000672538,0.00244776,1,0,555.2,0.00228866,0.0668311,0.306366,0.0138352,0.949464,-2.84331e-05,7.70687e-06,2.76768e-05,-2.84331e-05,-7.70687e-06,-2.76768e-05,556,-0.12489,-0.326913,0.00129481,-0.945054,0,0,0,1,1,0,0,0,0,0,1,1,1,556,0.00207438,10_36.0_50,Firesat_Attack_RWA,2025-08-28 20:59:17.074,2025-08-28 20:59:16.944,2071-06-24 12:18:13,-33.97232925091239,66.86703948074272,36.0,50.0,attack_rwa,Firesat_Attack_RWA_10_36.0_50,RWA
557,2025,10,0,12,18,32,1.168,-0.593923,900256,76.5311,-68.5336,102.0,0.0,0.0,0.0,0.0474128,-0.796302,-0.0494981,-0.601003,0.128168,-0.00124009,0.000163927,-0.991752,-2675940.0,943011.0,6702630.0,6876.78,391.014,2691.96,-0.0015215,5.93326e-05,-0.00153649,0.000241003,-0.00234267,0.000661888,0.00244628,557,557,557,50.0,-86.2232,-10.5111,0.0014371,-0.00142309,0.00172308,-0.00304446,0.000701819,-0.00369067,0,0,0,0,0,0,-1.23712,-0.591321,-1.10383,-2675950.0,943016.0,6702610.0,6878.64,390.496,2691.22,-2675940.0,943011.0,6702630.0,6876.78,391.014,2691.96,7271210.0,0.000987718,98.042,-179.915,-111.991,-179.568,8,1,1443356312,303512,2386,530725,0.817657,0.182343,145.138,1,0.0,0,0,0,0,0.000241003,-0.00234267,0.000661888,0.00244628,1,0,556.2,0.0028389,0.0672293,0.307571,0.0133516,0.949053,-2.84132e-05,7.7315e-06,2.77024e-05,-2.84132e-05,-7.7315e-06,-2.77024e-05,557,-0.124893,-0.329241,0.000930738,-0.944245,0,0,0,1,1,0,0,0,0,0,1,1,1,557,0.00152266,10_36.0_50,Firesat_Attack_RWA,2025-08-28 20:59:17.074,2025-08-28 20:59:16.944,2071-06-24 12:18:14,-34.029281255748394,66.92147047128014,36.0,50.0,attack_rwa,Firesat_Attack_RWA_10_36.0_50,RWA
558,2025,10,0,12,18,33,1.16895,-0.594923,900260,76.5311,-68.5336,102.0,0.0,0.0,0.0,0.0474519,-0.796898,-0.0494378,-0.600215,0.128205,-0.00124008,0.000163972,-0.991747,-2669060.0,943409.0,6705300.0,6879.87,390.131,2685.0,-0.00175414,0.000471724,-0.0019419,0.000241073,-0.00236102,0.000659342,0.00246319,558,558,558,50.0,-86.2187,-10.5981,0.00184281,-0.00195841,0.00230263,-0.00345355,0.00123927,-0.00428885,0,0,0,0,0,0,-1.23808,-0.590574,-1.10258,-2669060.0,943405.0,6705310.0,6881.42,389.512,2684.33,-2669060.0,943409.0,6705300.0,6879.87,390.131,2685.0,7271290.0,0.000977378,98.042,-179.915,-111.725,-179.776,8,1,1443356313,303513,2386,530737,0.817676,0.182324,146.119,1,0.0,0,0,0,0,0.000241073,-0.00236102,0.000659342,0.00246319,1,0,557.2,0.00198231,0.0672267,0.308512,0.0132798,0.948749,-2.8393e-05,7.75578e-06,2.77282e-05,-2.8393e-05,-7.75578e-06,-2.77282e-05,558,-0.124895,-0.331094,0.00101168,-0.943597,0,0,0,1,1,0,0,0,0,0,1,1,1,558,0.00181646,10_36.0_50,Firesat_Attack_RWA,2025-08-28 20:59:17.074,2025-08-28 20:59:16.944,2071-06-24 12:18:15,-34.08657703526147,66.97590146181757,36.0,50.0,attack_rwa,Firesat_Attack_RWA_10_36.0_50,RWA
559,2025,10,0,12,18,34,1.1699,-0.595929,900259,76.5311,-68.5336,102.0,0.0,0.0,0.0,0.0472567,-0.797581,-0.04925,-0.599338,0.128241,-0.00124008,0.000164017,-0.991742,-2662200.0,943810.0,6707980.0,6882.31,388.889,2678.09,-0.0025116,0.000636951,-0.00239559,0.000256159,-0.00238253,0.000665345,0.00248691,559,559,559,50.0,-86.2063,-10.7177,0.00293178,-0.00203463,0.00272849,-0.00456236,0.00130555,-0.00471143,0,0,0,0,0,0,-1.23905,-0.590606,-1.10106,-2662180.0,943797.0,6707990.0,6884.17,388.563,2677.38,-2662200.0,943810.0,6707980.0,6882.31,388.889,2678.09,7271270.0,0.00098029,98.0421,-179.914,-111.805,-179.638,8,1,1443356314,303514,2386,530749,0.817694,0.182306,147.108,1,0.0,0,0,0,0,0.000256159,-0.00238253,0.000665345,0.00248691,1,0,558.2,0.00228695,0.0669591,0.309574,0.0132379,0.948423,-2.83721e-05,7.78029e-06,2.77546e-05,-2.83721e-05,-7.78029e-06,-2.77546e-05,559,-0.124892,-0.333185,0.00156894,-0.94286,0,0,0,1,1,0,0,0,0,0,1,1,1,559,0.00259111,10_36.0_50,Firesat_Attack_RWA,2025-08-28 20:59:17.074,2025-08-28 20:59:16.944,2071-06-24 12:18:16,-34.14421658945164,67.03033245235501,36.0,50.0,attack_rwa,Firesat_Attack_RWA_10_36.0_50,RWA
560,2025,10,0,12,18,35,1.17085,-0.596939,900262,76.5311,-68.5336,102.0,0.0,0.0,0.0,0.0481266,-0.798496,-0.048983,-0.598071,0.128277,-0.00124007,0.000164063,-0.991738,-2655320.0,944212.0,6710660.0,6885.44,388.174,2671.56,-0.00164605,2.35944e-05,-0.00137427,0.000253295,-0.00238155,0.000648849,0.00248132,560,560,560,50.0,-86.2425,-10.757,0.00126571,-0.00111791,0.000866308,-0.00287086,0.00040596,-0.00285287,0,0,0,0,0,0,-1.24,-0.58968,-1.09976,-2655310.0,944194.0,6710660.0,6886.85,387.645,2670.43,-2655320.0,944212.0,6710660.0,6885.44,388.173,2671.56,7271130.0,0.000999181,98.0423,-179.914,-111.705,-179.68,8,1,1443356315,303515,2386,530761,0.817713,0.182287,148.101,1,0.0,0,0,0,0,0.000253295,-0.00238155,0.000648849,0.00248132,1,0,559.2,0.00361709,0.0675185,0.31105,0.0125203,0.94791,-2.83509e-05,7.80497e-06,2.77812e-05,-2.83509e-05,-7.80497e-06,-2.77812e-05,560,-0.124885,-0.336017,0.00108854,-0.941855,0,0,0,1,1,0,0,0,0,0,1,1,1,560,0.00164622,10_36.0_50,Firesat_Attack_RWA,2025-08-28 20:59:17.074,2025-08-28 20:59:16.944,2071-06-24 12:18:17,-34.20208532675985,67.08476344289244,36.0,50.0,attack_rwa,Firesat_Attack_RWA_10_36.0_50,RWA
561,2025,10,0,12,18,36,1.17179,-0.597954,900263,76.5311,-68.5336,102.0,0.0,0.0,0.0,0.0480611,-0.799185,-0.048771,-0.597172,0.128313,-0.00124007,0.000164108,-0.991733,-2648400.0,944571.0,6713320.0,6887.99,387.191,2664.11,-0.00222428,0.000185721,-0.00162044,0.000258892,-0.00238652,0.000634767,0.00248303,561,561,561,50.0,-86.2666,-10.802,0.00265743,-0.0016436,0.0024824,-0.00424247,0.000944444,-0.00446453,0,0,0,0,0,0,-1.24098,-0.589239,-1.09838,-2648420.0,944586.0,6713320.0,6889.57,386.706,2663.49,-2648400.0,944571.0,6713320.0,6887.99,387.191,2664.11,7271110.0,0.00100254,98.0425,-179.914,-111.65,-179.676,8,1,1443356316,303516,2386,530774,0.817733,0.182267,149.093,1,0.0,0,0,0,0,0.000258892,-0.00238652,0.000634767,0.00248303,1,0,560.2,0.00230845,0.0673433,0.31213,0.0123841,0.947569,-2.83297e-05,7.82907e-06,2.78078e-05,-2.83297e-05,-7.82907e-06,-2.78078e-05,561,-0.12488,-0.338131,0.00154514,-0.941098,0,0,0,1,1,0,0,0,0,0,1,1,1,561,0.00223203,10_36.0_50,Firesat_Attack_RWA,2025-08-28 20:59:17.074,2025-08-28 20:59:16.944,2071-06-24 12:18:18,-34.260240542965626,67.13862147563474,36.0,50.0,attack_rwa,Firesat_Attack_RWA_10_36.0_50,RWA
562,2025,10,0,12,18,37,1.17274,-0.598969,900260,76.5311,-68.5336,102.0,0.0,0.0,0.0,0.0484925,-0.799808,-0.0490686,-0.596279,0.128349,-0.00124006,0.000164153,-0.991728,-2641510.0,944957.0,6716000.0,6890.26,386.155,2657.21,-0.00140312,0.000449477,-0.00211418,0.00025279,-0.00240399,0.0006419,0.00250102,562,562,562,50.0,-86.2628,-10.9252,0.00105201,-0.00217635,0.00298762,-0.00265842,0.00147068,-0.00499781,0,0,0,0,0,0,-1.24197,-0.588211,-1.09714,-2641520.0,944965.0,6715990.0,6892.38,385.676,2656.56,-2641510.0,944957.0,6716000.0,6890.26,386.155,2657.21,7271240.0,0.000984641,98.0422,-179.914,-111.767,-179.501,8,1,1443356317,303517,2386,530786,0.817752,0.182248,150.088,1,0.0,0,0,0,0,0.00025279,-0.00240399,0.0006419,0.00250102,1,0,561.2,0.00241656,0.0678673,0.313152,0.0123805,0.947194,-2.83083e-05,7.85316e-06,2.78346e-05,-2.83083e-05,-7.85316e-06,-2.78346e-05,562,-0.124887,-0.340161,0.00059973,-0.940367,0,0,0,1,1,0,0,0,0,0,1,1,1,562,0.00147335,10_36.0_50,Firesat_Attack_RWA,2025-08-28 20:59:17.074,2025-08-28 20:59:16.944,2071-06-24 12:18:19,-34.3183957591714,67.19305246617216,36.0,50.0,attack_rwa,Firesat_Attack_RWA_10_36.0_50,RWA
563,2025,10,0,12,18,38,1.17369,-0.59999,900265,76.5311,-68.5336,102.0,0.0,0.0,0.0,0.0485488,-0.80079,-0.0485686,-0.594996,0.128385,-0.00124005,0.000164198,-0.991724,-2634630.0,945352.0,6718640.0,6893.25,385.03,2650.47,-0.00212811,-0.000282605,-0.00169258,0.000257676,-0.00240022,0.000638167,0.00249694,563,563,563,50.0,-86.3043,-11.0118,0.00229623,-0.000868232,0.00183891,-0.00390038,0.000164809,-0.00383685,0,0,0,0,0,0,-1.24292,-0.58771,-1.09571,-2634620.0,945347.0,6718650.0,6895.11,384.68,2649.66,-2634630.0,945352.0,6718640.0,6893.25,385.03,2650.47,7271280.0,0.000979065,98.0421,-179.914,-111.447,-179.763,8,1,1443356318,303518,2386,530799,0.817771,0.182229,151.087,1,0.0,0,0,0,0,0.000257676,-0.00240022,0.000638167,0.00249694,1,0,562.2,0.00338428,0.0676267,0.314693,0.0119386,0.946706,-2.82864e-05,7.87722e-06,2.78617e-05,-2.82864e-05,-7.87722e-06,-2.78617e-05,563,-0.12489,-0.343138,0.00141844,-0.939284,0,0,0,1,1,0,0,0,0,0,1,1,1,563,0.00214679,10_36.0_50,Firesat_Attack_RWA,2025-08-28 20:59:17.074,2025-08-28 20:59:16.944,2071-06-24 12:18:20,-34.37689475005426,67.24748345670959,36.0,50.0,attack_rwa,Firesat_Attack_RWA_10_36.0_50,RWA
564,2025,10,0,12,18,39,1.17464,-0.601017,900266,76.5311,-68.5336,102.0,0.0,0.0,0.0,0.0490883,-0.801317,-0.0485064,-0.594246,0.128422,-0.00124005,0.000164243,-0.991719,-2627740.0,945755.0,6721290.0,6896.31,383.82,2643.39,-0.00156033,0.00039128,-0.00147935,0.000253011,-0.00241571,0.000625803,0.00250824,564,564,564,50.0,-86.3056,-11.0656,0.00118013,-0.00217289,0.00128966,-0.00276937,0.00148275,-0.0033112,0,0,0,0,0,0,-1.24392,-0.58673,-1.09445,-2627730.0,945737.0,6721290.0,6897.8,383.737,2642.71,-2627740.0,945755.0,6721290.0,6896.31,383.82,2643.39,7271220.0,0.0009872,98.0423,-179.914,-111.416,-179.735,8,1,1443356319,303519,2386,530811,0.817791,0.182209,152.086,1,0.0,0,0,0,0,0.000253011,-0.00241571,0.000625803,0.00250824,1,0,563.2,0.0021309,0.068033,0.315555,0.0115782,0.946395,-2.82645e-05,7.9011e-06,2.78887e-05,-2.82645e-05,-7.9011e-06,-2.78887e-05,564,-0.124886,-0.344799,0.000954187,-0.938676,0,0,0,1,1,0,0,0,0,0,1,1,1,564,0.00160864,10_36.0_50,Firesat_Attack_RWA,2025-08-28 20:59:17.074,2025-08-28 20:59:16.944,2071-06-24 12:18:21,-34.4357375156142,67.30191444724701,36.0,50.0,attack_rwa,Firesat_Attack_RWA_10_36.0_50,RWA
565,2025,10,0,12,18,40,1.17558,-0.602049,900267,76.5311,-68.5336,102.0,0.0,0.0,0.0,0.0487802,-0.802025,-0.0484894,-0.593316,0.128458,-0.00124004,0.000164289,-0.991714,-2620840.0,946115.0,6723930.0,6898.93,383.276,2636.72,-0.00229908,0.000488376,-0.0023053,0.000260551,-0.00243734,0.000627567,0.00253029,565,565,565,50.0,-86.2913,-11.1705,0.00275411,-0.00219689,0.00351563,-0.00435575,0.00150272,-0.0055467,0,0,0,0,0,0,-1.24492,-0.586417,-1.09297,-2620840.0,946126.0,6723930.0,6900.5,382.802,2635.76,-2620840.0,946115.0,6723930.0,6898.93,383.276,2636.72,7271210.0,0.000989079,98.0424,-179.914,-111.357,-179.737,8,1,1443356320,303520,2386,530824,0.81781,0.18219,153.092,1,0.0,0,0,0,0,0.000260551,-0.00243734,0.000627567,0.00253029,1,0,564.2,0.00241809,0.0677708,0.316668,0.011741,0.946039,-2.8242e-05,7.92471e-06,2.79164e-05,-2.8242e-05,-7.92471e-06,-2.79164e-05,565,-0.124881,-0.347014,0.00135552,-0.937859,0,0,0,1,1,0,0,0,0,0,1,1,1,565,0.00235038,10_36.0_50,Firesat_Attack_RWA,2025-08-28 20:59:17.074,2025-08-28 20:59:16.944,2071-06-24 12:18:22,-34.494866760071695,67.35577247998933,36.0,50.0,attack_rwa,Firesat_Attack_RWA_10_36.0_50,RWA
566,2025,10,0,12,18,41,1.17653,-0.603082,900267,76.5311,-68.5336,102.0,0.0,0.0,0.0,0.0494302,-0.802771,-0.0487052,-0.592236,0.128494,-0.00124004,0.000164334,-0.99171,-2613940.0,946513.0,6726550.0,6901.74,382.409,2629.57,-0.0012206,0.000380896,-0.00236136,0.000250485,-0.00245326,0.000638699,0.00254738,566,566,566,50.0,-86.2898,-11.3124,0.000630522,-0.00181991,0.00285296,-0.00226111,0.00111603,-0.00491712,0,0,0,0,0,0,-1.24593,-0.58518,-1.09172,-2613930.0,946505.0,6726560.0,6903.2,381.8,2628.8,-2613940.0,946513.0,6726550.0,6901.74,382.409,2629.57,7271190.0,0.000992479,98.0424,-179.914,-111.42,-179.615,8,1,1443356321,303521,2386,530837,0.81783,0.18217,154.106,1,0.0,0,0,0,0,0.000250485,-0.00245326,0.000638699,0.00254738,1,0,565.2,0.00296117,0.0684271,0.317899,0.0115449,0.945582,-2.82189e-05,7.94863e-06,2.79445e-05,-2.82189e-05,-7.94863e-06,-2.79445e-05,566,-0.124884,-0.349428,0.000318025,-0.936963,0,0,0,1,1,0,0,0,0,0,1,1,1,566,0.00127865,10_36.0_50,Firesat_Attack_RWA,2025-08-28 20:59:17.074,2025-08-28 20:59:16.944,2071-06-24 12:18:23,-34.55405330030872,67.41020347052675,36.0,50.0,attack_rwa,Firesat_Attack_RWA_10_36.0_50,RWA
567,2025,10,0,12,18,42,1.17748,-0.60412,900265,76.5311,-68.5336,102.0,0.0,0.0,0.0,0.0491316,-0.803476,-0.0481797,-0.591347,0.12853,-0.00124003,0.000164379,-0.991705,-2607050.0,946871.0,6729190.0,6904.01,381.12,2622.99,-0.00255577,0.000623574,-0.00236294,0.000262102,-0.00247328,0.000642043,0.00256866,567,567,567,50.0,-86.2803,-11.4274,0.00324451,-0.00224092,0.00322378,-0.00489053,0.00153038,-0.00528896,0,0,0,0,0,0,-1.24697,-0.585055,-1.09012,-2607040.0,946887.0,6729180.0,6905.86,380.829,2621.82,-2607050.0,946871.0,6729190.0,6904.01,381.12,2622.99,7271100.0,0.00100441,98.0424,-179.914,-111.548,-179.429,8,1,1443356322,303522,2386,530850,0.81785,0.18215,155.125,1,0.0,0,0,0,0,0.000262102,-0.00247328,0.000642043,0.00256866,1,0,566.2,0.00257088,0.067881,0.318986,0.0112858,0.945258,-2.81951e-05,7.97262e-06,2.79731e-05,-2.81951e-05,-7.97262e-06,-2.79731e-05,567,-0.124883,-0.351525,0.00156106,-0.936177,0,0,0,1,1,0,0,0,0,0,1,1,1,567,0.00263075,10_36.0_50,Firesat_Attack_RWA,2025-08-28 20:59:17.074,2025-08-28 20:59:16.944,2071-06-24 12:18:24,-34.613526319443295,67.46463446106418,36.0,50.0,attack_rwa,Firesat_Attack_RWA_10_36.0_50,RWA
568,2025,10,0,12,18,43,1.17842,-0.60516,900268,76.5311,-68.5336,102.0,0.0,0.0,0.0,0.0500193,-0.80407,-0.0483602,-0.59045,0.128566,-0.00124002,0.000164424,-0.9917,-2600140.0,947252.0,6731800.0,6906.76,380.12,2615.8,-0.00114241,0.00104119,-0.00211628,0.000250946,-0.00250596,0.000643109,0.0025993,568,568,568,50.0,-86.2432,-11.5347,0.000596313,-0.00265597,0.00243739,-0.00225601,0.00194638,-0.00455474,0,0,0,0,0,0,-1.24805,-0.583764,-1.08883,-2600140.0,947260.0,6731800.0,6908.5,379.795,2614.87,-2600140.0,947252.0,6731800.0,6906.76,380.12,2615.8,7271010.0,0.00101749,98.0422,-179.914,-111.44,-179.478,8,1,1443356323,303523,2386,530863,0.81787,0.18213,156.154,1,0.0,0,0,0,0,0.000250946,-0.00250596,0.000643109,0.0025993,1,0,567.2,0.00281305,0.0687116,0.319987,0.0109245,0.944864,-2.81705e-05,7.99685e-06,2.80023e-05,-2.81705e-05,-7.99685e-06,-2.80023e-05,568,-0.12489,-0.353467,0.00031939,-0.935447,0,0,0,1,1,0,0,0,0,0,1,1,1,568,0.0015457,10_36.0_50,Firesat_Attack_RWA,2025-08-28 20:59:17.074,2025-08-28 20:59:16.944,2071-06-24 12:18:25,-34.6731139301369,67.51849249380648,36.0,50.0,attack_rwa,Firesat_Attack_RWA_10_36.0_50,RWA
569,2025,10,0,12,18,44,1.17937,-0.606207,900268,76.5311,-68.5336,102.0,0.0,0.0,0.0,0.0497524,-0.804969,-0.0479531,-0.58928,0.128602,-0.00124002,0.000164469,-0.991695,-2593210.0,947648.0,6734420.0,6909.88,379.197,2608.74,-0.00228244,0.000623348,-0.00221951,0.000257764,-0.00252051,0.000641853,0.00261369,569,569,569,50.0,-86.2444,-11.6348,0.00261343,-0.00189414,0.0022658,-0.00427926,0.00118371,-0.0043866,0,0,0,0,0,0,-1.24912,-0.58341,-1.08722,-2593230.0,947637.0,6734410.0,6911.18,378.805,2607.91,-2593210.0,947648.0,6734420.0,6909.88,379.197,2608.74,7271000.0,0.0010181,98.0421,-179.914,-111.414,-179.447,8,1,1443356324,303524,2386,530876,0.81789,0.18211,157.193,1,0.0,0,0,0,0,0.000257764,-0.00252051,0.000641853,0.00261369,1,0,568.2,0.00310732,0.0682596,0.321395,0.0107441,0.944421,-2.81452e-05,8.02081e-06,2.80323e-05,-2.81452e-05,-8.02081e-06,-2.80323e-05,569,-0.124891,-0.356204,0.00134124,-0.934407,0,0,0,1,1,0,0,0,0,0,1,1,1,569,0.00236603,10_36.0_50,Firesat_Attack_RWA,2025-08-28 20:59:17.074,2025-08-28 20:59:16.944,2071-06-24 12:18:26,-34.7331026112871,67.5729234843439,36.0,50.0,attack_rwa,Firesat_Attack_RWA_10_36.0_50,RWA
570,2025,10,0,12,18,45,1.18031,-0.607261,900268,76.5311,-68.5336,102.0,0.0,0.0,0.0,0.0503492,-0.805696,-0.0480753,-0.588224,0.128638,-0.00124001,0.000164515,-0.991691,-2586290.0,948020.0,6737020.0,6912.28,378.021,2601.81,-0.00140012,0.000634767,-0.00217545,0.000249909,-0.00253332,0.000636625,0.00262402,570,570,570,50.0,-86.2506,-11.7209,0.00112115,-0.0018627,0.00243482,-0.00278553,0.00115898,-0.00458178,0,0,0,0,0,0,-1.25022,-0.582297,-1.08582,-2586310.0,948020.0,6737020.0,6913.91,377.855,2600.96,-2586290.0,948020.0,6737020.0,6912.28,378.021,2601.81,7271110.0,0.00100299,98.0423,-179.914,-111.35,-179.452,8,1,1443356325,303525,2386,530889,0.81791,0.18209,158.236,1,0.0,0,0,0,0,0.000249909,-0.00253332,0.000636625,0.00262402,1,0,569.2,0.00283932,0.0688185,0.322596,0.0105018,0.943973,-2.81194e-05,8.04478e-06,2.80625e-05,-2.81194e-05,-8.04478e-06,-2.80625e-05,570,-0.124888,-0.35855,0.000526216,-0.93351,0,0,0,1,1,0,0,0,0,0,1,1,1,570,0.00153729,10_36.0_50,Firesat_Attack_RWA,2025-08-28 20:59:17.074,2025-08-28 20:59:16.944,2071-06-24 12:18:27,-34.793492362893886,67.6267815170862,36.0,50.0,attack_rwa,Firesat_Attack_RWA_10_36.0_50,RWA
571,2025,10,0,12,18,46,1.18126,-0.608318,900269,76.5311,-68.5336,102.0,0.0,0.0,0.0,0.050088,-0.806394,-0.0478969,-0.587303,0.128675,-0.00124001,0.00016456,-0.991686,-2579420.0,948390.0,6739630.0,6914.73,377.564,2594.9,-0.00226778,0.000859115,-0.00267621,0.000257624,-0.00255228,0.000643069,0.00264462,571,571,571,50.0,-86.2436,-11.8498,0.00268919,-0.00217398,0.00323455,-0.00437503,0.00146123,-0.00538799,0,0,0,0,0,0,-1.25134,-0.582016,-1.08418,-2579390.0,948397.0,6739620.0,6916.59,376.869,2594.0,-2579420.0,948390.0,6739630.0,6914.73,377.564,2594.9,7271140.0,0.000999709,98.0422,-179.914,-111.324,-179.42,8,1,1443356326,303526,2386,530902,0.81793,0.18207,159.285,1,0.0,0,0,0,0,0.000257624,-0.00255228,0.000643069,0.00264462,1,0,570.2,0.00239623,0.0685022,0.323696,0.0105055,0.94362,-2.80932e-05,8.06863e-06,2.80932e-05,-2.80932e-05,-8.06863e-06,-2.80932e-05,571,-0.124889,-0.360708,0.00114836,-0.932678,0,0,0,1,1,0,0,0,0,0,1,1,1,571,0.00242505,10_36.0_50,Firesat_Attack_RWA,2025-08-28 20:59:17.074,2025-08-28 20:59:16.944,2071-06-24 12:18:28,-34.854054001839216,67.68121250762363,36.0,50.0,attack_rwa,Firesat_Attack_RWA_10_36.0_50,RWA
572,2025,10,0,12,18,47,1.1822,-0.609377,900279,76.5311,-68.5336,102.0,0.0,0.0,0.0,0.050704,-0.807267,-0.0476667,-0.586069,0.128711,-0.00124,0.000164605,-0.991681,-2572490.0,948786.0,6742220.0,6917.69,376.291,2587.86,-0.0017685,0.000474357,-0.0020079,0.000257557,-0.00255829,0.000636488,0.00264883,572,572,572,50.0,-86.2642,-11.9335,0.00157145,-0.00161477,0.00160646,-0.00325223,0.000908269,-0.00376603,0,0,0,0,0,0,-1.25245,-0.581302,-1.08261,-2572490.0,948773.0,6742220.0,6919.15,375.885,2587.08,-2572490.0,948786.0,6742220.0,6917.69,376.291,2587.86,7271010.0,0.00101907,98.0422,-179.914,-110.866,-179.82,8,1,1443356327,303527,2386,530916,0.817951,0.182049,160.338,1,0.0,0,0,0,0,0.000257557,-0.00255829,0.000636488,0.00264883,1,0,571.2,0.00329747,0.0688748,0.325119,0.00996372,0.943109,-2.80664e-05,8.09271e-06,2.81242e-05,-2.80664e-05,-8.09271e-06,-2.81242e-05,572,-0.12489,-0.363442,0.000917217,-0.931616,0,0,0,1,1,0,0,0,0,0,1,1,1,572,0.00183102,10_36.0_50,Firesat_Attack_RWA,2025-08-28 20:59:17.074,2025-08-28 20:59:16.944,2071-06-24 12:18:29,-34.914730232343565,67.73507054036591,36.0,50.0,attack_rwa,Firesat_Attack_RWA_10_36.0_50,RWA
573,2025,10,0,12,18,48,1.18314,-0.610445,900282,76.5311,-68.5336,102.0,0.0,0.0,0.0,0.050998,-0.807903,-0.0477529,-0.58516,0.128747,-0.00123999,0.00016465,-0.991677,-2565540.0,949163.0,6744790.0,6920.11,375.357,2581.18,-0.00142205,0.00084515,-0.00227464,0.000247661,-0.00257634,0.00062934,0.00266363,573,573,573,50.0,-86.2593,-12.0138,0.00119645,-0.00217805,0.00242564,-0.00287344,0.00148077,-0.00462017,0,0,0,0,0,0,-1.2536,-0.580104,-1.08121,-2565570.0,949155.0,6744800.0,6921.81,374.953,2580.12,-2565540.0,949163.0,6744790.0,6920.11,375.357,2581.18,7271030.0,0.00101578,98.0424,-179.914,-110.671,-179.957,8,1,1443356328,303528,2386,530929,0.817972,0.182028,161.394,1,0.0,0,0,0,0,0.000247661,-0.00257634,0.00062934,0.00266363,1,0,572.2,0.00230036,0.069165,0.326161,0.00986565,0.942729,-2.80394e-05,8.11636e-06,2.81554e-05,-2.80394e-05,-8.11636e-06,-2.81554e-05,573,-0.124885,-0.365483,0.000491215,-0.930818,0,0,0,1,1,0,0,0,0,0,1,1,1,573,0.00165424,10_36.0_50,Firesat_Attack_RWA,2025-08-28 20:59:17.074,2025-08-28 20:59:16.944,2071-06-24 12:18:30,-34.97592212486354,67.78892857310822,36.0,50.0,attack_rwa,Firesat_Attack_RWA_10_36.0_50,RWA
574,2025,10,0,12,18,49,1.18409,-0.611517,900275,76.5311,-68.5336,102.0,0.0,0.0,0.0,0.0514628,-0.808575,-0.0476498,-0.584198,0.128783,-0.00123999,0.000164696,-0.991672,-2558640.0,949521.0,6747370.0,6922.99,374.206,2574.07,-0.00102392,0.00113364,-0.00203425,0.000231969,-0.00260236,0.000620758,0.00268541,574,574,574,50.0,-86.2357,-12.0919,0.000880254,-0.00243175,0.00233881,-0.00255258,0.00174661,-0.00458615,0,0,0,0,0,0,-1.25475,-0.578585,-1.07986,-2558630.0,949531.0,6747370.0,6924.52,373.984,2573.12,-2558640.0,949521.0,6747370.0,6922.99,374.206,2574.07,7271110.0,0.00100404,98.0424,-179.914,-111.0,-179.57,8,1,1443356329,303529,2386,530942,0.817992,0.182008,162.458,1,0.0,0,0,0,0,0.000231969,-0.00260236,0.000620758,0.00268541,1,0,573.2,0.00253246,0.0694867,0.327263,0.00951459,0.942327,-2.80118e-05,8.13945e-06,2.81873e-05,-2.80118e-05,-8.13945e-06,-2.81873e-05,574,-0.124883,-0.367609,0.000203127,-0.92998,0,0,0,1,1,0,0,0,0,0,1,1,1,574,0.00152759,10_36.0_50,Firesat_Attack_RWA,2025-08-28 20:59:17.074,2025-08-28 20:59:16.944,2071-06-24 12:18:31,-35.03734320050156,67.84335956364565,36.0,50.0,attack_rwa,Firesat_Attack_RWA_10_36.0_50,RWA
575,2025,10,0,12,18,50,1.18503,-0.61259,900272,76.5311,-68.5336,102.0,0.0,0.0,0.0,0.0514999,-0.80927,-0.0473461,-0.583257,0.128819,-0.00123998,0.000164741,-0.991667,-2551700.0,949895.0,6749940.0,6925.73,373.418,2567.32,-0.00155973,0.00142208,-0.00197364,0.00023024,-0.00263293,0.000613209,0.00271318,575,575,575,50.0,-86.2014,-12.1756,0.0019661,-0.00270925,0.00218076,-0.0036368,0.00203178,-0.00446231,0,0,0,0,0,0,-1.25593,-0.577797,-1.07827,-2551710.0,949900.0,6749940.0,6927.16,372.967,2566.12,-2551700.0,949895.0,6749940.0,6925.73,373.418,2567.32,7271080.0,0.00100791,98.0423,-179.914,-111.175,-179.336,8,1,1443356330,303530,2386,530956,0.818013,0.181987,163.533,1,0.0,0,0,0,0,0.00023024,-0.00263293,0.000613209,0.00271318,1,0,574.2,0.00241899,0.0693428,0.328373,0.00924453,0.941954,-2.79833e-05,8.162e-06,2.82201e-05,-2.79833e-05,-8.162e-06,-2.82201e-05,575,-0.124887,-0.369747,0.000717738,-0.929132,0,0,0,1,1,0,0,0,0,0,1,1,1,575,0.00211071,10_36.0_50,Firesat_Attack_RWA,2025-08-28 20:59:17.074,2025-08-28 20:59:16.944,2071-06-24 12:18:32,-35.098821571919096,67.89721759638795,36.0,50.0,attack_rwa,Firesat_Attack_RWA_10_36.0_50,RWA
576,2025,10,0,12,18,51,1.18598,-0.613669,900273,76.5311,-68.5336,102.0,0.0,0.0,0.0,0.0514589,-0.810265,-0.0472825,-0.581882,0.128855,-0.00123998,0.000164786,-0.991663,-2544800.0,950268.0,6752520.0,6928.06,372.525,2560.18,-0.00193274,0.000642821,-0.00231083,0.000238459,-0.00263546,0.000611932,0.00271606,576,576,576,50.0,-86.2272,-12.2826,0.00249478,-0.00145384,0.00269345,-0.00416995,0.000775122,-0.00496377,0,0,0,0,0,0,-1.25709,-0.577546,-1.07648,-2544780.0,950270.0,6752510.0,6929.79,371.97,2559.15,-2544800.0,950268.0,6752520.0,6928.06,372.525,2560.18,7271080.0,0.00100832,98.0422,-179.914,-111.093,-179.36,8,1,1443356331,303531,2386,530970,0.818034,0.181966,164.615,1,0.0,0,0,0,0,0.000238459,-0.00263546,0.000611932,0.00271606,1,0,575.2,0.00339762,0.0692728,0.329976,0.00921598,0.941399,-2.79542e-05,8.1845e-06,2.82533e-05,-2.79542e-05,-8.1845e-06,-2.82533e-05,576,-0.124889,-0.372888,0.000930742,-0.927876,0,0,0,1,1,0,0,0,0,0,1,1,1,576,0.00203683,10_36.0_50,Firesat_Attack_RWA,2025-08-28 20:59:17.074,2025-08-28 20:59:16.944,2071-06-24 12:18:33,-35.16064371801372,67.95164858692537,36.0,50.0,attack_rwa,Firesat_Attack_RWA_10_36.0_50,RWA
577,2025,10,0,12,18,52,1.18692,-0.614751,900281,76.5311,-68.5336,102.0,0.0,0.0,0.0,0.0517597,-0.810922,-0.0472385,-0.580944,0.128892,-0.00123997,0.000164831,-0.991658,-2537850.0,950629.0,6755060.0,6930.84,371.481,2553.08,-0.00173492,0.00100956,-0.00235574,0.000241972,-0.00264935,0.000611585,0.00272977,577,577,577,50.0,-86.2306,-12.3935,0.00214513,-0.00212838,0.00300007,-0.00382891,0.00144859,-0.00527866,0,0,0,0,0,0,-1.25829,-0.577049,-1.07478,-2537860.0,950639.0,6755070.0,6932.36,370.972,2552.21,-2537850.0,950629.0,6755060.0,6930.84,371.481,2553.08,7271030.0,0.00101637,98.0422,-179.914,-110.715,-179.679,8,1,1443356332,303532,2386,530984,0.818056,0.181944,165.697,1,0.0,0,0,0,0,0.000241972,-0.00264935,0.000611585,0.00272977,1,0,576.2,0.00237,0.069494,0.331052,0.00900734,0.941007,-2.7925e-05,8.20717e-06,2.82866e-05,-2.7925e-05,-8.20717e-06,-2.82866e-05,577,-0.124892,-0.374976,0.000723557,-0.927034,0,0,0,1,1,0,0,0,0,0,1,1,1,577,0.00200728,10_36.0_50,Firesat_Attack_RWA,2025-08-28 20:59:17.074,2025-08-28 20:59:16.944,2071-06-24 12:18:34,-35.222637751446875,68.00550661966767,36.0,50.0,attack_rwa,Firesat_Attack_RWA_10_36.0_50,RWA
578,2025,10,0,12,18,53,1.18786,-0.61584,900282,76.5311,-68.5336,102.0,0.0,0.0,0.0,0.0518609,-0.811749,-0.0471531,-0.579785,0.128928,-0.00123996,0.000164876,-0.991653,-2530940.0,951023.0,6757640.0,6933.0,370.191,2546.46,-0.0019084,0.000819615,-0.00252496,0.000247982,-0.00265892,0.000616536,0.0027407,578,578,578,50.0,-86.2424,-12.5239,0.00211398,-0.00197371,0.00256088,-0.0038154,0.00128675,-0.00483916,0,0,0,0,0,0,-1.25949,-0.576699,-1.073,-2530920.0,951008.0,6757620.0,6934.99,369.975,2545.24,-2530940.0,951023.0,6757640.0,6933.0,370.191,2546.46,7271050.0,0.00101311,98.0421,-179.914,-110.633,-179.704,8,1,1443356333,303533,2386,530997,0.818077,0.181923,166.784,1,0.0,0,0,0,0,0.000247982,-0.00265892,0.000616536,0.0027407,1,0,577.2,0.00286008,0.0695278,0.332395,0.00887936,0.940532,-2.78952e-05,8.23e-06,2.83201e-05,-2.78952e-05,-8.23e-06,-2.83201e-05,578,-0.124894,-0.377591,0.000812475,-0.925972,0,0,0,1,1,0,0,0,0,0,1,1,1,578,0.00207696,10_36.0_50,Firesat_Attack_RWA,2025-08-28 20:59:17.074,2025-08-28 20:59:16.944,2071-06-24 12:18:35,-35.285032855336624,68.05936465240997,36.0,50.0,attack_rwa,Firesat_Attack_RWA_10_36.0_50,RWA
579,2025,10,0,12,18,54,1.1888,-0.616935,900294,76.5311,-68.5336,102.0,0.0,0.0,0.0,0.0520025,-0.81272,-0.0469755,-0.578424,0.128964,-0.00123996,0.000164922,-0.991649,-2524000.0,951389.0,6760160.0,6935.69,369.354,2539.13,-0.0021149,0.000163942,-0.00244498,0.000255023,-0.00265061,0.000613556,0.00273262,579,579,579,50.0,-86.2934,-12.6255,0.00250226,-0.000954849,0.00268625,-0.00420285,0.000268598,-0.00494406,0,0,0,0,0,0,-1.26068,-0.576398,-1.07119,-2523990.0,951384.0,6760170.0,6937.55,369.04,2538.31,-2524000.0,951389.0,6760160.0,6935.69,369.354,2539.13,7271010.0,0.00101983,98.0423,-179.914,-110.067,179.788,8,1,1443356334,303534,2386,531011,0.818098,0.181902,167.871,1,0.0,0,0,0,0,0.000255023,-0.00265061,0.000613556,0.00273262,1,0,578.2,0.00337503,0.069542,0.333971,0.00865261,0.939975,-2.78654e-05,8.25302e-06,2.83536e-05,-2.78654e-05,-8.25302e-06,-2.83536e-05,579,-0.124889,-0.380648,0.00102477,-0.924719,0,0,0,1,1,0,0,0,0,0,1,1,1,579,0.00212125,10_36.0_50,Firesat_Attack_RWA,2025-08-28 20:59:17.074,2025-08-28 20:59:16.944,2071-06-24 12:18:36,-35.34777173390344,68.11322268515227,36.0,50.0,attack_rwa,Firesat_Attack_RWA_10_36.0_50,RWA
580,2025,10,0,12,18,55,1.18974,-0.618034,900294,76.5311,-68.5336,102.0,0.0,0.0,0.0,0.0522564,-0.81327,-0.0469551,-0.57763,0.129,-0.00123995,0.000164967,-0.991644,-2517050.0,951756.0,6762700.0,6938.42,368.36,2532.24,-0.00196914,0.000921681,-0.00259647,0.000259396,-0.0026674,0.000615756,0.00274981,580,580,580,50.0,-86.2917,-12.7447,0.0021744,-0.00249763,0.00300406,-0.00388906,0.0018074,-0.00527172,0,0,0,0,0,0,-1.2619,-0.575983,-1.06946,-2517060.0,951755.0,6762700.0,6940.13,368.071,2531.31,-2517050.0,951756.0,6762700.0,6938.42,368.36,2532.24,7270970.0,0.0010258,98.0423,-179.914,-110.092,179.872,8,1,1443356335,303535,2386,531025,0.81812,0.18188,168.956,1,0.0,0,0,0,0,0.000259396,-0.0026674,0.000615756,0.00274981,1,0,579.2,0.00199714,0.0697382,0.334877,0.00849033,0.939639,-2.78354e-05,8.27619e-06,2.8387e-05,-2.78354e-05,-8.27619e-06,-2.8387e-05,580,-0.124887,-0.382404,0.00082513,-0.923995,0,0,0,1,1,0,0,0,0,0,1,1,1,580,0.00217417,10_36.0_50,Firesat_Attack_RWA,2025-08-28 20:59:17.074,2025-08-28 20:59:16.944,2071-06-24 12:18:37,-35.41073979558832,68.16708071789456,36.0,50.0,attack_rwa,Firesat_Attack_RWA_10_36.0_50,RWA
581,2025,10,0,12,18,56,1.19069,-0.619137,900292,76.5311,-68.5336,102.0,0.0,0.0,0.0,0.0528783,-0.813933,-0.0468179,-0.57665,0.129036,-0.00123995,0.000165012,-0.991639,-2510130.0,952117.0,6765220.0,6940.77,367.75,2525.38,-0.00135595,0.00130825,-0.00210524,0.000250551,-0.00270079,0.000608366,0.00277978,581,581,581,50.0,-86.2517,-12.8314,0.00118682,-0.00274597,0.00215612,-0.00290141,0.00206507,-0.00447278,0,0,0,0,0,0,-1.26313,-0.574858,-1.06787,-2510110.0,952122.0,6765230.0,6942.75,367.086,2524.31,-2510130.0,952117.0,6765220.0,6940.77,367.75,2525.38,7270990.0,0.00102291,98.0423,-179.914,-110.189,-179.973,8,1,1443356336,303536,2386,531039,0.818142,0.181858,170.05,1,0.0,0,0,0,0,0.000250551,-0.00270079,0.000608366,0.00277978,1,0,580.2,0.00268686,0.070169,0.335982,0.0080212,0.939217,-2.78047e-05,8.29927e-06,2.84211e-05,-2.78047e-05,-8.29927e-06,-2.84211e-05,581,-0.124888,-0.384515,0.000440592,-0.923119,0,0,0,1,1,0,0,0,0,0,1,1,1,581,0.00188417,10_36.0_50,Firesat_Attack_RWA,2025-08-28 20:59:17.074,2025-08-28 20:59:16.944,2071-06-24 12:18:38,-35.473937040391256,68.22151170843199,36.0,50.0,attack_rwa,Firesat_Attack_RWA_10_36.0_50,RWA
582,2025,10,0,12,18,57,1.19163,-0.620244,900291,76.5311,-68.5336,102.0,0.0,0.0,0.0,0.0531417,-0.814891,-0.046927,-0.575262,0.129072,-0.00123994,0.000165057,-0.991634,-2503170.0,952482.0,6767750.0,6943.66,366.627,2518.08,-0.00103864,0.0006421,-0.00235782,0.00023555,-0.00270673,0.000604521,0.0027834,582,582,582,50.0,-86.27,-12.9316,0.000894122,-0.00172167,0.0026772,-0.00260946,0.00104808,-0.0050248,0,0,0,0,0,0,-1.26435,-0.573429,-1.06632,-2503180.0,952486.0,6767750.0,6945.3,366.081,2517.3,-2503170.0,952482.0,6767750.0,6943.66,366.627,2518.08,7270900.0,0.00103474,98.0423,-179.914,-110.249,-179.855,8,1,1443356337,303537,2386,531054,0.818164,0.181836,171.153,1,0.0,0,0,0,0,0.00023555,-0.00270673,0.000604521,0.0027834,1,0,581.2,0.00342111,0.0704474,0.337563,0.00795957,0.93863,-2.77732e-05,8.32177e-06,2.84559e-05,-2.77732e-05,-8.32177e-06,-2.84559e-05,582,-0.12489,-0.387607,4.27098e-05,-0.921825,0,0,0,1,1,0,0,0,0,0,1,1,1,582,0.00122109,10_36.0_50,Firesat_Attack_RWA,2025-08-28 20:59:17.074,2025-08-28 20:59:16.944,2071-06-24 12:18:39,-35.53736346831224,68.27536974117429,36.0,50.0,attack_rwa,Firesat_Attack_RWA_10_36.0_50,RWA
583,2025,10,0,12,18,58,1.19257,-0.621356,900289,76.5311,-68.5336,102.0,0.0,0.0,0.0,0.053243,-0.815623,-0.0467314,-0.57423,0.129109,-0.00123993,0.000165102,-0.99163,-2496210.0,952840.0,6770250.0,6946.06,365.748,2511.28,-0.00134666,0.000849823,-0.00235848,0.000229072,-0.0027195,0.000601729,0.00279468,583,583,583,50.0,-86.2752,-13.0377,0.00171678,-0.00206155,0.00279159,-0.00343649,0.00139199,-0.00516297,0,0,0,0,0,0,-1.26561,-0.572429,-1.06468,-2496230.0,952849.0,6770260.0,6947.91,365.077,2510.3,-2496210.0,952840.0,6770250.0,6946.06,365.748,2511.28,7270940.0,0.00102896,98.0422,-179.914,-110.345,-179.701,8,1,1443356338,303538,2386,531068,0.818186,0.181814,172.257,1,0.0,0,0,0,0,0.000229072,-0.0027195,0.000601729,0.00279468,1,0,582.2,0.00257038,0.0704181,0.338755,0.00774116,0.938204,-2.77415e-05,8.34383e-06,2.84908e-05,-2.77415e-05,-8.34383e-06,-2.84908e-05,583,-0.124892,-0.389906,0.000319344,-0.920855,0,0,0,1,1,0,0,0,0,0,1,1,1,583,0.00159238,10_36.0_50,Firesat_Attack_RWA,2025-08-28 20:59:17.074,2025-08-28 20:59:16.944,2071-06-24 12:18:40,-35.60107637513078,68.32922777391659,36.0,50.0,attack_rwa,Firesat_Attack_RWA_10_36.0_50,RWA
584,2025,10,0,12,18,59,1.19351,-0.622474,900284,76.5311,-68.5336,102.0,0.0,0.0,0.0,0.0533489,-0.816407,-0.0465352,-0.573121,0.129145,-0.00123993,0.000165148,-0.991625,-2489280.0,953226.0,6772770.0,6948.93,364.371,2504.19,-0.00164639,0.000887584,-0.00233517,0.000232062,-0.0027337,0.000599444,0.00280826,584,584,584,50.0,-86.2764,-13.1465,0.0020353,-0.00226594,0.00218839,-0.00376073,0.0015974,-0.00456926,0,0,0,0,0,0,-1.26686,-0.571933,-1.06286,-2489270.0,953212.0,6772760.0,6950.51,364.081,2503.27,-2489280.0,953226.0,6772770.0,6948.93,364.371,2504.19,7270960.0,0.00102678,98.0422,-179.914,-110.593,-179.394,8,1,1443356339,303539,2386,531082,0.818208,0.181792,173.366,1,0.0,0,0,0,0,0.000232062,-0.0027337,0.000599444,0.00280826,1,0,583.2,0.00275258,0.0703923,0.340033,0.00751975,0.937745,-2.77094e-05,8.36577e-06,2.85262e-05,-2.77094e-05,-8.36577e-06,-2.85262e-05,584,-0.124893,-0.392371,0.000596869,-0.919807,0,0,0,1,1,0,0,0,0,0,1,1,1,584,0.0018704,10_36.0_50,Firesat_Attack_RWA,2025-08-28 20:59:17.074,2025-08-28 20:59:16.944,2071-06-24 12:18:41,-35.6651330566264,68.38308580665888,36.0,50.0,attack_rwa,Firesat_Attack_RWA_10_36.0_50,RWA
585,2025,10,0,12,19,0,1.19445,-0.623599,900291,76.5311,-68.5336,102.0,0.0,0.0,0.0,0.0534935,-0.817368,-0.0462735,-0.571758,0.129181,-0.00123992,0.000165193,-0.99162,-2482340.0,953588.0,6775270.0,6951.2,363.747,2497.21,-0.00194895,0.000337214,-0.00209969,0.000239799,-0.00273273,0.000587685,0.00280547,585,585,585,50.0,-86.3101,-13.2209,0.00257297,-0.001466,0.00207102,-0.00428311,0.000806942,-0.00443785,0,0,0,0,0,0,-1.2681,-0.571685,-1.06094,-2482330.0,953582.0,6775270.0,6953.03,363.143,2496.3,-2482340.0,953588.0,6775270.0,6951.2,363.747,2497.21,7270920.0,0.00103299,98.0423,-179.914,-110.232,-179.697,8,1,1443356340,303540,2386,531097,0.81823,0.18177,174.477,1,0.0,0,0,0,0,0.000239799,-0.00273273,0.000587685,0.00280547,1,0,584.2,0.00338795,0.0703607,0.341602,0.00722236,0.93718,-2.7677e-05,8.38764e-06,2.85617e-05,-2.7677e-05,-8.38764e-06,-2.85617e-05,585,-0.124888,-0.39539,0.00095949,-0.918513,0,0,0,1,1,0,0,0,0,0,1,1,1,585,0.00197791,10_36.0_50,Firesat_Attack_RWA,2025-08-28 20:59:17.074,2025-08-28 20:59:16.944,2071-06-24 12:18:42,-35.72959080857862,68.43694383940118,36.0,50.0,attack_rwa,Firesat_Attack_RWA_10_36.0_50,RWA
586,2025,10,0,12,19,1,1.19539,-0.624726,900299,76.5311,-68.5336,102.0,0.0,0.0,0.0,0.0536069,-0.818073,-0.0464128,-0.570726,0.129217,-0.00123992,0.000165238,-0.991616,-2475390.0,953930.0,6777770.0,6954.02,362.528,2490.37,-0.00185153,0.000587985,-0.00262103,0.000245918,-0.00274138,0.000588743,0.00281465,586,586,586,50.0,-86.324,-13.3401,0.00245334,-0.0021041,0.00349312,-0.00417418,0.00144174,-0.00585851,0,0,0,0,0,0,-1.26937,-0.571393,-1.05906,-2475380.0,953945.0,6777760.0,6955.54,362.16,2489.33,-2475390.0,953930.0,6777770.0,6954.02,362.528,2490.37,7270840.0,0.00104432,98.0423,-179.914,-109.91,-179.961,8,1,1443356341,303541,2386,531111,0.818253,0.181747,175.587,1,0.0,0,0,0,0,0.000245918,-0.00274138,0.000588743,0.00281465,1,0,585.2,0.00252467,0.0705335,0.342771,0.00727153,0.936739,-2.76445e-05,8.40954e-06,2.8597e-05,-2.76445e-05,-8.40954e-06,-2.8597e-05,586,-0.124889,-0.397682,0.000655561,-0.917523,0,0,0,1,1,0,0,0,0,0,1,1,1,586,0.00194265,10_36.0_50,Firesat_Attack_RWA,2025-08-28 20:59:17.074,2025-08-28 20:59:16.944,2071-06-24 12:18:43,-35.794163152089865,68.49080187214348,36.0,50.0,attack_rwa,Firesat_Attack_RWA_10_36.0_50,RWA
587,2025,10,0,12,19,2,1.19632,-0.625856,900302,76.5311,-68.5336,102.0,0.0,0.0,0.0,0.0539137,-0.818808,-0.0462115,-0.569658,0.129253,-0.00123991,0.000165283,-0.991611,-2468430.0,954290.0,6780250.0,6956.65,361.556,2483.03,-0.00183233,0.00081461,-0.00236676,0.000251274,-0.00276109,0.000590312,0.00283465,587,587,587,50.0,-86.3133,-13.4633,0.00227918,-0.00243414,0.00282266,-0.00401437,0.00176812,-0.00519929,0,0,0,0,0,0,-1.27064,-0.571048,-1.05716,-2468430.0,954299.0,6780250.0,6958.05,361.12,2482.34,-2468430.0,954290.0,6780250.0,6956.65,361.556,2483.03,7270790.0,0.00105242,98.0421,-179.914,-109.764,179.951,8,1,1443356342,303542,2386,531126,0.818275,0.181725,176.701,1,0.0,0,0,0,0,0.000251274,-0.00276109,0.000590312,0.00283465,1,0,586.2,0.00269525,0.0706694,0.343986,0.00693059,0.936286,-2.76116e-05,8.43167e-06,2.86327e-05,-2.76116e-05,-8.43167e-06,-2.86327e-05,587,-0.124896,-0.400008,0.000731449,-0.916511,0,0,0,1,1,0,0,0,0,0,1,1,1,587,0.00200525,10_36.0_50,Firesat_Attack_RWA,2025-08-28 20:59:17.074,2025-08-28 20:59:16.944,2071-06-24 12:18:44,-35.85890738293965,68.54408694709065,36.0,50.0,attack_rwa,Firesat_Attack_RWA_10_36.0_50,RWA
588,2025,10,0,12,19,3,1.19726,-0.626993,900300,76.5311,-68.5336,102.0,0.0,0.0,0.0,0.0541838,-0.819658,-0.0459179,-0.568434,0.129289,-0.0012399,0.000165328,-0.991606,-2461450.0,954663.0,6782730.0,6959.3,360.511,2476.27,-0.00197482,0.000676386,-0.0019686,0.000257859,-0.00277556,0.00058131,0.00284748,588,588,588,50.0,-86.3133,-13.5483,0.00233376,-0.00220745,0.0018919,-0.00406242,0.0015483,-0.00427232,0,0,0,0,0,0,-1.27191,-0.570774,-1.0552,-2461470.0,954657.0,6782730.0,6960.62,360.112,2475.32,-2461450.0,954663.0,6782730.0,6959.3,360.511,2476.27,7270810.0,0.00104873,98.042,-179.915,-109.878,-179.876,8,1,1443356343,303543,2386,531141,0.818298,0.181702,177.822,1,0.0,0,0,0,0,0.000257859,-0.00277556,0.00058131,0.00284748,1,0,587.2,0.00308568,0.0707222,0.345384,0.00653521,0.93577,-2.7578e-05,8.45383e-06,2.86688e-05,-2.7578e-05,-8.45383e-06,-2.86688e-05,588,-0.124898,-0.402679,0.00101404,-0.915341,0,0,0,1,1,0,0,0,0,0,1,1,1,588,0.00208744,10_36.0_50,Firesat_Attack_RWA,2025-08-28 20:59:17.074,2025-08-28 20:59:16.944,2071-06-24 12:18:45,-35.92405268424603,68.59794497983295,36.0,50.0,attack_rwa,Firesat_Attack_RWA_10_36.0_50,RWA
589,2025,10,0,12,19,4,1.1982,-0.628138,900295,76.5311,-68.5336,102.0,0.0,0.0,0.0,0.0543419,-0.820428,-0.0460772,-0.567293,0.129325,-0.0012399,0.000165374,-0.991601,-2454490.0,955015.0,6785190.0,6961.55,359.714,2469.08,-0.00178416,0.000720228,-0.00244875,0.000259013,-0.00279094,0.000578916,0.00286209,589,589,589,50.0,-86.3114,-13.6561,0.00202149,-0.00221179,0.00301824,-0.00375619,0.00155418,-0.00541244,0,0,0,0,0,0,-1.2732,-0.570249,-1.05332,-2454500.0,955019.0,6785200.0,6963.22,359.14,2468.29,-2454490.0,955015.0,6785190.0,6961.55,359.714,2469.08,7270890.0,0.00103713,98.0421,-179.914,-110.078,-179.618,8,1,1443356344,303544,2386,531156,0.818321,0.181679,178.946,1,0.0,0,0,0,0,0.000259013,-0.00279094,0.000578916,0.00286209,1,0,588.2,0.00278989,0.070943,0.34667,0.00657498,0.935277,-2.7544e-05,8.4759e-06,2.87052e-05,-2.7544e-05,-8.4759e-06,-2.87052e-05,589,-0.124896,-0.405194,0.000637851,-0.914231,0,0,0,1,1,0,0,0,0,0,1,1,1,589,0.00192405,10_36.0_50,Firesat_Attack_RWA,2025-08-28 20:59:17.074,2025-08-28 20:59:16.944,2071-06-24 12:18:46,-35.989656351788504,68.65180301257523,36.0,50.0,attack_rwa,Firesat_Attack_RWA_10_36.0_50,RWA
590,2025,10,0,12,19,5,1.19914,-0.629287,900291,76.5311,-68.5336,102.0,0.0,0.0,0.0,0.0546707,-0.821297,-0.0459642,-0.566012,0.129362,-0.00123989,0.000165419,-0.991597,-2447530.0,955403.0,6787660.0,6964.2,358.645,2462.12,-0.00162103,0.000484492,-0.00226137,0.000256621,-0.00279803,0.000576453,0.0028683,590,590,590,50.0,-86.3274,-13.7657,0.00149641,-0.00198642,0.0020406,-0.00323525,0.0013314,-0.00444593,0,0,0,0,0,0,-1.27449,-0.569523,-1.05146,-2447530.0,955379.0,6787660.0,6965.76,358.166,2461.25,-2447530.0,955403.0,6787660.0,6964.2,358.645,2462.12,7270890.0,0.00103642,98.0422,-179.914,-110.253,-179.385,8,1,1443356345,303545,2386,531171,0.818344,0.181656,180.075,1,0.0,0,0,0,0,0.000256621,-0.00279803,0.000576453,0.0028683,1,0,589.2,0.00317086,0.0711476,0.348115,0.00629382,0.934727,-2.75096e-05,8.4979e-06,2.87419e-05,-2.75096e-05,-8.4979e-06,-2.87419e-05,590,-0.124894,-0.407973,0.000556756,-0.912994,0,0,0,1,1,0,0,0,0,0,1,1,1,590,0.00169189,10_36.0_50,Firesat_Attack_RWA,2025-08-28 20:59:17.074,2025-08-28 20:59:16.944,2071-06-24 12:18:47,-36.05548920244904,68.70566104531754,36.0,50.0,attack_rwa,Firesat_Attack_RWA_10_36.0_50,RWA
591,2025,10,0,12,19,6,1.20008,-0.630444,900294,76.5311,-68.5336,102.0,0.0,0.0,0.0,0.0547518,-0.821855,-0.045685,-0.565216,0.129398,-0.00123989,0.000165464,-0.991592,-2440570.0,955736.0,6790120.0,6966.62,357.549,2454.99,-0.0020585,0.00140668,-0.00215148,0.000260463,-0.00283558,0.000565245,0.00290308,591,591,591,50.0,-86.2776,-13.8441,0.00262796,-0.00336691,0.00267207,-0.00436191,0.00272174,-0.00510958,0,0,0,0,0,0,-1.27582,-0.569131,-1.04952,-2440570.0,955746.0,6790120.0,6968.28,357.24,2454.24,-2440570.0,955736.0,6790120.0,6966.62,357.549,2454.99,7270890.0,0.00103662,98.0424,-179.914,-110.11,-179.47,8,1,1443356346,303546,2386,531186,0.818367,0.181633,181.209,1,0.0,0,0,0,0,0.000260463,-0.00283558,0.000565245,0.00290308,1,0,590.2,0.0020315,0.0710539,0.34903,0.00601865,0.934394,-2.74746e-05,8.51966e-06,2.8779e-05,-2.74746e-05,-8.51966e-06,-2.8779e-05,591,-0.124887,-0.40971,0.000994343,-0.912215,0,0,0,1,1,0,0,0,0,0,1,1,1,591,0.00249323,10_36.0_50,Firesat_Attack_RWA,2025-08-28 20:59:17.074,2025-08-28 20:59:16.944,2071-06-24 12:18:48,-36.12178041934568,68.75951907805984,36.0,50.0,attack_rwa,Firesat_Attack_RWA_10_36.0_50,RWA
592,2025,10,0,12,19,7,1.20101,-0.631601,900297,76.5311,-68.5336,102.0,0.0,0.0,0.0,0.0547577,-0.822742,-0.0458691,-0.563909,0.129434,-0.00123988,0.000165509,-0.991587,-2433620.0,956115.0,6792580.0,6968.9,356.608,2448.46,-0.0020948,0.0010787,-0.00281216,0.000268798,-0.00286043,0.000574228,0.00292985,592,592,592,50.0,-86.2531,-13.9961,0.00226874,-0.00254279,0.00319822,-0.00403267,0.00188537,-0.00564737,0,0,0,0,0,0,-1.27716,-0.569027,-1.0474,-2433600.0,956100.0,6792570.0,6970.77,356.236,2447.24,-2433620.0,956115.0,6792580.0,6968.9,356.608,2448.46,7270860.0,0.00104128,98.0423,-179.914,-109.939,-179.583,8,1,1443356347,303547,2386,531201,0.818391,0.181609,182.356,1,0.0,0,0,0,0,0.000268798,-0.00286043,0.000574228,0.00292985,1,0,591.2,0.00317845,0.0711643,0.350505,0.00616605,0.933833,-2.74385e-05,8.54155e-06,2.8817e-05,-2.74385e-05,-8.54155e-06,-2.8817e-05,592,-0.12489,-0.412598,0.000746038,-0.910913,0,0,0,1,1,0,0,0,0,0,1,1,1,592,0.00235622,10_36.0_50,Firesat_Attack_RWA,2025-08-28 20:59:17.074,2025-08-28 20:59:16.944,2071-06-24 12:18:49,-36.18807163624231,68.812804153007,36.0,50.0,attack_rwa,Firesat_Attack_RWA_10_36.0_50,RWA
593,2025,10,0,12,19,8,1.20195,-0.632766,900306,76.5311,-68.5336,102.0,0.0,0.0,0.0,0.0552237,-0.823575,-0.0456235,-0.562666,0.12947,-0.00123987,0.000165555,-0.991583,-2426640.0,956460.0,6795020.0,6971.51,355.508,2441.24,-0.00185377,0.00102074,-0.00224578,0.000268133,-0.002878,0.00056726,0.0029456,593,593,593,50.0,-86.246,-14.0933,0.00199314,-0.00234901,0.00251973,-0.00375576,0.0016983,-0.00498795,0,0,0,0,0,0,-1.27851,-0.568407,-1.04541,-2426640.0,956462.0,6795020.0,6973.22,355.289,2440.25,-2426640.0,956460.0,6795020.0,6971.51,355.508,2441.24,7270790.0,0.00105264,98.0424,-179.914,-109.569,-179.894,8,1,1443356348,303548,2386,531216,0.818414,0.181586,183.51,1,0.0,0,0,0,0,0.000268133,-0.002878,0.00056726,0.0029456,1,0,592.2,0.00317266,0.0714052,0.351901,0.00569757,0.933292,-2.74018e-05,8.56362e-06,2.88554e-05,-2.74018e-05,-8.56362e-06,-2.88554e-05,593,-0.124885,-0.415251,0.000752387,-0.909706,0,0,0,1,1,0,0,0,0,0,1,1,1,593,0.00211622,10_36.0_50,Firesat_Attack_RWA,2025-08-28 20:59:17.074,2025-08-28 20:59:16.944,2071-06-24 12:18:50,-36.25482121937505,68.8666621857493,36.0,50.0,attack_rwa,Firesat_Attack_RWA_10_36.0_50,RWA
594,2025,10,0,12,19,9,1.20289,-0.633935,900306,76.5311,-68.5336,102.0,0.0,0.0,0.0,0.055413,-0.824482,-0.0454284,-0.561333,0.129506,-0.00123987,0.0001656,-0.991578,-2419660.0,956807.0,6797460.0,6973.99,354.519,2434.24,-0.00201759,0.000715748,-0.00206616,0.000271573,-0.0028842,0.000558421,0.00295029,594,594,594,50.0,-86.2633,-14.1824,0.00234428,-0.00194682,0.00244385,-0.0040993,0.00130359,-0.00491259,0,0,0,0,0,0,-1.27987,-0.568036,-1.04334,-2419670.0,956815.0,6797460.0,6975.72,354.287,2433.23,-2419660.0,956807.0,6797460.0,6973.99,354.519,2434.24,7270770.0,0.00105555,98.0424,-179.914,-109.559,-179.846,8,1,1443356349,303549,2386,531232,0.818438,0.181562,184.668,1,0.0,0,0,0,0,0.000271573,-0.0028842,0.000558421,0.00295029,1,0,593.2,0.00327012,0.0714483,0.353408,0.00542913,0.932721,-2.73646e-05,8.58546e-06,2.88941e-05,-2.73646e-05,-8.58546e-06,-2.88941e-05,594,-0.124887,-0.418139,0.000967826,-0.908382,0,0,0,1,1,0,0,0,0,0,1,1,1,594,0.00214078,10_36.0_50,Firesat_Attack_RWA,2025-08-28 20:59:17.074,2025-08-28 20:59:16.944,2071-06-24 12:18:51,-36.32179998562584,68.9205202184916,36.0,50.0,attack_rwa,Firesat_Attack_RWA_10_36.0_50,RWA
595,2025,10,0,12,19,10,1.20382,-0.635108,900305,76.5311,-68.5336,102.0,0.0,0.0,0.0,0.0553301,-0.825074,-0.0455456,-0.560461,0.129542,-0.00123986,0.000165645,-0.991573,-2412690.0,957149.0,6799890.0,6976.81,353.613,2427.19,-0.00228972,0.00148015,-0.00279025,0.000280863,-0.00291556,0.000565665,0.00298318,595,595,595,50.0,-86.227,-14.3296,0.00273989,-0.00313446,0.0037911,-0.00452367,0.00248039,-0.00627663,0,0,0,0,0,0,-1.28127,-0.568013,-1.04117,-2412690.0,957163.0,6799890.0,6978.21,353.26,2426.19,-2412690.0,957149.0,6799890.0,6976.81,353.613,2427.19,7270750.0,0.00105733,98.0423,-179.914,-109.618,-179.729,8,1,1443356350,303550,2386,531247,0.818461,0.181539,185.83,1,0.0,0,0,0,0,0.000280863,-0.00291556,0.000565665,0.00298318,1,0,594.2,0.00212775,0.0714477,0.354394,0.00557272,0.932346,-2.7327e-05,8.60739e-06,2.89331e-05,-2.7327e-05,-8.60739e-06,-2.89331e-05,595,-0.124892,-0.420067,0.000903227,-0.907492,0,0,0,1,1,0,0,0,0,0,1,1,1,595,0.00272647,10_36.0_50,Firesat_Attack_RWA,2025-08-28 20:59:17.074,2025-08-28 20:59:16.944,2071-06-24 12:18:52,-36.38900793499469,68.97380529343876,36.0,50.0,attack_rwa,Firesat_Attack_RWA_10_36.0_50,RWA
596,2025,10,0,12,19,11,1.20476,-0.636286,900306,76.5311,-68.5336,102.0,0.0,0.0,0.0,0.0555547,-0.826021,-0.0451566,-0.559074,0.129579,-0.00123986,0.00016569,-0.991568,-2405720.0,957536.0,6802320.0,6979.21,352.899,2420.36,-0.00261453,0.00109725,-0.00223656,0.000295548,-0.00293393,0.000564041,0.00300224,596,596,596,50.0,-86.2172,-14.4475,0.00274675,-0.00239472,0.00193485,-0.00453975,0.00173733,-0.00441484,0,0,0,0,0,0,-1.28266,-0.568258,-1.03883,-2405710.0,957513.0,6802310.0,6980.67,352.251,2419.17,-2405720.0,957536.0,6802320.0,6979.21,352.899,2420.36,7270710.0,0.00106394,98.0422,-179.914,-109.587,-179.702,8,1,1443356351,303551,2386,531262,0.818485,0.181515,187.001,1,0.0,0,0,0,0,0.000295548,-0.00293393,0.000564041,0.00300224,1,0,595.2,0.0034784,0.0714085,0.355966,0.00512526,0.931753,-2.72884e-05,8.62979e-06,2.89727e-05,-2.72884e-05,-8.62979e-06,-2.89727e-05,596,-0.124894,-0.423048,0.00142116,-0.906106,0,0,0,1,1,0,0,0,0,0,1,1,1,596,0.00283544,10_36.0_50,Firesat_Attack_RWA,2025-08-28 20:59:17.074,2025-08-28 20:59:16.944,2071-06-24 12:18:53,-36.4565023632611,69.02766332618106,36.0,50.0,attack_rwa,Firesat_Attack_RWA_10_36.0_50,RWA
597,2025,10,0,12,19,12,1.20569,-0.637475,900308,76.5311,-68.5336,102.0,0.0,0.0,0.0,0.0558725,-0.826943,-0.0454135,-0.557656,0.129615,-0.00123985,0.000165735,-0.991564,-2398700.0,957871.0,6804710.0,6981.61,351.681,2413.32,-0.00205237,0.000645556,-0.0026287,0.00029421,-0.00293583,0.000560785,0.00300335,597,597,597,50.0,-86.2443,-14.5574,0.00196275,-0.00174676,0.00336069,-0.00375772,0.0010924,-0.00584468,0,0,0,0,0,0,-1.28406,-0.567687,-1.03673,-2398730.0,957874.0,6804730.0,6983.16,351.325,2412.14,-2398700.0,957871.0,6804710.0,6981.61,351.681,2413.32,7270730.0,0.00106144,98.0424,-179.914,-109.491,-179.739,8,1,1443356352,303552,2386,531278,0.818509,0.181491,188.176,1,0.0,0,0,0,0,0.00029421,-0.00293583,0.000560785,0.00300335,1,0,596.2,0.00347944,0.0718162,0.357534,0.00515339,0.93112,-2.72494e-05,8.65227e-06,2.90124e-05,-2.72494e-05,-8.65227e-06,-2.90124e-05,597,-0.124887,-0.426101,0.000735585,-0.904675,0,0,0,1,1,0,0,0,0,0,1,1,1,597,0.0021515,10_36.0_50,Firesat_Attack_RWA,2025-08-28 20:59:17.074,2025-08-28 20:59:16.944,2071-06-24 12:18:54,-36.52462704510216,69.08094840112823,36.0,50.0,attack_rwa,Firesat_Attack_RWA_10_36.0_50,RWA
598,2025,10,0,12,19,13,1.20663,-0.638668,900299,76.5311,-68.5336,102.0,0.0,0.0,0.0,0.0564754,-0.827721,-0.0453296,-0.556448,0.129651,-0.00123984,0.000165781,-0.991559,-2391740.0,958244.0,6807130.0,6983.95,350.575,2406.14,-0.0014075,0.00078053,-0.00218809,0.000280916,-0.00294365,0.000556288,0.00300889,598,598,598,50.0,-86.2594,-14.6645,0.000730282,-0.0021735,0.00198455,-0.00252652,0.00152701,-0.00449848,0,0,0,0,0,0,-1.28548,-0.566459,-1.03484,-2391740.0,958226.0,6807130.0,6985.71,350.344,2405.06,-2391740.0,958244.0,6807130.0,6983.95,350.575,2406.14,7270820.0,0.00104774,98.0425,-179.914,-109.887,-179.285,8,1,1443356353,303553,2386,531294,0.818534,0.181466,189.35,1,0.0,0,0,0,0,0.000280916,-0.00294365,0.000556288,0.00300889,1,0,597.2,0.00312098,0.0722619,0.358864,0.00473885,0.930576,-2.72103e-05,8.67448e-06,2.90522e-05,-2.72103e-05,-8.67448e-06,-2.90522e-05,598,-0.124885,-0.428634,0.000332752,-0.903478,0,0,0,1,1,0,0,0,0,0,1,1,1,598,0.00160944,10_36.0_50,Firesat_Attack_RWA,2025-08-28 20:59:17.074,2025-08-28 20:59:16.944,2071-06-24 12:18:55,-36.592980910061264,69.13480643387052,36.0,50.0,attack_rwa,Firesat_Attack_RWA_10_36.0_50,RWA
599,2025,10,0,12,19,14,1.20756,-0.639866,900300,76.5311,-68.5336,102.0,0.0,0.0,0.0,0.0564647,-0.828438,-0.045131,-0.555397,0.129687,-0.00123984,0.000165826,-0.991554,-2384750.0,958573.0,6809540.0,6986.5,349.58,2399.07,-0.00190965,0.00121805,-0.00225294,0.000275958,-0.00296819,0.000546246,0.00303062,599,599,599,50.0,-86.2372,-14.7522,0.0021257,-0.00294427,0.00279193,-0.0039172,0.00230892,-0.00533924,0,0,0,0,0,0,-1.28691,-0.56568,-1.03281,-2384750.0,958583.0,6809530.0,6988.16,349.397,2398.02,-2384750.0,958573.0,6809540.0,6986.5,349.58,2399.07,7270780.0,0.00105277,98.0426,-179.913,-109.829,-179.285,8,1,1443356354,303554,2386,531310,0.818558,0.181442,190.528,1,0.0,0,0,0,0,0.000275958,-0.00296819,0.000546246,0.00303062,1,0,598.2,0.00257569,0.0721393,0.360054,0.00458235,0.930127,-2.71707e-05,8.69608e-06,2.90925e-05,-2.71707e-05,-8.69608e-06,-2.90925e-05,599,-0.12488,-0.430906,0.000750715,-0.902397,0,0,0,1,2,0,0,0,0,0,1,1,1,599,0.00226504,10_36.0_50,Firesat_Attack_RWA,2025-08-28 20:59:17.074,2025-08-28 20:59:16.944,2071-06-24 12:18:56,-36.661621253917936,69.18809150881769,36.0,50.0,attack_rwa,Firesat_Attack_RWA_10_36.0_50,RWA
600,2025,10,0,12,19,15,1.2085,-0.641067,900303,76.5311,-68.5336,102.0,0.0,0.0,0.0,0.0566254,-0.829357,-0.0449662,-0.55402,0.129723,-0.00123983,0.000165871,-0.991549,-2377780.0,958931.0,6811930.0,6988.88,348.873,2392.02,-0.00209119,0.00092118,-0.00213689,0.000280625,-0.00298395,0.000540564,0.00304547,600,600,600,50.0,-86.2325,-14.8569,0.00228164,-0.00234862,0.00235443,-0.00407444,0.00171703,-0.00491012,0,0,0,0,0,0,-1.28833,-0.565428,-1.03057,-2377770.0,958928.0,6811930.0,6990.6,348.381,2391.0,-2377780.0,958931.0,6811930.0,6988.88,348.873,2392.02,7270760.0,0.00105687,98.0425,-179.914,-109.678,-179.378,8,1,1443356355,303555,2386,531326,0.818583,0.181417,191.714,1,0.0,0,0,0,0,0.000280625,-0.00298395,0.000540564,0.00304547,1,0,599.2,0.00334322,0.0721764,0.361597,0.00435519,0.929526,-2.71304e-05,8.71749e-06,2.91332e-05,-2.71304e-05,-8.71749e-06,-2.91332e-05,600,-0.124883,-0.433854,0.000955729,-0.900983,0,0,0,1,1,0,0,0,0,0,1,1,1,600,0.00228509,10_36.0_50,Firesat_Attack_RWA,2025-08-28 20:59:17.074,2025-08-28 20:59:16.944,2071-06-24 12:18:57,-36.730433485113146,69.24194954155998,36.0,50.0,attack_rwa,Firesat_Attack_RWA_10_36.0_50,RWA
601,2025,10,0,12,19,16,1.20943,-0.642274,900308,76.5311,-68.5336,102.0,0.0,0.0,0.0,0.056864,-0.830242,-0.0450652,-0.552661,0.129759,-0.00123982,0.000165916,-0.991545,-2370780.0,959282.0,6814320.0,6991.42,347.948,2384.97,-0.00184702,0.000686008,-0.00236795,0.000279308,-0.00299037,0.000537208,0.00305105,601,601,601,50.0,-86.2487,-14.9703,0.00184478,-0.00206188,0.00284311,-0.0036409,0.00143345,-0.00540745,0,0,0,0,0,0,-1.28976,-0.564868,-1.02841,-2370780.0,959278.0,6814320.0,6993.01,347.404,2383.97,-2370780.0,959282.0,6814320.0,6991.42,347.948,2384.97,7270690.0,0.00106588,98.0426,-179.914,-109.488,-179.509,8,1,1443356356,303556,2386,531342,0.818607,0.181393,192.902,1,0.0,0,0,0,0,0.000279308,-0.00299037,0.000537208,0.00305105,1,0,600.2,0.00328292,0.0724286,0.363101,0.00429937,0.928921,-2.70897e-05,8.73881e-06,2.91742e-05,-2.70897e-05,-8.73881e-06,-2.91742e-05,601,-0.124882,-0.436755,0.000626321,-0.89958,0,0,0,2,2,0,0,0,0,0,1,1,1,601,0.0019703,10_36.0_50,Firesat_Attack_RWA,2025-08-28 20:59:17.074,2025-08-28 20:59:16.944,2071-06-24 12:18:58,-36.79958949098544,69.29523461650716,36.0,50.0,attack_rwa,Firesat_Attack_RWA_10_36.0_50,RWA
602,2025,10,0,12,19,17,1.21036,-0.643487,900309,76.5311,-68.5336,102.0,0.0,0.0,0.0,0.0567456,-0.831094,-0.0449169,-0.551403,0.129795,-0.00123982,0.000165961,-0.99154,-2363790.0,959618.0,6816710.0,6993.93,346.92,2377.87,-0.00247725,0.00066571,-0.00259702,0.000289498,-0.00299807,0.000539662,0.00305998,602,602,602,50.0,-86.2627,-15.1052,0.00301212,-0.00230043,0.00344546,-0.00482285,0.00166564,-0.0060007,0,0,0,0,0,0,-1.29121,-0.564934,-1.02606,-2363790.0,959626.0,6816700.0,6995.44,346.418,2376.92,-2363790.0,959618.0,6816710.0,6993.93,346.92,2377.87,7270670.0,0.00106984,98.0426,-179.914,-109.458,-179.481,8,1,1443356357,303557,2386,531358,0.818632,0.181368,194.091,1,0.0,0,0,0,0,0.000289498,-0.00299807,0.000539662,0.00305998,1,0,601.2,0.00306399,0.0722465,0.364521,0.00424584,0.928379,-2.70488e-05,8.76017e-06,2.92153e-05,-2.70488e-05,-8.76017e-06,-2.92153e-05,602,-0.124881,-0.439475,0.00108274,-0.898254,0,0,0,2,2,0,0,0,0,0,1,1,1,602,0.00256514,10_36.0_50,Firesat_Attack_RWA,2025-08-28 20:59:17.074,2025-08-28 20:59:16.944,2071-06-24 12:18:59,-36.8690892715348,69.34851969145433,36.0,50.0,attack_rwa,Firesat_Attack_RWA_10_36.0_50,RWA
603,2025,10,0,12,19,18,1.21129,-0.644705,900312,76.5311,-68.5336,102.0,0.0,0.0,0.0,0.0574035,-0.832714,-0.0449116,-0.548885,0.129832,-0.00123981,0.000166007,-0.991535,-2356800.0,959976.0,6819070.0,6996.3,345.72,2371.1,-0.00164001,-0.00222248,-0.00199423,0.000287918,-0.00303254,0.00053515,0.00309282,603,603,603,50.0,-86.2158,-15.2191,0.00125771,0.00389636,0.00199311,-0.00307743,-0.00452677,-0.00458643,0,0,0,0,0,0,-1.29262,-0.564326,-1.02385,-2356790.0,959969.0,6819080.0,6997.86,345.41,2369.9,-2356800.0,959976.0,6819070.0,6996.3,345.72,2371.1,7270640.0,0.00107335,98.0425,-179.914,-109.299,-179.582,8,1,1443356358,303558,2386,531374,0.818658,0.181342,195.316,1,0.0,0,0,0,0,0.000287918,-0.00303254,0.00053515,0.00309282,1,0,603.0,0.00371622,0.0727824,0.367292,0.0038641,0.927246,-2.70072e-05,8.78173e-06,2.92567e-05,-2.70072e-05,-8.78173e-06,-2.92567e-05,603,-0.124884,-0.444777,0.000584665,-0.895641,0,0,0,1,1,0,0,0,0,0,1,1,1,603,0.00276207,10_36.0_50,Firesat_Attack_RWA,2025-08-28 20:59:17.074,2025-08-28 20:59:16.944,2071-06-24 12:19:00,-36.93887553098174,69.40180476640148,36.0,50.0,attack_rwa,Firesat_Attack_RWA_10_36.0_50,RWA
604,2025,10,0,12,19,19,1.21223,-0.645929,900315,76.5311,-68.5336,102.0,0.0,0.0,0.0,0.0573004,-0.833349,-0.0448288,-0.547939,0.129868,-0.00123981,0.000166052,-0.991531,-2349800.0,960302.0,6821470.0,6998.7,344.777,2363.78,-0.00217839,-0.00145264,-0.00236597,0.000284433,-0.00302426,0.00053401,0.00308419,604,604,604,50.0,-86.265,-15.3422,0.00260941,0.00160217,0.00308621,-0.0044329,-0.00223107,-0.00567656,0,0,0,0,0,0,-1.29408,-0.563667,-1.02168,-2349800.0,960315.0,6821440.0,7000.28,344.423,2362.87,-2349800.0,960302.0,6821470.0,6998.7,344.777,2363.78,7270650.0,0.0010736,98.0425,-179.914,-109.125,-179.698,8,1,1443356359,303559,2386,531391,0.818683,0.181317,196.51,1,0.0,0,0,0,0,0.000284433,-0.00302426,0.00053401,0.00308419,1,0,604.0,0.00229397,0.0726504,0.368355,0.00385545,0.926834,-2.69655e-05,8.80299e-06,2.92982e-05,-2.69655e-05,-8.80299e-06,-2.92982e-05,604,-0.124884,-0.446811,0.000893953,-0.894628,0,0,0,2,2,0,0,0,0,0,1,1,1,604,0.00261831,10_36.0_50,Firesat_Attack_RWA,2025-08-28 20:59:17.074,2025-08-28 20:59:16.944,2071-06-24 12:19:01,-37.00900556510575,69.45566279914378,36.0,50.0,attack_rwa,Firesat_Attack_RWA_10_36.0_50,RWA
605,2025,10,0,12,19,20,1.21316,-0.647158,900323,76.5311,-68.5336,102.0,0.0,0.0,0.0,0.0577821,-0.834385,-0.0447076,-0.546319,0.129904,-0.0012398,0.000166097,-0.991526,-2342800.0,960653.0,6823810.0,7001.01,343.856,2356.97,-0.00177677,-0.00216843,-0.00192256,0.000296088,-0.00305767,0.000544777,0.0031199,605,605,605,50.0,-86.2219,-15.5097,0.00142782,0.00359843,0.00167411,-0.00328886,-0.00424284,-0.00427954,0,0,0,0,0,0,-1.29554,-0.563836,-1.01925,-2342800.0,960653.0,6823810.0,7002.7,343.392,2355.88,-2342800.0,960653.0,6823810.0,7001.01,343.856,2356.97,7270690.0,0.00106902,98.0424,-179.914,-108.721,179.956,8,1,1443356360,303560,2386,531407,0.818708,0.181292,197.709,1,0.0,0,0,0,0,0.000296088,-0.00305767,0.000544777,0.0031199,1,0,605.0,0.00397245,0.0729756,0.370133,0.00347987,0.926102,-2.69232e-05,8.8245e-06,2.93399e-05,-2.69232e-05,-8.8245e-06,-2.93399e-05,605,-0.12489,-0.450187,0.000723756,-0.892934,0,0,0,1,1,0,0,0,0,0,1,1,1,605,0.00280339,10_36.0_50,Firesat_Attack_RWA,2025-08-28 20:59:17.074,2025-08-28 20:59:16.944,2071-06-24 12:19:02,-37.07942207812733,69.50894787409095,36.0,50.0,attack_rwa,Firesat_Attack_RWA_10_36.0_50,RWA
606,2025,10,0,12,19,21,1.21409,-0.648394,900323,76.5311,-68.5336,102.0,0.0,0.0,0.0,0.0579044,-0.835232,-0.0445766,-0.54502,0.12994,-0.00123979,0.000166142,-0.991521,-2335790.0,961002.0,6826170.0,7003.48,342.494,2349.85,-0.00198867,-0.00215911,-0.00190201,0.000294227,-0.00305595,0.000539527,0.00311713,606,606,606,50.0,-86.2571,-15.6183,0.00188903,0.00305456,0.00164402,-0.00374798,-0.00369372,-0.00425056,0,0,0,0,0,0,-1.29702,-0.563288,-1.017,-2335790.0,960997.0,6826160.0,7005.1,342.404,2348.82,-2335790.0,961001.0,6826170.0,7003.48,342.494,2349.85,7270660.0,0.00107239,98.0424,-179.914,-108.741,-179.966,8,1,1443356361,303561,2386,531424,0.818734,0.181266,198.911,1,0.0,0,0,0,0,0.000294227,-0.00305595,0.000539527,0.00311713,1,0,606.0,0.00312102,0.0730006,0.371571,0.00330241,0.925524,-2.68803e-05,8.84618e-06,2.9382e-05,-2.68803e-05,-8.84618e-06,-2.9382e-05,606,-0.124889,-0.452922,0.00091434,-0.891549,0,0,0,2,2,0,0,0,0,0,1,1,1,606,0.0029354,10_36.0_50,Firesat_Attack_RWA,2025-08-28 20:59:17.074,2025-08-28 20:59:16.944,2071-06-24 12:19:03,-37.150239661605504,69.5622329490381,36.0,50.0,attack_rwa,Firesat_Attack_RWA_10_36.0_50,RWA
607,2025,10,0,12,19,22,1.21502,-0.649637,900325,76.5311,-68.5336,102.0,0.0,0.0,0.0,0.0581395,-0.835956,-0.0447301,-0.543871,0.129976,-0.00123979,0.000166187,-0.991516,-2328790.0,961350.0,6828510.0,7005.78,342.01,2343.0,-0.00170081,-0.0017702,-0.00225772,0.000297813,-0.00306373,0.000533912,0.00312413,607,607,607,50.0,-86.271,-15.7255,0.00121711,0.00216442,0.00234044,-0.00307591,-0.00279968,-0.00494891,0,0,0,0,0,0,-1.2985,-0.56304,-1.01466,-2328790.0,961342.0,6828510.0,7007.53,341.431,2341.77,-2328790.0,961350.0,6828510.0,7005.78,342.01,2343.0,7270700.0,0.0010681,98.0425,-179.914,-108.641,179.993,8,1,1443356362,303562,2386,531440,0.818759,0.181241,200.113,1,0.0,0,0,0,0,0.000297813,-0.00306373,0.000533912,0.00312413,1,0,607.0,0.00277394,0.0732812,0.372824,0.0032933,0.924998,-2.68373e-05,8.86772e-06,2.9424e-05,-2.68373e-05,-8.86772e-06,-2.9424e-05,607,-0.124887,-0.455333,0.000488721,-0.890321,0,0,0,2,1,0,0,0,0,0,1,1,1,607,0.00245486,10_36.0_50,Firesat_Attack_RWA,2025-08-28 20:59:17.074,2025-08-28 20:59:16.944,2071-06-24 12:19:04,-37.22145831554026,69.61551802398529,36.0,50.0,attack_rwa,Firesat_Attack_RWA_10_36.0_50,RWA
608,2025,10,0,12,19,23,1.21595,-0.650885,900323,76.5311,-68.5336,102.0,0.0,0.0,0.0,0.0583878,-0.836794,-0.0445208,-0.542572,0.130012,-0.00123978,0.000166233,-0.991512,-2321790.0,961684.0,6830820.0,7008.1,341.077,2335.83,-0.00178704,-0.00169761,-0.00196277,0.000293394,-0.00308864,0.000536326,0.00314855,608,608,608,50.0,-86.2468,-15.8634,0.00159087,0.00238032,0.00182764,-0.00346955,-0.00301744,-0.00446899,0,0,0,0,0,0,-1.29998,-0.562367,-1.01242,-2321780.0,961686.0,6830850.0,7009.9,340.459,2334.68,-2321790.0,961684.0,6830820.0,7008.1,341.077,2335.83,7270620.0,0.00107864,98.0426,-179.914,-108.761,-179.829,8,1,1443356363,303563,2386,531457,0.818785,0.181215,201.319,1,0.0,0,0,0,0,0.000293394,-0.00308864,0.000536326,0.00314855,1,0,608.0,0.00315865,0.0733646,0.374255,0.00297943,0.924414,-2.67938e-05,8.88917e-06,2.94664e-05,-2.67938e-05,-8.88917e-06,-2.94664e-05,608,-0.124884,-0.458034,0.000691725,-0.888935,0,0,0,1,2,0,0,0,0,0,1,1,1,608,0.00246483,10_36.0_50,Firesat_Attack_RWA,2025-08-28 20:59:17.074,2025-08-28 20:59:16.944,2071-06-24 12:19:05,-37.29296344837259,69.66880309893246,36.0,50.0,attack_rwa,Firesat_Attack_RWA_10_36.0_50,RWA
609,2025,10,0,12,19,24,1.21688,-0.652138,900314,76.5311,-68.5336,102.0,0.0,0.0,0.0,0.0584449,-0.837604,-0.0444624,-0.541319,0.130048,-0.00123978,0.000166278,-0.991507,-2314760.0,962025.0,6833170.0,7010.67,340.033,2328.89,-0.00203377,-0.00153854,-0.00213903,0.000292988,-0.00311079,0.000531957,0.00316952,609,609,609,50.0,-86.2286,-15.9776,0.0021176,0.00185417,0.0022188,-0.00400281,-0.00248741,-0.00488356,0,0,0,0,0,0,-1.30149,-0.561918,-1.01009,-2314770.0,962025.0,6833170.0,7012.28,339.459,2327.55,-2314760.0,962025.0,6833170.0,7010.67,340.033,2328.89,7270520.0,0.00109026,98.0426,-179.914,-109.244,-179.287,8,1,1443356364,303564,2386,531474,0.818811,0.181189,202.533,1,0.0,0,0,0,0,0.000292988,-0.00311079,0.000531957,0.00316952,1,0,609.0,0.002989,0.0733779,0.375637,0.00289887,0.923853,-2.67494e-05,8.91051e-06,2.95093e-05,-2.67494e-05,-8.91051e-06,-2.95093e-05,609,-0.124883,-0.460667,0.000821926,-0.887573,0,0,0,2,2,0,0,0,0,0,1,1,1,609,0.00255016,10_36.0_50,Firesat_Attack_RWA,2025-08-28 20:59:17.074,2025-08-28 20:59:16.944,2071-06-24 12:19:06,-37.36475506010248,69.72208817387961,36.0,50.0,attack_rwa,Firesat_Attack_RWA_10_36.0_50,RWA
610,2025,10,0,12,19,25,1.21781,-0.653399,900312,76.5311,-68.5336,102.0,0.0,0.0,0.0,0.0586248,-0.838511,-0.0445238,-0.539888,0.130085,-0.00123977,0.000166323,-0.991502,-2307760.0,962371.0,6835490.0,7013.15,338.914,2321.75,-0.00194236,-0.00175991,-0.00234948,0.00029866,-0.00314183,0.00053185,0.00320049,610,610,610,50.0,-86.1907,-16.1087,0.00174086,0.00263773,0.00241895,-0.00364337,-0.00327349,-0.00510625,0,0,0,0,0,0,-1.30302,-0.561813,-1.00762,-2307760.0,962365.0,6835490.0,7014.7,338.47,2320.48,-2307760.0,962371.0,6835490.0,7013.15,338.914,2321.75,7270580.0,0.00108236,98.0426,-179.914,-109.32,-179.154,8,1,1443356365,303565,2386,531491,0.818837,0.181163,203.755,1,0.0,0,0,0,0,0.00029866,-0.00314183,0.00053185,0.00320049,1,0,610.0,0.00340963,0.0735604,0.377201,0.00284596,0.923201,-2.67042e-05,8.93185e-06,2.95529e-05,-2.67042e-05,-8.93185e-06,-2.95529e-05,610,-0.124883,-0.463655,0.00063424,-0.886015,0,0,0,2,2,0,0,0,0,0,1,1,1,610,0.00262108,10_36.0_50,Firesat_Attack_RWA,2025-08-28 20:59:17.074,2025-08-28 20:59:16.944,2071-06-24 12:19:07,-37.43700503806848,69.77537324882678,36.0,50.0,attack_rwa,Firesat_Attack_RWA_10_36.0_50,RWA
611,2025,10,0,12,19,26,1.21874,-0.654665,900316,76.5311,-68.5336,102.0,0.0,0.0,0.0,0.0589509,-0.839249,-0.0442509,-0.538728,0.130121,-0.00123976,0.000166368,-0.991497,-2300760.0,962694.0,6837840.0,7015.22,337.828,2314.62,-0.00197033,-0.00127141,-0.00188533,0.00029994,-0.00315924,0.000534359,0.00321812,611,611,611,50.0,-86.1832,-16.2504,0.00190203,0.00137438,0.00162021,-0.00382306,-0.00201396,-0.00432323,0,0,0,0,0,0,-1.30457,-0.561483,-1.00518,-2300740.0,962704.0,6837810.0,7017.06,337.483,2313.44,-2300760.0,962694.0,6837840.0,7015.22,337.828,2314.62,7270560.0,0.0010855,98.0426,-179.913,-109.106,-179.309,8,1,1443356366,303566,2386,531508,0.818863,0.181137,204.985,1,0.0,0,0,0,0,0.00029994,-0.00315924,0.000534359,0.00321812,1,0,611.0,0.00287716,0.0736711,0.37847,0.00243535,0.922674,-2.66581e-05,8.95329e-06,2.9597e-05,-2.66581e-05,-8.95329e-06,-2.9597e-05,611,-0.124882,-0.466028,0.00086632,-0.88477,0,0,0,2,2,0,0,0,0,0,1,1,1,611,0.00234493,10_36.0_50,Firesat_Attack_RWA,2025-08-28 20:59:17.074,2025-08-28 20:59:16.944,2071-06-24 12:19:08,-37.50954149493205,69.82865832377395,36.0,50.0,attack_rwa,Firesat_Attack_RWA_10_36.0_50,RWA
612,2025,10,0,12,19,27,1.21967,-0.655934,900329,76.5311,-68.5336,102.0,0.0,0.0,0.0,0.059378,-0.840206,-0.0441893,-0.537192,0.130157,-0.00123976,0.000166413,-0.991493,-2293740.0,963047.0,6840120.0,7017.76,337.124,2307.57,-0.00159669,-0.00164613,-0.00160447,0.000302726,-0.00319891,0.000526417,0.00325604,612,612,612,50.0,-86.1262,-16.3547,0.000967655,0.00288721,0.000865847,-0.00289415,-0.0035203,-0.00360514,0,0,0,0,0,0,-1.30614,-0.561247,-1.00267,-2293730.0,963038.0,6840130.0,7019.39,336.468,2306.45,-2293740.0,963047.0,6840120.0,7017.76,337.124,2307.57,7270550.0,0.00108857,98.0425,-179.914,-108.484,-179.873,8,1,1443356367,303567,2386,531525,0.81889,0.18111,206.224,1,0.0,0,0,0,0,0.000302726,-0.00319891,0.000526417,0.00325604,1,0,612.0,0.00372189,0.0739855,0.380136,0.00213991,0.921964,-2.66111e-05,8.97469e-06,2.96417e-05,-2.66111e-05,-8.97469e-06,-2.96417e-05,612,-0.124886,-0.469179,0.000659045,-0.883103,0,0,0,2,2,0,0,0,0,0,1,1,1,612,0.00229329,10_36.0_50,Firesat_Attack_RWA,2025-08-28 20:59:17.074,2025-08-28 20:59:16.944,2071-06-24 12:19:09,-37.58224983913414,69.88194339872112,36.0,50.0,attack_rwa,Firesat_Attack_RWA_10_36.0_50,RWA
613,2025,10,0,12,19,28,1.22059,-0.657212,900329,76.5311,-68.5336,102.0,0.0,0.0,0.0,0.0594376,-0.841112,-0.0445943,-0.535733,0.130193,-0.00123975,0.000166459,-0.991488,-2286720.0,963363.0,6842450.0,7020.04,335.826,2300.85,-0.00133895,-0.00191194,-0.00251139,0.000295073,-0.0032122,0.000509835,0.00326576,613,613,613,50.0,-86.1271,-16.4285,0.0008604,0.00310719,0.00334362,-0.00276858,-0.0037214,-0.00610909,0,0,0,0,0,0,-1.30772,-0.560451,-1.0003,-2286710.0,963376.0,6842430.0,7021.74,335.487,2299.37,-2286720.0,963363.0,6842450.0,7020.04,335.826,2300.85,7270510.0,0.00109407,98.0426,-179.914,-108.508,-179.791,8,1,1443356368,303568,2386,531542,0.818916,0.181084,207.471,1,0.0,0,0,0,0,0.000295073,-0.0032122,0.000509835,0.00326576,1,0,613.0,0.00353073,0.0742667,0.381714,0.00243748,0.921289,-2.65633e-05,8.99565e-06,2.96871e-05,-2.65633e-05,-8.99565e-06,-2.96871e-05,613,-0.124885,-0.472238,-3.01059e-06,-0.881471,0,0,0,2,1,0,0,0,0,0,1,1,1,613,0.00233415,10_36.0_50,Firesat_Attack_RWA,2025-08-28 20:59:17.074,2025-08-28 20:59:16.944,2071-06-24 12:19:10,-37.65547384535186,69.93465551587316,36.0,50.0,attack_rwa,Firesat_Attack_RWA_10_36.0_50,RWA
614,2025,10,0,12,19,29,1.22152,-0.658494,900335,76.5311,-68.5336,102.0,0.0,0.0,0.0,0.0594136,-0.841899,-0.0438992,-0.534555,0.130229,-0.00123975,0.000166504,-0.991483,-2279690.0,963707.0,6844740.0,7022.69,335.148,2293.15,-0.00241831,-0.00142901,-0.00170816,0.000285226,-0.00322098,0.000521261,0.00327533,614,614,614,50.0,-86.1379,-16.6073,0.00311039,0.00200598,0.00122637,-0.00505195,-0.00262952,-0.00401695,0,0,0,0,0,0,-1.30931,-0.559534,-0.997951,-2279690.0,963706.0,6844740.0,7024.09,334.453,2292.34,-2279690.0,963707.0,6844740.0,7022.69,335.148,2293.15,7270530.0,0.00109242,98.0424,-179.914,-108.198,179.957,8,1,1443356369,303569,2386,531560,0.818943,0.181057,208.72,1,0.0,0,0,0,0,0.000285226,-0.00322098,0.000521261,0.00327533,1,0,614.0,0.00315775,0.0738484,0.383036,0.00188185,0.920775,-2.65151e-05,9.01628e-06,2.97327e-05,-2.65151e-05,-9.01628e-06,-2.97327e-05,614,-0.12489,-0.474656,0.00131963,-0.88017,0,0,0,2,1,0,0,0,0,0,1,1,1,614,0.00280897,10_36.0_50,Firesat_Attack_RWA,2025-08-28 20:59:17.074,2025-08-28 20:59:16.944,2071-06-24 12:19:11,-37.72892703468763,69.98794059082032,36.0,50.0,attack_rwa,Firesat_Attack_RWA_10_36.0_50,RWA
615,2025,10,0,12,19,30,1.22245,-0.659784,900335,76.5311,-68.5336,102.0,0.0,0.0,0.0,0.0597267,-0.842625,-0.0440176,-0.533364,0.130265,-0.00123974,0.000166549,-0.991478,-2272680.0,964037.0,6847020.0,7024.8,334.217,2286.31,-0.00204857,-0.000953946,-0.00190889,0.000302267,-0.00325045,0.000508319,0.00330381,615,615,615,50.0,-86.1028,-16.6965,0.00205501,0.00139291,0.00187594,-0.00399023,-0.00200963,-0.00466877,0,0,0,0,0,0,-1.31092,-0.560098,-0.995127,-2272670.0,964040.0,6847030.0,7026.44,333.457,2285.26,-2272680.0,964037.0,6847020.0,7024.8,334.217,2286.31,7270530.0,0.00109219,98.0424,-179.914,-108.213,-179.97,8,1,1443356370,303570,2386,531577,0.81897,0.18103,209.974,1,0.0,0,0,0,0,0.000302267,-0.00325045,0.000508319,0.00330381,1,0,615.0,0.00286777,0.0741727,0.384313,0.00179924,0.920217,-2.64663e-05,9.03696e-06,2.97787e-05,-2.64663e-05,-9.03696e-06,-2.97787e-05,615,-0.12489,-0.477089,0.000890951,-0.878854,0,0,0,2,2,0,0,0,0,0,1,1,1,615,0.00225979,10_36.0_50,Firesat_Attack_RWA,2025-08-28 20:59:17.074,2025-08-28 20:59:16.944,2071-06-24 12:19:12,-37.80283859025951,70.04122566576748,36.0,50.0,attack_rwa,Firesat_Attack_RWA_10_36.0_50,RWA
616,2025,10,0,12,19,31,1.22337,-0.66108,900334,76.5311,-68.5336,102.0,0.0,0.0,0.0,0.0601455,-0.843587,-0.0442165,-0.531779,0.130302,-0.00123973,0.000166594,-0.991474,-2265630.0,964377.0,6849300.0,7027.12,333.053,2279.12,-0.00141077,-0.00137919,-0.00206346,0.000306958,-0.00329201,0.000502383,0.00334424,616,616,616,50.0,-86.0405,-16.8127,0.000663778,0.00266237,0.00217431,-0.00260975,-0.00327538,-0.00500225,0,0,0,0,0,0,-1.31255,-0.560011,-0.992453,-2265640.0,964373.0,6849300.0,7028.75,332.458,2278.17,-2265630.0,964377.0,6849300.0,7027.12,333.053,2279.12,7270460.0,0.00110208,98.0424,-179.914,-108.292,-179.832,8,1,1443356371,303571,2386,531595,0.818997,0.181003,211.24,1,0.0,0,0,0,0,0.000306958,-0.00329201,0.000502383,0.00334424,1,0,616.0,0.0038217,0.0746298,0.38601,0.00172205,0.919469,-2.64163e-05,9.0577e-06,2.98254e-05,-2.64163e-05,-9.0577e-06,-2.98254e-05,616,-0.12489,-0.480323,0.000247963,-0.877092,0,0,0,2,2,0,0,0,0,0,1,1,1,616,0.00197292,10_36.0_50,Firesat_Attack_RWA,2025-08-28 20:59:17.074,2025-08-28 20:59:16.944,2071-06-24 12:19:13,-37.877093920508464,70.09393778291953,36.0,50.0,attack_rwa,Firesat_Attack_RWA_10_36.0_50,RWA
617,2025,10,0,12,19,32,1.2243,-0.662383,900330,76.5311,-68.5336,102.0,0.0,0.0,0.0,0.0602995,-0.844573,-0.0441436,-0.5302,0.130338,-0.00123973,0.000166639,-0.991469,-2258610.0,964702.0,6851580.0,7029.56,332.085,2272.0,-0.00151382,-0.00178878,-0.00203815,0.000295079,-0.00331042,0.00049975,0.0033609,617,617,617,50.0,-86.0294,-16.9428,0.00119673,0.00339413,0.00221037,-0.00315298,-0.00400122,-0.0050767,0,0,0,0,0,0,-1.3142,-0.559025,-0.990013,-2258610.0,964706.0,6851580.0,7031.12,331.473,2271.06,-2258610.0,964702.0,6851580.0,7029.56,332.085,2272.0,7270500.0,0.00109617,98.0425,-179.914,-108.478,-179.588,8,1,1443356372,303572,2386,531612,0.819024,0.180976,212.516,1,0.0,0,0,0,0,0.000295079,-0.00331042,0.00049975,0.0033609,1,0,617.0,0.00373853,0.0747142,0.387723,0.00157393,0.918742,-2.63654e-05,9.07817e-06,2.98729e-05,-2.63654e-05,-9.07817e-06,-2.98729e-05,617,-0.124889,-0.483556,0.000341755,-0.875313,0,0,0,2,2,0,0,0,0,0,1,1,1,617,0.00234337,10_36.0_50,Firesat_Attack_RWA,2025-08-28 20:59:17.074,2025-08-28 20:59:16.944,2071-06-24 12:19:14,-37.951750321214014,70.14722285786668,36.0,50.0,attack_rwa,Firesat_Attack_RWA_10_36.0_50,RWA
618,2025,10,0,12,19,33,1.22523,-0.663692,900336,76.5311,-68.5336,102.0,0.0,0.0,0.0,0.0603298,-0.845298,-0.0441771,-0.529037,0.130374,-0.00123972,0.000166685,-0.991464,-2251580.0,965042.0,6853880.0,7031.67,330.967,2265.35,-0.00171956,-0.00122004,-0.0023968,0.000289158,-0.00331524,0.000497125,0.00336475,618,618,618,50.0,-86.0483,-17.0743,0.00165658,0.00174709,0.0027525,-0.00361912,-0.00235026,-0.00563336,0,0,0,0,0,0,-1.31586,-0.558365,-0.987462,-2251580.0,965036.0,6853850.0,7033.45,330.47,2264.02,-2251580.0,965042.0,6853880.0,7031.67,330.967,2265.35,7270520.0,0.00109385,98.0424,-179.914,-108.182,-179.826,8,1,1443356373,303573,2386,531630,0.819051,0.180949,213.793,1,0.0,0,0,0,0,0.000289158,-0.00331524,0.000497125,0.00336475,1,0,618.0,0.00274285,0.0747583,0.388984,0.001584,0.918205,-2.63141e-05,9.09829e-06,2.99206e-05,-2.63141e-05,-9.09829e-06,-2.99206e-05,618,-0.12489,-0.485948,0.000339946,-0.873987,0,0,0,2,2,0,0,0,0,0,1,1,1,618,0.00210841,10_36.0_50,Firesat_Attack_RWA,2025-08-28 20:59:17.074,2025-08-28 20:59:16.944,2071-06-24 12:19:15,-38.02675049659663,70.20050793281386,36.0,50.0,attack_rwa,Firesat_Attack_RWA_10_36.0_50,RWA
619,2025,10,0,12,19,34,1.22615,-0.665008,900347,76.5311,-68.5336,102.0,0.0,0.0,0.0,0.0604493,-0.846138,-0.0441989,-0.527676,0.13041,-0.00123972,0.00016673,-0.991459,-2244530.0,965366.0,6856130.0,7034.14,329.794,2257.82,-0.00178454,-0.0010749,-0.00260153,0.000288666,-0.00334982,0.000500902,0.00339935,619,619,619,50.0,-86.0011,-17.2308,0.00190199,0.00190934,0.00319583,-0.0038923,-0.00251707,-0.00611308,0,0,0,0,0,0,-1.31753,-0.558011,-0.984788,-2244540.0,965368.0,6856120.0,7035.78,329.486,2257.02,-2244530.0,965366.0,6856130.0,7034.14,329.794,2257.82,7270600.0,0.00108385,98.0424,-179.914,-107.585,179.635,8,1,1443356374,303574,2386,531648,0.819079,0.180921,215.076,1,0.0,0,0,0,0,0.000288666,-0.00334982,0.000500902,0.00339935,1,0,619.0,0.00320865,0.0748686,0.390453,0.00153331,0.917572,-2.6262e-05,9.1183e-06,2.99688e-05,-2.6262e-05,-9.1183e-06,-2.99688e-05,619,-0.12489,-0.488727,0.00028715,-0.872436,0,0,0,2,2,0,0,0,0,0,1,1,1,619,0.00208327,10_36.0_50,Firesat_Attack_RWA,2025-08-28 20:59:17.074,2025-08-28 20:59:16.944,2071-06-24 12:19:16,-38.10215174243585,70.25322004996589,36.0,50.0,attack_rwa,Firesat_Attack_RWA_10_36.0_50,RWA
620,2025,10,0,12,19,35,1.22708,-0.666329,900345,76.5311,-68.5336,102.0,0.0,0.0,0.0,0.0605885,-0.847093,-0.0443134,-0.526117,0.130446,-0.00123971,0.000166775,-0.991455,-2237510.0,965689.0,6858350.0,7036.25,328.986,2251.29,-0.00172051,-0.00138154,-0.00291174,0.000290478,-0.00338274,0.000509162,0.00343315,620,620,620,50.0,-85.9579,-17.4055,0.00175757,0.0031053,0.00362495,-0.00378393,-0.00372305,-0.00657309,0,0,0,0,0,0,-1.31924,-0.557799,-0.982022,-2237500.0,965695.0,6858370.0,7038.11,328.474,2249.92,-2237510.0,965689.0,6858350.0,7036.25,328.986,2251.29,7270630.0,0.0010803,98.0424,-179.914,-107.668,179.776,8,1,1443356375,303575,2386,531666,0.819107,0.180893,216.369,1,0.0,0,0,0,0,0.000290478,-0.00338274,0.000509162,0.00343315,1,0,620.0,0.00367322,0.0750483,0.392129,0.00154726,0.916842,-2.62087e-05,9.13847e-06,3.00178e-05,-2.62087e-05,-9.13847e-06,-3.00178e-05,620,-0.124892,-0.491906,6.7991e-05,-0.870648,0,0,0,2,2,0,0,0,0,0,1,1,1,620,0.00220653,10_36.0_50,Firesat_Attack_RWA,2025-08-28 20:59:17.074,2025-08-28 20:59:16.944,2071-06-24 12:19:17,-38.17783946717263,70.30650512491306,36.0,50.0,attack_rwa,Firesat_Attack_RWA_10_36.0_50,RWA
621,2025,10,0,12,19,36,1.228,-0.667655,900340,76.5311,-68.5336,102.0,0.0,0.0,0.0,0.0609039,-0.848037,-0.0442419,-0.524563,0.130482,-0.0012397,0.00016682,-0.99145,-2230470.0,966013.0,6860630.0,7038.62,328.189,2244.0,-0.00155546,-0.00161725,-0.00272261,0.00029008,-0.00339559,0.000522233,0.00344774,621,621,621,50.0,-85.96,-17.5991,0.00141878,0.00307258,0.00290717,-0.00348421,-0.00370456,-0.00586906,0,0,0,0,0,0,-1.32097,-0.557478,-0.979253,-2230470.0,966020.0,6860610.0,7040.39,327.45,2242.79,-2230470.0,966013.0,6860630.0,7038.62,328.189,2244.0,7270520.0,0.0010943,98.0423,-179.914,-107.971,-179.862,8,1,1443356376,303576,2386,531684,0.819135,0.180865,217.668,1,0.0,0,0,0,0,0.00029008,-0.00339559,0.000522233,0.00344774,1,0,621.0,0.00369475,0.0752657,0.393794,0.00130781,0.916111,-2.61546e-05,9.15892e-06,3.00672e-05,-2.61546e-05,-9.15892e-06,-3.00672e-05,621,-0.124895,-0.495029,6.26583e-06,-0.868877,0,0,0,1,2,0,0,0,0,0,1,1,1,621,0.00224387,10_36.0_50,Firesat_Attack_RWA,2025-08-28 20:59:17.074,2025-08-28 20:59:16.944,2071-06-24 12:19:18,-38.25381367080698,70.35921724206509,36.0,50.0,attack_rwa,Firesat_Attack_RWA_10_36.0_50,RWA
622,2025,10,0,12,19,37,1.22892,-0.668989,900348,76.5311,-68.5336,102.0,0.0,0.0,0.0,0.0612982,-0.848799,-0.0441944,-0.523288,0.130518,-0.0012397,0.000166865,-0.991445,-2223440.0,966364.0,6862870.0,7040.92,326.945,2236.95,-0.00123114,-0.00115429,-0.00253648,0.000285421,-0.00340802,0.000526629,0.00346026,622,622,622,50.0,-85.9634,-17.7614,0.000618222,0.00206062,0.00193493,-0.00270633,-0.00269632,-0.00491713,0,0,0,0,0,0,-1.32271,-0.556929,-0.97653,-2223430.0,966346.0,6862860.0,7042.66,326.45,2235.74,-2223440.0,966364.0,6862870.0,7040.92,326.945,2236.95,7270510.0,0.00109695,98.0423,-179.914,-107.581,179.806,8,1,1443356377,303577,2386,531702,0.819163,0.180837,218.97,1,0.0,0,0,0,0,0.000285421,-0.00340802,0.000526629,0.00346026,1,0,622.0,0.00307411,0.0755614,0.395149,0.00104277,0.915503,-2.60998e-05,9.17949e-06,3.01169e-05,-2.60998e-05,-9.17949e-06,-3.01169e-05,622,-0.124896,-0.497564,-0.000192515,-0.867427,0,0,0,2,2,0,0,0,0,0,1,1,1,622,0.00168763,10_36.0_50,Firesat_Attack_RWA,2025-08-28 20:59:17.074,2025-08-28 20:59:16.944,2071-06-24 12:19:19,-38.33024624067743,70.41192935921713,36.0,50.0,attack_rwa,Firesat_Attack_RWA_10_36.0_50,RWA
623,2025,10,0,12,19,38,1.22985,-0.670333,900353,76.5311,-68.5336,102.0,0.0,0.0,0.0,0.0613041,-0.849897,-0.0441779,-0.521502,0.130555,-0.00123969,0.000166911,-0.99144,-2216390.0,966692.0,6865090.0,7043.31,325.89,2229.79,-0.00152689,-0.00193284,-0.00270441,0.000271822,-0.00343945,0.000519925,0.00348913,623,623,623,50.0,-85.9244,-17.8845,0.00162949,0.00395823,0.0025172,-0.00372558,-0.00458293,-0.00555397,0,0,0,0,0,0,-1.32446,-0.55589,-0.973929,-2216390.0,966682.0,6865100.0,7044.92,325.515,2228.66,-2216390.0,966692.0,6865090.0,7043.31,325.89,2229.79,7270470.0,0.00110295,98.0425,-179.914,-107.392,179.675,8,1,1443356378,303578,2386,531720,0.819191,0.180809,220.278,1,0.0,0,0,0,0,0.000271822,-0.00343945,0.000519925,0.00348913,1,0,623.0,0.00419422,0.0755568,0.397074,0.00102586,0.914671,-2.60443e-05,9.1997e-06,3.01671e-05,-2.60443e-05,-9.1997e-06,-3.01671e-05,623,-0.124888,-0.501185,-3.11298e-05,-0.86534,0,0,0,2,2,0,0,0,0,0,1,1,1,623,0.00246318,10_36.0_50,Firesat_Attack_RWA,2025-08-28 20:59:17.074,2025-08-28 20:59:16.944,2071-06-24 12:19:20,-38.40725176834301,70.4652144341643,36.0,50.0,attack_rwa,Firesat_Attack_RWA_10_36.0_50,RWA
624,2025,10,0,12,19,39,1.23077,-0.671682,900350,76.5311,-68.5336,102.0,0.0,0.0,0.0,0.0612685,-0.850497,-0.0440739,-0.520537,0.130591,-0.00123969,0.000166956,-0.991436,-2209360.0,967007.0,6867320.0,7045.62,324.865,2222.69,-0.00199914,-0.000767937,-0.0029176,0.000269764,-0.00343698,0.000519516,0.00348647,624,624,624,50.0,-85.9605,-18.0322,0.00275404,0.00107578,0.0031156,-0.00485926,-0.00170013,-0.00615301,0,0,0,0,0,0,-1.32622,-0.555492,-0.971116,-2209350.0,967010.0,6867320.0,7047.2,324.541,2221.54,-2209360.0,967007.0,6867320.0,7045.62,324.865,2222.69,7270440.0,0.00110634,98.0426,-179.913,-107.534,179.876,8,1,1443356379,303579,2386,531739,0.819219,0.180781,221.588,1,0.0,0,0,0,0,0.000269764,-0.00343698,0.000519516,0.00348647,1,0,624.0,0.00228171,0.075468,0.398118,0.000961024,0.914224,-2.59882e-05,9.21955e-06,3.02176e-05,-2.59882e-05,-9.21955e-06,-3.02176e-05,624,-0.124885,-0.503135,0.000261084,-0.864208,0,0,0,2,2,0,0,0,0,0,1,1,1,624,0.00214157,10_36.0_50,Firesat_Attack_RWA,2025-08-28 20:59:17.074,2025-08-28 20:59:16.944,2071-06-24 12:19:21,-38.48454377490616,70.51792655131632,36.0,50.0,attack_rwa,Firesat_Attack_RWA_10_36.0_50,RWA
625,2025,10,0,12,19,40,1.23169,-0.673036,900353,76.5311,-68.5336,102.0,0.0,0.0,0.0,0.0616957,-0.851626,-0.0436645,-0.518672,0.130627,-0.00123968,0.000167001,-0.991431,-2202320.0,967340.0,6869530.0,7047.53,323.906,2215.49,-0.00199357,-0.00158682,-0.00197158,0.00028037,-0.00348741,0.000525325,0.00353788,625,625,625,50.0,-85.8793,-18.2038,0.00240677,0.00340583,0.000850853,-0.00455038,-0.00404091,-0.00392283,0,0,0,0,0,0,-1.328,-0.555813,-0.968044,-2202310.0,967334.0,6869540.0,7049.44,323.537,2214.45,-2202320.0,967340.0,6869530.0,7047.53,323.906,2215.49,7270370.0,0.00111646,98.0426,-179.914,-107.443,179.843,8,1,1443356380,303580,2386,531757,0.819248,0.180752,222.906,1,0.0,0,0,0,0,0.00028037,-0.00348741,0.000525325,0.00353788,1,0,625.0,0.00451921,0.075583,0.400113,0.000380652,0.913344,-2.59313e-05,9.2396e-06,3.02686e-05,-2.59313e-05,-9.2396e-06,-3.02686e-05,625,-0.124885,-0.506813,0.000721497,-0.862056,0,0,0,2,2,0,0,0,0,0,1,1,1,625,0.002548,10_36.0_50,Firesat_Attack_RWA,2025-08-28 20:59:17.074,2025-08-28 20:59:16.944,2071-06-24 12:19:22,-38.56212226036687,70.57063866846836,36.0,50.0,attack_rwa,Firesat_Attack_RWA_10_36.0_50,RWA
626,2025,10,0,12,19,41,1.23261,-0.674396,900354,76.5311,-68.5336,102.0,0.0,0.0,0.0,0.0616193,-0.852438,-0.0440148,-0.517316,0.130663,-0.00123967,0.000167046,-0.991426,-2195260.0,967637.0,6871750.0,7050.07,322.782,2208.24,-0.00206165,-0.00132804,-0.00293139,0.000287538,-0.00349583,0.000504867,0.00354378,626,626,626,50.0,-85.8912,-18.2789,0.00272953,0.00254518,0.00364687,-0.00484812,-0.00316263,-0.00671566,0,0,0,0,0,0,-1.3298,-0.555964,-0.964984,-2195260.0,967657.0,6871750.0,7051.67,322.537,2207.33,-2195260.0,967637.0,6871750.0,7050.07,322.782,2208.24,7270290.0,0.00112781,98.0426,-179.914,-107.457,179.915,8,1,1443356381,303581,2386,531776,0.819276,0.180724,224.231,1,0.0,0,0,0,0,0.000287538,-0.00349583,0.000504867,0.00354378,1,0,626.0,0.00324092,0.0757214,0.401556,0.000711419,0.912699,-2.58734e-05,9.25968e-06,3.03201e-05,-2.58734e-05,-9.25968e-06,-3.03201e-05,626,-0.124885,-0.50957,0.00028253,-0.860429,0,0,0,2,2,0,0,0,0,0,1,1,1,626,0.00245236,10_36.0_50,Firesat_Attack_RWA,2025-08-28 20:59:17.074,2025-08-28 20:59:16.944,2071-06-24 12:19:23,-38.64004452050467,70.6233507856204,36.0,50.0,attack_rwa,Firesat_Attack_RWA_10_36.0_50,RWA
627,2025,10,0,12,19,42,1.23353,-0.675761,900353,76.5311,-68.5336,102.0,0.0,0.0,0.0,0.0619753,-0.85323,-0.0438755,-0.515978,0.130699,-0.00123967,0.000167091,-0.991421,-2188210.0,967979.0,6873940.0,7052.26,321.976,2201.27,-0.00190648,-0.000895797,-0.0026203,0.000297392,-0.00352002,0.000515966,0.00357005,627,627,627,50.0,-85.8681,-18.471,0.00193056,0.00179936,0.0022861,-0.00408931,-0.00243285,-0.00536364,0,0,0,0,0,0,-1.33161,-0.556285,-0.961846,-2188210.0,967972.0,6873950.0,7053.92,321.486,2200.23,-2188210.0,967979.0,6873940.0,7052.26,321.976,2201.27,7270260.0,0.00113173,98.0424,-179.914,-107.491,-179.993,8,1,1443356382,303582,2386,531795,0.819305,0.180695,225.56,1,0.0,0,0,0,0,0.000297392,-0.00352002,0.000515966,0.00357005,1,0,627.0,0.00320191,0.0759332,0.402972,0.00039313,0.912057,-2.58149e-05,9.27989e-06,3.03719e-05,-2.58149e-05,-9.27989e-06,-3.03719e-05,627,-0.124892,-0.512193,0.000296768,-0.85887,0,0,0,2,2,0,0,0,0,0,1,1,1,627,0.00210645,10_36.0_50,Firesat_Attack_RWA,2025-08-28 20:59:17.074,2025-08-28 20:59:16.944,2071-06-24 12:19:24,-38.71825325954002,70.67606290277244,36.0,50.0,attack_rwa,Firesat_Attack_RWA_10_36.0_50,RWA
628,2025,10,0,12,19,43,1.23445,-0.677138,900353,76.5311,-68.5336,102.0,0.0,0.0,0.0,0.0619147,-0.854344,-0.0439758,-0.514129,0.130735,-0.00123966,0.000167137,-0.991417,-2181130.0,968310.0,6876170.0,7054.86,321.234,2194.08,-0.00220556,-0.00171167,-0.00304019,0.000298268,-0.0035586,0.000511902,0.00360759,628,628,628,50.0,-85.8133,-18.6081,0.0024855,0.00343042,0.00307229,-0.00466076,-0.00406095,-0.00618812,0,0,0,0,0,0,-1.33344,-0.556126,-0.958806,-2181150.0,968298.0,6876150.0,7056.2,320.521,2193.12,-2181130.0,968310.0,6876170.0,7054.86,321.234,2194.08,7270300.0,0.00112661,98.0425,-179.914,-107.463,-179.963,8,1,1443356383,303583,2386,531814,0.819334,0.180666,226.899,1,0.0,0,0,0,0,0.000298268,-0.0035586,0.000511902,0.00360759,1,0,628.0,0.00432372,0.0759411,0.404945,0.000510072,0.911182,-2.57553e-05,9.30031e-06,3.04242e-05,-2.57553e-05,-9.30031e-06,-3.04242e-05,628,-0.124888,-0.515901,0.000324159,-0.856648,0,0,0,2,2,0,0,0,0,0,1,1,1,628,0.00279183,10_36.0_50,Firesat_Attack_RWA,2025-08-28 20:59:17.074,2025-08-28 20:59:16.944,2071-06-24 12:19:25,-38.797149547929536,70.72877501992447,36.0,50.0,attack_rwa,Firesat_Attack_RWA_10_36.0_50,RWA
629,2025,10,0,12,19,44,1.23537,-0.678522,900360,76.5311,-68.5336,102.0,0.0,0.0,0.0,0.0621447,-0.855405,-0.0436349,-0.512364,0.130771,-0.00123965,0.000167182,-0.991412,-2174100.0,968618.0,6878330.0,7056.69,319.878,2187.07,-0.00246473,-0.00222126,-0.00242036,0.000305482,-0.00356651,0.00051716,0.00361673,629,629,629,50.0,-85.8269,-18.7806,0.00301404,0.00461298,0.00194694,-0.00521333,-0.00525262,-0.00505901,0,0,0,0,0,0,-1.33529,-0.556338,-0.955619,-2174090.0,968623.0,6878340.0,7058.49,319.553,2186.07,-2174100.0,968618.0,6878330.0,7056.69,319.878,2187.07,7270420.0,0.00111049,98.0426,-179.913,-107.096,179.729,8,1,1443356384,303584,2386,531832,0.819364,0.180636,228.243,1,0.0,0,0,0,0,0.000305482,-0.00356651,0.00051716,0.00361673,1,0,629.0,0.0042004,0.0759339,0.406827,9.88867e-05,0.910344,-2.56949e-05,9.32083e-06,3.0477e-05,-2.56949e-05,-9.32083e-06,-3.0477e-05,629,-0.124885,-0.519361,0.000852926,-0.854554,0,0,0,2,2,0,0,0,0,0,1,1,1,629,0.00331797,10_36.0_50,Firesat_Attack_RWA,2025-08-28 20:59:17.074,2025-08-28 20:59:16.944,2071-06-24 12:19:26,-38.87644690677564,70.78148713707651,36.0,50.0,attack_rwa,Firesat_Attack_RWA_10_36.0_50,RWA
630,2025,10,0,12,19,45,1.23629,-0.679909,900358,76.5311,-68.5336,102.0,0.0,0.0,0.0,0.0624608,-0.856183,-0.0435575,-0.51103,0.130808,-0.00123965,0.000167227,-0.991407,-2167060.0,968950.0,6880530.0,7059.1,319.257,2180.02,-0.00231021,-0.00172072,-0.00224457,0.000318735,-0.00355461,0.000509006,0.00360499,630,630,630,50.0,-85.8846,-18.9024,0.00229078,0.00281361,0.00147718,-0.00448178,-0.00345082,-0.0045551,0,0,0,0,0,0,-1.33712,-0.556903,-0.952322,-2167040.0,968941.0,6880520.0,7060.68,318.549,2178.93,-2167060.0,968950.0,6880530.0,7059.1,319.257,2180.02,7270290.0,0.00112797,98.0426,-179.913,-107.234,179.925,8,1,1443356385,303585,2386,531852,0.819393,0.180607,229.583,1,0.0,0,0,0,0,0.000318735,-0.00355461,0.000509006,0.00360499,1,0,630.0,0.00315777,0.0761485,0.40823,-0.000145796,0.909698,-2.56344e-05,9.3416e-06,3.05295e-05,-2.56344e-05,-9.3416e-06,-3.05295e-05,630,-0.124885,-0.521959,0.000801648,-0.85297,0,0,0,2,2,0,0,0,0,0,1,1,1,630,0.00288061,10_36.0_50,Firesat_Attack_RWA,2025-08-28 20:59:17.074,2025-08-28 20:59:16.944,2071-06-24 12:19:27,-38.95591615296029,70.83419925422854,36.0,50.0,attack_rwa,Firesat_Attack_RWA_10_36.0_50,RWA
631,2025,10,0,12,19,46,1.23721,-0.681305,900364,76.5311,-68.5336,102.0,0.0,0.0,0.0,0.062731,-0.857191,-0.0436969,-0.509293,0.130844,-0.00123964,0.000167272,-0.991402,-2159970.0,969267.0,6882700.0,7061.06,318.157,2173.12,-0.00200499,-0.00214903,-0.00240861,0.000324007,-0.00357538,0.0004957,0.00362409,631,631,631,50.0,-85.8694,-19.0046,0.00173671,0.00352343,0.00224795,-0.00392088,-0.00414986,-0.0053386,0,0,0,0,0,0,-1.33895,-0.557039,-0.949148,-2159990.0,969264.0,6882700.0,7062.85,317.578,2171.84,-2159970.0,969267.0,6882700.0,7061.06,318.157,2173.12,7270200.0,0.00114144,98.0427,-179.913,-107.009,179.758,8,1,1443356386,303586,2386,531871,0.819422,0.180578,230.922,1,0.0,0,0,0,0,0.000324007,-0.00357538,0.0004957,0.00362409,1,0,631.0,0.00406131,0.0764497,0.410051,-0.000186623,0.908853,-2.55737e-05,9.36234e-06,3.05819e-05,-2.55737e-05,-9.36234e-06,-3.05819e-05,631,-0.124881,-0.525365,0.000443939,-0.850877,0,0,0,2,2,0,0,0,0,0,1,1,1,631,0.00293911,10_36.0_50,Firesat_Attack_RWA,2025-08-28 20:59:17.074,2025-08-28 20:59:16.944,2071-06-24 12:19:28,-39.03590106116056,70.88691137138058,36.0,50.0,attack_rwa,Firesat_Attack_RWA_10_36.0_50,RWA
632,2025,10,0,12,19,47,1.23813,-0.682709,900364,76.5311,-68.5336,102.0,0.0,0.0,0.0,0.0630118,-0.858029,-0.0433942,-0.507871,0.13088,-0.00123964,0.000167317,-0.991397,-2152910.0,969581.0,6884880.0,7063.39,317.251,2165.99,-0.0021426,-0.00178042,-0.00186442,0.000322318,-0.00358315,0.000490816,0.00363095,632,632,632,50.0,-85.8827,-19.1386,0.00210342,0.00241984,0.00126209,-0.00429235,-0.00304155,-0.00436335,0,0,0,0,0,0,-1.34078,-0.556797,-0.94607,-2152920.0,969582.0,6884870.0,7065.12,316.584,2164.73,-2152910.0,969581.0,6884880.0,7063.39,317.251,2165.99,7270290.0,0.00112893,98.0427,-179.913,-106.96,179.767,8,1,1443356387,303587,2386,531890,0.819452,0.180548,232.263,1,0.0,0,0,0,0,0.000322318,-0.00358315,0.000490816,0.00363095,1,0,632.0,0.00340205,0.0765061,0.411553,-0.000595611,0.908169,-2.55125e-05,9.38288e-06,3.06345e-05,-2.55125e-05,-9.38288e-06,-3.06345e-05,632,-0.124881,-0.528108,0.00083725,-0.849177,0,0,0,2,2,0,0,0,0,0,1,1,1,632,0.00278579,10_36.0_50,Firesat_Attack_RWA,2025-08-28 20:59:17.074,2025-08-28 20:59:16.944,2071-06-24 12:19:29,-39.11634433559692,70.93962348853262,36.0,50.0,attack_rwa,Firesat_Attack_RWA_10_36.0_50,RWA
633,2025,10,0,12,19,48,1.23905,-0.684119,900370,76.5311,-68.5336,102.0,0.0,0.0,0.0,0.0630709,-0.85903,-0.0436434,-0.506148,0.130916,-0.00123963,0.000167363,-0.991393,-2145860.0,969897.0,6887040.0,7065.59,316.117,2159.05,-0.00209624,-0.00216264,-0.00243813,0.000324961,-0.0036109,0.000473926,0.00365634,633,633,633,50.0,-85.8511,-19.229,0.00196774,0.00345049,0.00265552,-0.00414578,-0.00405672,-0.00578103,0,0,0,0,0,0,-1.34262,-0.556809,-0.942892,-2145850.0,969898.0,6887040.0,7067.35,315.578,2157.66,-2145860.0,969897.0,6887040.0,7065.59,316.117,2159.05,7270340.0,0.00112376,98.0427,-179.913,-106.685,179.551,8,1,1443356388,303588,2386,531909,0.819482,0.180518,233.609,1,0.0,0,0,0,0,0.000324961,-0.0036109,0.000473926,0.00365634,1,0,633.0,0.00401874,0.0766974,0.413361,-0.000425393,0.907331,-2.54508e-05,9.40311e-06,3.06874e-05,-2.54508e-05,-9.40311e-06,-3.06874e-05,633,-0.124882,-0.531501,0.000483203,-0.847058,0,0,0,2,2,0,0,0,0,0,1,1,1,633,0.00301185,10_36.0_50,Firesat_Attack_RWA,2025-08-28 20:59:17.074,2025-08-28 20:59:16.944,2071-06-24 12:19:30,-39.19713138471037,70.99233560568464,36.0,50.0,attack_rwa,Firesat_Attack_RWA_10_36.0_50,RWA
634,2025,10,0,12,19,49,1.23996,-0.685535,900374,76.5311,-68.5336,102.0,0.0,0.0,0.0,0.0634566,-0.859896,-0.0437112,-0.50462,0.130952,-0.00123962,0.000167408,-0.991388,-2138780.0,970207.0,6889200.0,7067.88,315.014,2151.91,-0.00167497,-0.00200212,-0.00240506,0.000326,-0.0036208,0.00047343,0.00366615,634,634,634,50.0,-85.8588,-19.3809,0.00118939,0.00284086,0.0026631,-0.00338155,-0.003448,-0.00579699,0,0,0,0,0,0,-1.34446,-0.556746,-0.939712,-2138780.0,970212.0,6889190.0,7069.53,314.569,2150.56,-2138780.0,970207.0,6889200.0,7067.88,315.014,2151.91,7270300.0,0.00112986,98.0427,-179.913,-106.511,179.434,8,1,1443356389,303589,2386,531929,0.819512,0.180488,234.958,1,0.0,0,0,0,0,0.000326,-0.0036208,0.00047343,0.00366615,1,0,634.0,0.00359873,0.0770523,0.414947,-0.000591061,0.906577,-2.53884e-05,9.42316e-06,3.07406e-05,-2.53884e-05,-9.42316e-06,-3.07406e-05,634,-0.124883,-0.534443,0.000133263,-0.845205,0,0,0,2,2,0,0,0,0,0,1,1,1,634,0.00261037,10_36.0_50,Firesat_Attack_RWA,2025-08-28 20:59:17.074,2025-08-28 20:59:16.944,2071-06-24 12:19:31,-39.27826220850089,71.04447476504156,36.0,50.0,attack_rwa,Firesat_Attack_RWA_10_36.0_50,RWA
635,2025,10,0,12,19,50,1.24088,-0.686959,900373,76.5311,-68.5336,102.0,0.0,0.0,0.0,0.0630974,-0.860707,-0.0437347,-0.503279,0.130988,-0.00123962,0.000167453,-0.991383,-2131710.0,970534.0,6891330.0,7070.2,313.621,2144.74,-0.00259094,-0.00150197,-0.00307623,0.000317474,-0.00364201,0.0004725,0.00368623,635,635,635,50.0,-85.8414,-19.5323,0.00309714,0.00193167,0.00376507,-0.0053068,-0.00253549,-0.00693464,0,0,0,0,0,0,-1.34631,-0.556152,-0.936672,-2131710.0,970525.0,6891340.0,7071.75,313.562,2143.43,-2131710.0,970534.0,6891330.0,7070.2,313.621,2144.74,7270310.0,0.00112812,98.0427,-179.913,-106.565,179.547,8,1,1443356390,303590,2386,531949,0.819542,0.180458,236.31,1,0.0,0,0,0,0,0.000317474,-0.00364201,0.0004725,0.00368623,1,0,635.0,0.00321667,0.0767715,0.416381,-0.000365795,0.905943,-2.53254e-05,9.44305e-06,3.07941e-05,-2.53254e-05,-9.44305e-06,-3.07941e-05,635,-0.124884,-0.537111,0.00053621,-0.843512,0,0,0,2,2,0,0,0,0,0,1,1,1,635,0.00299481,10_36.0_50,Firesat_Attack_RWA,2025-08-28 20:59:17.074,2025-08-28 20:59:16.944,2071-06-24 12:19:32,-39.35985139852752,71.0971868821936,36.0,50.0,attack_rwa,Firesat_Attack_RWA_10_36.0_50,RWA
636,2025,10,0,12,19,51,1.2418,-0.688391,900369,76.5311,-68.5336,102.0,0.0,0.0,0.0,0.0636089,-0.861604,-0.0436971,-0.50168,0.131025,-0.00123961,0.000167498,-0.991378,-2124640.0,970826.0,6893480.0,7072.47,312.998,2137.45,-0.00206015,-0.00142647,-0.00271983,0.000331179,-0.00368117,0.000484831,0.0037277,636,636,636,50.0,-85.7844,-19.7341,0.00193362,0.00197384,0.0030571,-0.00419276,-0.00259692,-0.00624476,0,0,0,0,0,0,-1.34818,-0.556831,-0.933194,-2124640.0,970840.0,6893480.0,7073.96,312.569,2136.27,-2124640.0,970826.0,6893480.0,7072.47,312.998,2137.45,7270300.0,0.00112792,98.0427,-179.913,-106.765,179.805,8,1,1443356391,303591,2386,531968,0.819573,0.180427,237.67,1,0.0,0,0,0,0,0.000331179,-0.00368117,0.000484831,0.0037277,1,0,636.0,0.00380633,0.077169,0.418032,-0.000690052,0.905148,-2.52612e-05,9.46313e-06,3.08482e-05,-2.52612e-05,-9.46313e-06,-3.08482e-05,636,-0.124882,-0.540148,0.000267075,-0.84157,0,0,0,2,2,0,0,0,0,0,1,1,1,636,0.0025058,10_36.0_50,Firesat_Attack_RWA,2025-08-28 20:59:17.074,2025-08-28 20:59:16.944,2071-06-24 12:19:33,-39.441898954790254,71.14989899934562,36.0,50.0,attack_rwa,Firesat_Attack_RWA_10_36.0_50,RWA
637,2025,10,0,12,19,52,1.24271,-0.689826,900371,76.5311,-68.5336,102.0,0.0,0.0,0.0,0.0636472,-0.862624,-0.0438145,-0.499909,0.131061,-0.00123961,0.000167543,-0.991374,-2117570.0,971131.0,6895610.0,7074.52,312.192,2130.36,-0.00219739,-0.00180828,-0.0030803,0.000330446,-0.00371963,0.000487636,0.00376598,637,637,637,50.0,-85.7296,-19.9021,0.00223063,0.0031763,0.00364861,-0.00452124,-0.00380305,-0.00687713,0,0,0,0,0,0,-1.35009,-0.55672,-0.929897,-2117570.0,971144.0,6895610.0,7076.13,311.512,2129.17,-2117570.0,971131.0,6895610.0,7074.52,312.192,2130.36,7270280.0,0.00113221,98.0425,-179.914,-106.666,179.764,8,1,1443356392,303592,2386,531988,0.819603,0.180397,239.041,1,0.0,0,0,0,0,0.000330446,-0.00371963,0.000487636,0.00376598,1,0,637.0,0.0040954,0.0772677,0.419884,-0.00061582,0.904282,-2.51956e-05,9.48358e-06,3.09031e-05,-2.51956e-05,-9.48358e-06,-3.09031e-05,637,-0.124889,-0.543583,0.00017341,-0.839356,0,0,0,2,2,0,0,0,0,0,1,1,1,637,0.00284577,10_36.0_50,Firesat_Attack_RWA,2025-08-28 20:59:17.074,2025-08-28 20:59:16.944,2071-06-24 12:19:34,-39.52411839839153,71.20203815870254,36.0,50.0,attack_rwa,Firesat_Attack_RWA_10_36.0_50,RWA
638,2025,10,0,12,19,53,1.24363,-0.691269,900370,76.5311,-68.5336,102.0,0.0,0.0,0.0,0.0640563,-0.86337,-0.0437256,-0.498574,0.131097,-0.0012396,0.000167589,-0.991369,-2110510.0,971455.0,6897730.0,7076.96,311.206,2123.11,-0.00190322,-0.001085,-0.00279017,0.000332678,-0.00373709,0.000497122,0.00378466,638,638,638,50.0,-85.7219,-20.0962,0.00138758,0.00162017,0.00250201,-0.00371498,-0.00225873,-0.0057448,0,0,0,0,0,0,-1.35202,-0.556793,-0.926501,-2110490.0,971451.0,6897740.0,7078.28,310.476,2122.02,-2110510.0,971455.0,6897730.0,7076.96,311.206,2123.11,7270200.0,0.0011422,98.0424,-179.914,-106.754,179.91,8,1,1443356393,303593,2386,532008,0.819634,0.180366,240.419,1,0.0,0,0,0,0,0.000332678,-0.00373709,0.000497122,0.00378466,1,0,638.0,0.00317108,0.0775518,0.421261,-0.000923291,0.903617,-2.5129e-05,9.50418e-06,3.09585e-05,-2.5129e-05,-9.50418e-06,-3.09585e-05,638,-0.124893,-0.5461,7.24858e-05,-0.83772,1,0,0,2,2,0,0,0,0,0,1,1,1,638,0.00219077,10_36.0_50,Firesat_Attack_RWA,2025-08-28 20:59:17.074,2025-08-28 20:59:16.944,2071-06-24 12:19:35,-39.60679620822891,71.25475027585458,36.0,50.0,attack_rwa,Firesat_Attack_RWA_10_36.0_50,RWA
639,2025,10,0,12,19,54,1.24454,-0.692723,900372,76.5311,-68.5336,102.0,0.0,0.0,0.0,0.064142,-0.864464,-0.0435285,-0.496683,0.131133,-0.00123959,0.000167634,-0.991364,-2103420.0,971779.0,6899850.0,7079.14,309.821,2116.17,-0.0022672,-0.0016599,-0.00252165,0.000325209,-0.00378329,0.000493196,0.00382914,639,639,639,50.0,-85.6503,-20.2425,0.00221113,0.00321398,0.00184104,-0.00456076,-0.00384649,-0.00514365,0,0,0,0,0,0,-1.35397,-0.556332,-0.923221,-2103420.0,971765.0,6899850.0,7080.42,309.501,2114.88,-2103420.0,971779.0,6899850.0,7079.14,309.821,2116.17,7270120.0,0.00115412,98.0425,-179.914,-106.73,179.944,8,1,1443356394,303594,2386,532028,0.819665,0.180335,241.806,1,0.0,0,0,0,0,0.000325209,-0.00378329,0.000493196,0.00382914,1,0,639.0,0.00439109,0.077509,0.423242,-0.0011339,0.902695,-2.50612e-05,9.52472e-06,3.10146e-05,-2.50612e-05,-9.52472e-06,-3.10146e-05,639,-0.12489,-0.549717,0.000510495,-0.835351,0,0,0,2,2,0,0,0,0,0,1,1,1,639,0.00280988,10_36.0_50,Firesat_Attack_RWA,2025-08-28 20:59:17.074,2025-08-28 20:59:16.944,2071-06-24 12:19:36,-39.69010427164093,71.30688943521147,36.0,50.0,attack_rwa,Firesat_Attack_RWA_10_36.0_50,RWA
640,2025,10,0,12,19,55,1.24546,-0.694187,900371,76.5311,-68.5336,102.0,0.0,0.0,0.0,0.0637896,-0.865385,-0.0435236,-0.495122,0.131169,-0.00123959,0.000167679,-0.991359,-2096320.0,972089.0,6901970.0,7080.98,309.145,2109.05,-0.00320406,-0.0015276,-0.00307336,0.000327663,-0.00380054,0.000481448,0.0038449,640,640,640,50.0,-85.6428,-20.3616,0.00415182,0.00262031,0.00326711,-0.00649832,-0.00324272,-0.00658342,0,0,0,0,0,0,-1.35594,-0.556449,-0.919722,-2096340.0,972081.0,6901960.0,7082.61,308.547,2107.74,-2096320.0,972089.0,6901970.0,7080.98,309.145,2109.05,7270150.0,0.00114897,98.0427,-179.913,-106.76,-179.967,8,1,1443356395,303595,2386,532049,0.819696,0.180304,243.201,1,0.0,0,0,0,0,0.000327663,-0.00380054,0.000481448,0.0038449,1,0,640.0,0.00369258,0.0772175,0.424892,-0.000935781,0.901945,-2.49923e-05,9.54494e-06,3.10713e-05,-2.49923e-05,-9.54494e-06,-3.10713e-05,640,-0.124883,-0.552757,0.000974574,-0.833342,0,0,0,2,2,0,0,0,0,0,1,1,1,640,0.00354959,10_36.0_50,Firesat_Attack_RWA,2025-08-28 20:59:17.074,2025-08-28 20:59:16.944,2071-06-24 12:19:37,-39.77398529284808,71.35960155236351,36.0,50.0,attack_rwa,Firesat_Attack_RWA_10_36.0_50,RWA
641,2025,10,0,12,19,56,1.24637,-0.695658,900373,76.5311,-68.5336,102.0,0.0,0.0,0.0,0.064854,-0.866018,-0.0434812,-0.493879,0.131205,-0.00123958,0.000167724,-0.991354,-2089280.0,972395.0,6904070.0,7083.27,308.376,2101.91,-0.00171943,-0.000407673,-0.00222549,0.000352589,-0.00382836,0.000486271,0.00387519,641,641,641,50.0,-85.6119,-20.5421,0.000670028,0.000813108,0.00146183,-0.00304909,-0.00145196,-0.00476644,0,0,0,0,0,0,-1.35793,-0.557871,-0.915784,-2089250.0,972393.0,6904070.0,7084.79,307.568,2100.62,-2089280.0,972395.0,6904070.0,7083.27,308.376,2101.91,7270210.0,0.00114204,98.0428,-179.913,-106.633,179.964,8,1,1443356396,303596,2386,532069,0.819728,0.180272,244.601,1,0.0,0,0,0,0,0.000352589,-0.00382836,0.000486271,0.00387519,1,0,641.0,0.00351036,0.0780651,0.426123,-0.00158103,0.90129,-2.49226e-05,9.56549e-06,3.11282e-05,-2.49226e-05,-9.56549e-06,-3.11282e-05,641,-0.12488,-0.554988,0.000195774,-0.831858,0,0,0,2,2,0,0,0,0,0,1,1,1,641,0.0017671,10_36.0_50,Firesat_Attack_RWA,2025-08-28 20:59:17.074,2025-08-28 20:59:16.944,2071-06-24 12:19:38,-39.85826738451182,71.41174071172041,36.0,50.0,attack_rwa,Firesat_Attack_RWA_10_36.0_50,RWA
642,2025,10,0,12,19,57,1.24728,-0.697132,900376,76.5311,-68.5336,102.0,0.0,0.0,0.0,0.0645002,-0.867238,-0.0436977,-0.49176,0.131241,-0.00123958,0.000167769,-0.99135,-2082170.0,972710.0,6906170.0,7085.01,306.949,2094.74,-0.0024395,-0.00152449,-0.00306066,0.000336461,-0.00389075,0.000468823,0.00393331,642,642,642,50.0,-85.504,-20.6422,0.00245535,0.00361739,0.00333602,-0.0048381,-0.00423256,-0.00673126,0,0,0,0,0,0,-1.35994,-0.556981,-0.912493,-2082180.0,972702.0,6906170.0,7086.86,306.577,2093.48,-2082170.0,972710.0,6906170.0,7085.01,306.949,2094.74,7270050.0,0.00116342,98.0428,-179.913,-106.577,179.966,8,1,1443356397,303597,2386,532089,0.819759,0.180241,246.014,1,0.0,0,0,0,0,0.000336461,-0.00389075,0.000468823,0.00393331,1,0,642.0,0.00495993,0.0778994,0.428338,-0.00120068,0.900254,-2.48514e-05,9.58597e-06,3.11861e-05,-2.48514e-05,-9.58597e-06,-3.11861e-05,642,-0.124879,-0.559086,0.000314422,-0.82911,0,0,0,2,2,0,0,0,0,0,1,1,1,642,0.00287667,10_36.0_50,Firesat_Attack_RWA,2025-08-28 20:59:17.074,2025-08-28 20:59:16.944,2071-06-24 12:19:39,-39.9427213635141,71.46387987107731,36.0,50.0,attack_rwa,Firesat_Attack_RWA_10_36.0_50,RWA
643,2025,10,0,12,19,58,1.24819,-0.698617,900380,76.5311,-68.5336,102.0,0.0,0.0,0.0,0.0647918,-0.868163,-0.0437563,-0.490082,0.131278,-0.00123957,0.000167815,-0.991345,-2075080.0,973003.0,6908270.0,7087.52,306.331,2087.78,-0.00219913,-0.00147783,-0.00306894,0.000340909,-0.00390149,0.000473349,0.00394486,643,643,643,50.0,-85.5105,-20.8258,0.00205991,0.00318504,0.00346995,-0.00446887,-0.00380791,-0.00686894,0,0,0,0,0,0,-1.36197,-0.557278,-0.908789,-2075090.0,973010.0,6908260.0,7089.02,305.587,2086.37,-2075080.0,973003.0,6908270.0,7087.52,306.331,2087.78,7270100.0,0.0011582,98.0429,-179.913,-106.383,179.83,8,1,1443356398,303598,2386,532110,0.819791,0.180209,247.437,1,0.0,0,0,0,0,0.000340909,-0.00390149,0.000473349,0.00394486,1,0,643.0,0.00387756,0.0781719,0.430058,-0.00132001,0.89941,-2.47789e-05,9.60607e-06,3.12448e-05,-2.47789e-05,-9.60607e-06,-3.12448e-05,643,-0.124877,-0.562234,9.59591e-05,-0.826978,1,0,0,2,2,0,0,0,0,0,1,1,1,643,0.00264956,10_36.0_50,Firesat_Attack_RWA,2025-08-28 20:59:17.074,2025-08-28 20:59:16.944,2071-06-24 12:19:40,-40.02780559609104,71.51601903043422,36.0,50.0,attack_rwa,Firesat_Attack_RWA_10_36.0_50,RWA
644,2025,10,0,12,19,59,1.2491,-0.700108,900381,76.5311,-68.5336,102.0,0.0,0.0,0.0,0.0650581,-0.869064,-0.0436995,-0.488453,0.131314,-0.00123956,0.00016786,-0.99134,-2067980.0,973310.0,6910330.0,7089.6,305.278,2080.41,-0.00212246,-0.00128651,-0.0029157,0.00034009,-0.00392016,0.000478797,0.00396391,644,644,644,50.0,-85.4997,-21.0135,0.00188748,0.00285091,0.00293205,-0.00432763,-0.00348025,-0.00635153,0,0,0,0,0,0,-1.36401,-0.55729,-0.905145,-2067990.0,973312.0,6910350.0,7091.19,304.557,2079.24,-2067980.0,973310.0,6910330.0,7089.6,305.278,2080.41,7270150.0,0.00115097,98.0428,-179.913,-106.303,179.808,8,1,1443356399,303599,2386,532131,0.819823,0.180177,248.861,1,0.0,0,0,0,0,0.00034009,-0.00392016,0.000478797,0.00396391,1,0,644.0,0.00376327,0.0783575,0.43173,-0.00151921,0.898592,-2.47058e-05,9.62634e-06,3.13036e-05,-2.47058e-05,-9.62634e-06,-3.13036e-05,644,-0.124881,-0.565274,0.00010497,-0.824903,1,0,0,2,2,0,0,0,0,0,1,1,1,644,0.00248192,10_36.0_50,Firesat_Attack_RWA,2025-08-28 20:59:17.074,2025-08-28 20:59:16.944,2071-06-24 12:19:41,-40.11323360334504,71.56815818979113,36.0,50.0,attack_rwa,Firesat_Attack_RWA_10_36.0_50,RWA
645,2025,10,0,12,20,0,1.25002,-0.701606,900377,76.5311,-68.5336,102.0,0.0,0.0,0.0,0.0652066,-0.869963,-0.0433779,-0.486859,0.13135,-0.00123956,0.000167905,-0.991335,-2060910.0,973606.0,6912430.0,7091.7,304.011,2073.48,-0.0025117,-0.000986738,-0.00241874,0.00033704,-0.00394606,0.000477658,0.00398912,645,645,645,50.0,-85.473,-21.1781,0.00277761,0.00220025,0.0019429,-0.00523945,-0.00282826,-0.00539395,0,0,0,0,0,0,-1.36606,-0.557189,-0.901502,-2060900.0,973614.0,6912420.0,7093.33,303.538,2072.08,-2060910.0,973606.0,6912430.0,7091.7,304.011,2073.48,7270160.0,0.00114951,98.0427,-179.913,-106.47,-179.966,8,1,1443356400,303600,2386,532151,0.819855,0.180145,250.289,1,0.0,0,0,0,0,0.00033704,-0.00394606,0.000477658,0.00398912,1,0,645.0,0.00372868,0.0782947,0.433381,-0.00186789,0.897801,-2.46318e-05,9.64656e-06,3.13627e-05,-2.46318e-05,-9.64656e-06,-3.13627e-05,645,-0.124882,-0.568236,0.000694068,-0.822866,1,0,0,2,2,0,0,0,0,0,1,1,1,645,0.00269857,10_36.0_50,Firesat_Attack_RWA,2025-08-28 20:59:17.074,2025-08-28 20:59:16.944,2071-06-24 12:19:42,-40.19906268105564,71.62087030694316,36.0,50.0,attack_rwa,Firesat_Attack_RWA_10_36.0_50,RWA
646,2025,10,0,12,20,1,1.25093,-0.703112,900381,76.5311,-68.5336,102.0,0.0,0.0,0.0,0.0653905,-0.870972,-0.0437201,-0.484995,0.131386,-0.00123955,0.00016795,-0.991331,-2053830.0,973928.0,6914480.0,7093.83,302.95,2066.05,-0.00218518,-0.00132459,-0.00299303,0.000344396,-0.00398386,0.000464318,0.00402559,646,646,646,50.0,-85.4196,-21.2989,0.00178278,0.00336497,0.0029923,-0.00424805,-0.00398348,-0.00647053,0,0,0,0,0,0,-1.36813,-0.557706,-0.897623,-2053810.0,973916.0,6914490.0,7095.42,302.52,2064.95,-2053830.0,973928.0,6914480.0,7093.83,302.95,2066.05,7270090.0,0.00115899,98.0427,-179.913,-106.311,179.934,8,1,1443356401,303601,2386,532172,0.819887,0.180113,251.725,1,0.0,0,0,0,0,0.000344396,-0.00398386,0.000464318,0.00402559,1,0,646.0,0.00431028,0.0786416,0.435277,-0.00169303,0.896854,-2.45567e-05,9.66663e-06,3.14225e-05,-2.45567e-05,-9.66663e-06,-3.14225e-05,646,-0.124884,-0.571732,8.40511e-05,-0.820441,1,0,0,2,2,0,0,0,0,0,1,1,1,646,0.0025553,10_36.0_50,Firesat_Attack_RWA,2025-08-28 20:59:17.074,2025-08-28 20:59:16.944,2071-06-24 12:19:43,-40.28535012500234,71.67300946630007,36.0,50.0,attack_rwa,Firesat_Attack_RWA_10_36.0_50,RWA
647,2025,10,0,12,20,2,1.25183,-0.704627,900382,76.5311,-68.5336,102.0,0.0,0.0,0.0,0.0654022,-0.871946,-0.0434939,-0.483261,0.131422,-0.00123954,0.000167995,-0.991326,-2046710.0,974212.0,6916560.0,7095.87,301.772,2059.1,-0.00271569,-0.00131735,-0.00275807,0.00034044,-0.00400154,0.000463775,0.00404269,647,647,647,50.0,-85.4106,-21.4684,0.00320175,0.00286745,0.00284465,-0.00568717,-0.00348487,-0.00634738,0,0,0,0,0,0,-1.37021,-0.557592,-0.8939,-2046720.0,974221.0,6916550.0,7097.5,301.539,2057.79,-2046710.0,974212.0,6916560.0,7095.87,301.772,2059.1,7270020.0,0.0011691,98.0428,-179.913,-106.326,-179.994,8,1,1443356402,303602,2386,532193,0.819919,0.180081,253.167,1,0.0,0,0,0,0,0.00034044,-0.00400154,0.000463775,0.00404269,1,0,647.0,0.00400297,0.0785214,0.43707,-0.00188501,0.895992,-2.44806e-05,9.68654e-06,3.14827e-05,-2.44806e-05,-9.68654e-06,-3.14827e-05,647,-0.124881,-0.574955,0.000638685,-0.818185,1,0,0,2,2,0,0,0,0,0,1,1,1,647,0.00301834,10_36.0_50,Firesat_Attack_RWA,2025-08-28 20:59:17.074,2025-08-28 20:59:16.944,2071-06-24 12:19:44,-40.372153230964656,71.72457566786184,36.0,50.0,attack_rwa,Firesat_Attack_RWA_10_36.0_50,RWA
648,2025,10,0,12,20,3,1.25274,-0.706149,900387,76.5311,-68.5336,102.0,0.0,0.0,0.0,0.0656643,-0.872993,-0.0436642,-0.481316,0.131458,-0.00123954,0.000168041,-0.991321,-2039620.0,974529.0,6918620.0,7098.02,301.04,2051.83,-0.00242479,-0.00174612,-0.00294226,0.000352326,-0.00402742,0.000460594,0.00406895,648,648,648,50.0,-85.3835,-21.6289,0.00217101,0.00384499,0.00292827,-0.00467504,-0.0044655,-0.00643854,0,0,0,0,0,0,-1.3723,-0.55841,-0.889854,-2039620.0,974520.0,6918610.0,7099.63,300.513,2050.69,-2039620.0,974529.0,6918620.0,7098.02,301.04,2051.83,7270090.0,0.00115948,98.0427,-179.913,-106.054,179.793,8,1,1443356403,303603,2386,532214,0.819952,0.180048,254.613,1,0.0,0,0,0,0,0.000352326,-0.00402742,0.000460594,0.00406895,1,0,648.0,0.00446025,0.0788337,0.439042,-0.00189589,0.894999,-2.44036e-05,9.70652e-06,3.15432e-05,-2.44036e-05,-9.70652e-06,-3.15432e-05,648,-0.124884,-0.578551,0.00027885,-0.815646,1,0,0,2,2,0,0,0,0,0,1,1,1,648,0.00298807,10_36.0_50,Firesat_Attack_RWA,2025-08-28 20:59:17.074,2025-08-28 20:59:16.944,2071-06-24 12:19:45,-40.45935740738357,71.77671482721875,36.0,50.0,attack_rwa,Firesat_Attack_RWA_10_36.0_50,RWA
649,2025,10,0,12,20,4,1.25365,-0.70768,900389,76.5311,-68.5336,102.0,0.0,0.0,0.0,0.0657865,-0.87388,-0.0435274,-0.479699,0.131494,-0.00123953,0.000168086,-0.991316,-2032520.0,974808.0,6920640.0,7100.22,300.406,2044.86,-0.00267878,-0.0014024,-0.00277682,0.000352542,-0.00403623,0.000459016,0.00407751,649,649,649,50.0,-85.3944,-21.7957,0.00296787,0.00309053,0.00296869,-0.00548682,-0.00371072,-0.00648755,0,0,0,0,0,0,-1.37439,-0.558576,-0.885981,-2032520.0,974822.0,6920660.0,7101.72,299.519,2043.54,-2032520.0,974808.0,6920640.0,7100.22,300.406,2044.86,7270080.0,0.00116229,98.0427,-179.913,-105.987,179.784,8,1,1443356404,303604,2386,532236,0.819985,0.180015,256.061,1,0.0,0,0,0,0,0.000352542,-0.00403623,0.000459016,0.00407751,1,0,649.0,0.00370834,0.0788555,0.440697,-0.00207804,0.894183,-2.4326e-05,9.72658e-06,3.16038e-05,-2.4326e-05,-9.72658e-06,-3.16038e-05,649,-0.124883,-0.581524,0.00056716,-0.813529,1,0,0,2,2,0,0,0,0,0,1,1,1,649,0.00302367,10_36.0_50,Firesat_Attack_RWA,2025-08-28 20:59:17.074,2025-08-28 20:59:16.944,2071-06-24 12:19:46,-40.547077245818095,71.82885398657565,36.0,50.0,attack_rwa,Firesat_Attack_RWA_10_36.0_50,RWA
650,2025,10,0,12,20,5,1.25456,-0.709217,900384,76.5311,-68.5336,102.0,0.0,0.0,0.0,0.0661682,-0.874951,-0.0435551,-0.477687,0.131531,-0.00123953,0.000168131,-0.991311,-2025430.0,975115.0,6922710.0,7102.19,299.034,2037.69,-0.00231949,-0.00190147,-0.00258685,0.00036118,-0.00406033,0.000456841,0.00410189,650,650,650,50.0,-85.3713,-21.9608,0.00190446,0.00370856,0.00233525,-0.00444357,-0.00433157,-0.00586505,0,0,0,0,0,0,-1.37649,-0.559248,-0.881925,-2025420.0,975115.0,6922690.0,7103.8,298.472,2036.35,-2025430.0,975115.0,6922710.0,7102.19,299.034,2037.69,7270000.0,0.0011714,98.0426,-179.913,-106.237,-179.908,8,1,1443356405,303605,2386,532257,0.820018,0.179982,257.51,1,0.0,0,0,0,0,0.00036118,-0.00406033,0.000456841,0.00410189,1,0,650.0,0.00462091,0.079184,0.442728,-0.00227433,0.89315,-2.42477e-05,9.74671e-06,3.16646e-05,-2.42477e-05,-9.74671e-06,-3.16646e-05,650,-0.124887,-0.585189,0.000370356,-0.810897,1,0,0,2,2,0,0,0,0,0,1,1,1,650,0.00299927,10_36.0_50,Firesat_Attack_RWA,2025-08-28 20:59:17.074,2025-08-28 20:59:16.944,2071-06-24 12:19:47,-40.6351408589297,71.88099314593255,36.0,50.0,attack_rwa,Firesat_Attack_RWA_10_36.0_50,RWA
651,2025,10,0,12,20,6,1.25547,-0.710764,900394,76.5311,-68.5336,102.0,0.0,0.0,0.0,0.0661006,-0.875808,-0.0438665,-0.476096,0.131567,-0.00123952,0.000168176,-0.991307,-2018320.0,975430.0,6924740.0,7104.4,298.061,2030.52,-0.00247833,-0.0015042,-0.00338846,0.000357774,-0.00407209,0.000447582,0.00411221,651,651,651,50.0,-85.3755,-22.1003,0.00218319,0.00277769,0.00387801,-0.00472404,-0.00339083,-0.00742527,0,0,0,0,0,0,-1.37859,-0.559241,-0.878049,-2018320.0,975415.0,6924740.0,7105.86,297.479,2029.26,-2018320.0,975430.0,6924740.0,7104.4,298.061,2030.52,7270010.0,0.00117233,98.0427,-179.913,-105.791,179.704,8,1,1443356406,303606,2386,532279,0.820051,0.179949,258.962,1,0.0,0,0,0,0,0.000357774,-0.00407209,0.000447582,0.00411221,1,0,651.0,0.00366982,0.0793073,0.444342,-0.00198044,0.892338,-2.41686e-05,9.76674e-06,3.17256e-05,-2.41686e-05,-9.76674e-06,-3.17256e-05,651,-0.124887,-0.588145,1.46148e-05,-0.808756,1,0,0,2,2,0,0,0,0,0,1,1,1,651,0.00289909,10_36.0_50,Firesat_Attack_RWA,2025-08-28 20:59:17.074,2025-08-28 20:59:16.944,2071-06-24 12:19:48,-40.72377742983644,71.93313230528946,36.0,50.0,attack_rwa,Firesat_Attack_RWA_10_36.0_50,RWA
652,2025,10,0,12,20,7,1.25637,-0.712321,900398,76.5311,-68.5336,102.0,0.0,0.0,0.0,0.066412,-0.876881,-0.0439012,-0.47407,0.131603,-0.00123951,0.000168221,-0.991302,-2011220.0,975714.0,6926770.0,7106.37,296.941,2023.31,-0.00223063,-0.0019844,-0.00326211,0.000357448,-0.004102,0.000456613,0.00414279,652,652,652,50.0,-85.3394,-22.3089,0.00188542,0.00380961,0.00364006,-0.00447074,-0.00443325,-0.00721871,0,0,0,0,0,0,-1.3807,-0.559428,-0.874082,-2011220.0,975718.0,6926760.0,7107.92,296.509,2022.11,-2011220.0,975714.0,6926770.0,7106.37,296.941,2023.31,7269980.0,0.00117634,98.0428,-179.913,-105.624,179.595,8,1,1443356407,303607,2386,532300,0.820084,0.179916,260.417,1,0.0,0,0,0,0,0.000357448,-0.004102,0.000456613,0.00414279,1,0,652.0,0.00462932,0.0795822,0.446384,-0.00213056,0.891293,-2.40888e-05,9.78667e-06,3.17869e-05,-2.40888e-05,-9.78667e-06,-3.17869e-05,652,-0.124882,-0.591818,-0.000128605,-0.806072,1,0,0,2,2,0,0,0,0,0,1,1,1,652,0.00298556,10_36.0_50,Firesat_Attack_RWA,2025-08-28 20:59:17.074,2025-08-28 20:59:16.944,2071-06-24 12:19:49,-40.81298695853831,71.98469850685123,36.0,50.0,attack_rwa,Firesat_Attack_RWA_10_36.0_50,RWA
653,2025,10,0,12,20,8,1.25728,-0.713883,900401,76.5311,-68.5336,102.0,0.0,0.0,0.0,0.0663706,-0.877951,-0.0437164,-0.472108,0.131639,-0.00123951,0.000168267,-0.991297,-2004110.0,976019.0,6928770.0,7108.32,296.177,2016.22,-0.00282106,-0.00232286,-0.0030987,0.000352806,-0.00411363,0.000462117,0.00415451,653,653,653,50.0,-85.3444,-22.5056,0.00308734,0.00428931,0.00302717,-0.00570301,-0.00491783,-0.00662513,0,0,0,0,0,0,-1.38282,-0.55938,-0.870152,-2004110.0,976013.0,6928780.0,7109.97,295.495,2014.96,-2004110.0,976019.0,6928770.0,7108.32,296.177,2016.22,7269940.0,0.00118312,98.0428,-179.913,-105.519,179.548,8,1,1443356408,303608,2386,532322,0.820118,0.179882,261.875,1,0.0,0,0,0,0,0.000352806,-0.00411363,0.000462117,0.00415451,1,0,653.0,0.00448517,0.0794423,0.448385,-0.00225824,0.8903,-2.4008e-05,9.80668e-06,3.18485e-05,-2.4008e-05,-9.80668e-06,-3.18485e-05,653,-0.124883,-0.595386,0.000426471,-0.803439,1,0,0,2,2,0,0,0,0,0,1,1,1,653,0.00365432,10_36.0_50,Firesat_Attack_RWA,2025-08-28 20:59:17.074,2025-08-28 20:59:16.944,2071-06-24 12:19:50,-40.90248296613776,72.03683766620814,36.0,50.0,attack_rwa,Firesat_Attack_RWA_10_36.0_50,RWA
654,2025,10,0,12,20,9,1.25818,-0.715456,900398,76.5311,-68.5336,102.0,0.0,0.0,0.0,0.0666936,-0.878764,-0.0435669,-0.470561,0.131675,-0.0012395,0.000168312,-0.991292,-1996990.0,976320.0,6930790.0,7110.55,294.655,2008.97,-0.00273712,-0.00163988,-0.00272537,0.00036239,-0.00411726,0.000460724,0.00415878,654,654,654,50.0,-85.3673,-22.6768,0.00272147,0.00236899,0.00225829,-0.00535099,-0.00300172,-0.00584442,0,0,0,0,0,0,-1.38494,-0.560175,-0.865946,-1997000.0,976312.0,6930790.0,7112.03,294.513,2007.77,-1996990.0,976320.0,6930790.0,7110.55,294.655,2008.97,7269910.0,0.00118606,98.0429,-179.913,-105.689,179.777,8,1,1443356409,303609,2386,532344,0.820151,0.179849,263.331,1,0.0,0,0,0,0,0.00036239,-0.00411726,0.000460724,0.00415878,1,0,654.0,0.00356686,0.0796211,0.449939,-0.00256597,0.889499,-2.39267e-05,9.82677e-06,3.191e-05,-2.39267e-05,-9.82677e-06,-3.191e-05,654,-0.124879,-0.598143,0.00056648,-0.801389,1,0,0,2,2,0,0,0,0,0,1,1,1,654,0.00319078,10_36.0_50,Firesat_Attack_RWA,2025-08-28 20:59:17.074,2025-08-28 20:59:16.944,2071-06-24 12:19:51,-40.992609227311824,72.08840386776993,36.0,50.0,attack_rwa,Firesat_Attack_RWA_10_36.0_50,RWA
655,2025,10,0,12,20,10,1.25909,-0.717037,900400,76.5311,-68.5336,102.0,0.0,0.0,0.0,0.0671042,-0.879603,-0.0438413,-0.468908,0.131711,-0.0012395,0.000168357,-0.991287,-1989890.0,976589.0,6932830.0,7112.47,294.159,2001.67,-0.00209768,-0.00118773,-0.00299998,0.000367742,-0.00415606,0.000449905,0.00419649,655,655,655,50.0,-85.3119,-22.8137,0.00161978,0.00141975,0.00331805,-0.00426024,-0.00204501,-0.0069357,0,0,0,0,0,0,-1.38706,-0.560749,-0.861773,-1989890.0,976607.0,6932800.0,7114.11,293.51,2000.62,-1989890.0,976589.0,6932830.0,7112.47,294.159,2001.67,7269950.0,0.00118104,98.0429,-179.913,-105.567,179.713,8,1,1443356410,303610,2386,532366,0.820185,0.179815,264.79,1,0.0,0,0,0,0,0.000367742,-0.00415606,0.000449905,0.00419649,1,0,655.0,0.00383731,0.0801149,0.451574,-0.00257673,0.888626,-2.38447e-05,9.84691e-06,3.19717e-05,-2.38447e-05,-9.84691e-06,-3.19717e-05,655,-0.124879,-0.601101,-0.000124703,-0.799173,1,0,0,2,2,0,0,0,0,0,1,1,1,655,0.0024106,10_36.0_50,Firesat_Attack_RWA,2025-08-28 20:59:17.074,2025-08-28 20:59:16.944,2071-06-24 12:19:52,-41.08319385472201,72.14054302712682,36.0,50.0,attack_rwa,Firesat_Attack_RWA_10_36.0_50,RWA
656,2025,10,0,12,20,11,1.25999,-0.718624,900412,76.5311,-68.5336,102.0,0.0,0.0,0.0,0.0669616,-0.88065,-0.043526,-0.466987,0.131747,-0.00123949,0.000168402,-0.991283,-1982770.0,976907.0,6934810.0,7114.6,292.861,1994.81,-0.00299617,-0.00133643,-0.00270529,0.000358934,-0.00421166,0.000449786,0.00425079,656,656,656,50.0,-85.219,-22.9928,0.00327887,0.00266492,0.00219363,-0.0059585,-0.0032873,-0.00588295,0,0,0,0,0,0,-1.38921,-0.560521,-0.857778,-1982770.0,976894.0,6934810.0,7116.15,292.46,1993.55,-1982770.0,976907.0,6934810.0,7114.6,292.861,1994.81,7270010.0,0.00117477,98.0427,-179.913,-104.978,179.182,8,1,1443356411,303611,2386,532388,0.820219,0.179781,266.262,1,0.0,0,0,0,0,0.000358934,-0.00421166,0.000449786,0.00425079,1,0,656.0,0.00443019,0.0798172,0.453534,-0.00275314,0.887654,-2.37609e-05,9.86685e-06,3.20344e-05,-2.37609e-05,-9.86685e-06,-3.20344e-05,656,-0.124886,-0.604557,0.000753789,-0.796562,1,0,0,2,2,0,0,0,0,0,1,1,1,656,0.00328072,10_36.0_50,Firesat_Attack_RWA,2025-08-28 20:59:17.074,2025-08-28 20:59:16.944,2071-06-24 12:19:53,-41.17412225680928,72.1921092286886,36.0,50.0,attack_rwa,Firesat_Attack_RWA_10_36.0_50,RWA
657,2025,10,0,12,20,12,1.2609,-0.720223,900412,76.5311,-68.5336,102.0,0.0,0.0,0.0,0.067118,-0.881737,-0.0438722,-0.464876,0.131784,-0.00123948,0.000168447,-0.991278,-1975640.0,977181.0,6936790.0,7116.59,291.973,1987.57,-0.00273561,-0.00190391,-0.00325463,0.000370347,-0.00424616,0.000437288,0.00428465,657,657,657,50.0,-85.1728,-23.1283,0.00283404,0.00391053,0.0038757,-0.00552053,-0.00452657,-0.00758243,0,0,0,0,0,0,-1.39139,-0.561502,-0.853347,-1975650.0,977190.0,6936800.0,7118.2,291.479,1986.37,-1975640.0,977181.0,6936790.0,7116.59,291.973,1987.57,7270010.0,0.00117436,98.0428,-179.913,-105.004,179.266,8,1,1443356412,303612,2386,532410,0.820254,0.179746,267.745,1,0.0,0,0,0,0,0.000370347,-0.00424616,0.000437288,0.00428465,1,0,657.0,0.00480885,0.0801439,0.455635,-0.00255931,0.886548,-2.36757e-05,9.88662e-06,3.20979e-05,-2.36757e-05,-9.88662e-06,-3.20979e-05,657,-0.124883,-0.608346,0.000195276,-0.793672,1,0,0,2,2,0,0,0,0,0,1,1,1,657,0.00333293,10_36.0_50,Firesat_Attack_RWA,2025-08-28 20:59:17.074,2025-08-28 20:59:16.944,2071-06-24 12:19:54,-41.26573820825069,72.24424838804549,36.0,50.0,attack_rwa,Firesat_Attack_RWA_10_36.0_50,RWA
658,2025,10,0,12,20,13,1.2618,-0.721828,900408,76.5311,-68.5336,102.0,0.0,0.0,0.0,0.0673162,-0.882682,-0.0438753,-0.463051,0.13182,-0.00123948,0.000168492,-0.991273,-1968520.0,977468.0,6938780.0,7118.68,291.031,1980.56,-0.00273617,-0.0017564,-0.00322083,0.000375658,-0.00425811,0.000443626,0.0042976,658,658,658,50.0,-85.1768,-23.3339,0.00270178,0.00330669,0.00359663,-0.00542159,-0.00393321,-0.00730708,0,0,0,0,0,0,-1.39357,-0.562152,-0.84898,-1968530.0,977476.0,6938780.0,7120.28,290.433,1979.19,-1968520.0,977468.0,6938780.0,7118.68,291.031,1980.56,7270070.0,0.00116594,98.0427,-179.913,-105.159,179.48,8,1,1443356413,303613,2386,532433,0.820288,0.179712,269.231,1,0.0,0,0,0,0,0.000375658,-0.00425811,0.000443626,0.0042976,1,0,658.0,0.00412962,0.080308,0.457456,-0.00267038,0.885595,-2.35895e-05,9.90658e-06,3.21615e-05,-2.35895e-05,-9.90658e-06,-3.21615e-05,658,-0.124887,-0.61158,0.000198723,-0.791183,1,0,0,2,2,0,0,0,0,0,1,1,1,658,0.0032514,10_36.0_50,Firesat_Attack_RWA,2025-08-28 20:59:17.074,2025-08-28 20:59:16.944,2071-06-24 12:19:55,-41.35769793436919,72.29581458960728,36.0,50.0,attack_rwa,Firesat_Attack_RWA_10_36.0_50,RWA
659,2025,10,0,12,20,14,1.2627,-0.723442,900408,76.5311,-68.5336,102.0,0.0,0.0,0.0,0.0676547,-0.883511,-0.0439305,-0.461413,0.131856,-0.00123947,0.000168538,-0.991268,-1961420.0,977769.0,6940760.0,7120.61,289.725,1973.41,-0.00243983,-0.00114004,-0.00318014,0.000379042,-0.00428161,0.000446679,0.0043215,659,659,659,50.0,-85.1555,-23.528,0.00184831,0.00204402,0.00314031,-0.0046004,-0.00267672,-0.00686957,0,0,0,0,0,0,-1.39575,-0.562712,-0.844608,-1961410.0,977763.0,6940750.0,7122.31,289.405,1972.02,-1961420.0,977769.0,6940760.0,7120.61,289.725,1973.41,7270070.0,0.00116571,98.0426,-179.913,-105.152,179.531,8,1,1443356414,303614,2386,532455,0.820323,0.179677,270.718,1,0.0,0,0,0,0,0.000379042,-0.00428161,0.000446679,0.0043215,1,0,659.0,0.00373499,0.080617,0.459074,-0.00281936,0.884728,-2.35025e-05,9.92674e-06,3.22253e-05,-2.35025e-05,-9.92674e-06,-3.22253e-05,659,-0.124889,-0.614453,-2.68509e-05,-0.788953,1,0,0,2,2,0,0,0,0,0,1,1,1,659,0.00269304,10_36.0_50,Firesat_Attack_RWA,2025-08-28 20:59:17.074,2025-08-28 20:59:16.944,2071-06-24 12:19:56,-41.4501733225033,72.34738079116904,36.0,50.0,attack_rwa,Firesat_Attack_RWA_10_36.0_50,RWA
660,2025,10,0,12,20,15,1.2636,-0.725065,900412,76.5311,-68.5336,102.0,0.0,0.0,0.0,0.0676729,-0.88472,-0.0437614,-0.459104,0.131892,-0.00123947,0.000168583,-0.991263,-1954290.0,978057.0,6942720.0,7122.61,288.82,1966.18,-0.00290842,-0.00203033,-0.00290489,0.000372451,-0.00432889,0.000444242,0.00436753,660,660,660,50.0,-85.0814,-23.7037,0.00300689,0.00427731,0.00264195,-0.00579173,-0.00490572,-0.00643067,0,0,0,0,0,0,-1.39796,-0.562708,-0.840354,-1954290.0,978055.0,6942720.0,7124.29,288.414,1964.86,-1954290.0,978057.0,6942720.0,7122.61,288.82,1966.18,7270010.0,0.00117505,98.0427,-179.913,-104.997,179.434,8,1,1443356415,303615,2386,532478,0.820358,0.179642,272.213,1,0.0,0,0,0,0,0.000372451,-0.00432889,0.000444242,0.00436753,1,0,660.0,0.00522317,0.0805349,0.461389,-0.0029684,0.88353,-2.34141e-05,9.94681e-06,3.22897e-05,-2.34141e-05,-9.94681e-06,-3.22897e-05,660,-0.124887,-0.618524,0.000492737,-0.785766,1,0,0,2,2,0,0,0,0,0,1,1,1,660,0.00354699,10_36.0_50,Firesat_Attack_RWA,2025-08-28 20:59:17.074,2025-08-28 20:59:16.944,2071-06-24 12:19:57,-41.54316437265303,72.39894699273083,36.0,50.0,attack_rwa,Firesat_Attack_RWA_10_36.0_50,RWA
